35	1	283.608	605.893	5	2	1691
35	2	290.706	613.843	5	2	1691
35	3	302.913	602.77	8	2	1691
35	4	302.629	627.755	8	2	1691
38	5	354.865	650.185	16	1	1660
38	6	365.653	676.874	20	1	1658
36	7	311.998	470.461	10	1	1606
36	8	296.951	477.559	13	1	1606
36	9	299.222	484.941	16	1	1606
36	10	285.028	476.14	16	1	1606
36	11	286.163	492.04	19	1	1606
36	12	255.787	460.808	21	1	1606
36	13	286.731	464.499	22	1	1604
34	14	407.669	452.29	15	1	1558
34	15	417.889	443.205	15	1	1558
34	16	414.767	442.921	18	1	1558
34	17	422.432	442.353	18	1	1558
34	18	424.135	435.539	25	1	1552
34	19	425.555	418.787	25	1	1552
34	20	374.738	462.512	33	1	1551
34	21	369.344	451.155	35	1	1551
34	22	375.022	443.205	35	1	1551
34	23	394.61	463.079	38	1	1551
37	24	295.437	760.915	22	1	1697
37	25	277.647	773.408	25	1	1697
37	26	264.02	779.086	32	2	1697
37	27	283.703	784.765	41	2	1632
37	28	284.46	793.85	41	1	1632
37	29	293.923	782.493	45	2	1632
37	30	284.839	792.336	45	2	1632
37	31	279.918	779.465	45	2	1632
5	32	379.469	686.717	60	1	171
5	33	364.328	694.288	64	1	171
5	34	338.21	703.752	70	1	168
5	35	331.775	696.559	70	1	168
40	36	217.083	449.546	55	1	1735
40	37	225.032	447.653	58	1	1735
40	38	220.111	440.839	58	1	1735
39	39	245.472	461.66	62	1	1685
39	40	229.953	468.474	62	1	1685
39	41	250.772	468.474	67	1	1685
39	42	248.5	459.767	67	1	1685
39	43	239.416	485.131	72	1	1685
39	44	227.682	482.859	72	1	1685
40	45	235.631	407.146	58	1	1736
40	46	260.235	398.439	62	1	1736
40	47	268.941	452.953	64	1	1736
40	48	289.381	429.482	64	1	1736
40	49	229.574	423.046	65	1	1735
40	50	223.139	425.696	65	1	1735
41	51	289.381	421.153	86	1	1767
41	52	304.522	434.403	90	1	1767
42	53	293.923	367.208	94	1	1805
9	54	494.162	448.978	80	1	1864
9	55	496.054	465.256	80	1	1864
9	56	489.241	446.328	82	1	1864
9	57	477.507	449.735	84	1	1864
9	58	496.528	484.09	82	1	1864
9	59	467.287	461.66	93	1	1864
9	60	465.583	455.413	93	1	1864
9	61	470.126	487.497	100	1	1869
9	62	468.706	478.695	100	1	1869
9	63	469.274	483.238	103	1	1869
9	64	490.85	512.766	108	1	1872
9	65	447.414	506.804	99	1	1869
9	66	449.685	511.914	102	1	1869
9	67	438.046	498.286	102	1	1869
9	68	445.427	526.11	112	1	1869
9	69	442.872	515.605	112	1	1869
6	70	408.994	789.118	63	2	233
4	71	337.832	592.643	73	1	107
4	72	344.267	590.75	81	1	107
4	73	357.136	557.058	82	1	97
11	74	418.079	805.775	10	1	502
11	75	391.582	808.804	13	1	502
11	76	419.593	805.397	13	1	502
11	77	419.593	811.075	19	1	502
10	78	519.901	893.413	58	1	1873
3	79	599.391	1097.459	18	1	63
3	80	574.409	1077.395	20	1	63
3	81	579.14	1079.761	24	1	63
3	82	606.394	1094.809	24	1	63
3	83	607.246	1105.031	24	1	63
1	84	687.587	1083.736	22	1	48
1	85	686.452	1074.935	26	1	48
1	86	693.833	1093.958	20	1	48
1	87	685.032	1101.34	20	1	48
1	88	655.791	1161.815	46	1	40
1	89	664.024	1148.471	49	1	40
1	90	653.52	1163.519	51	1	40
1	91	660.617	1149.323	53	1	40
1	92	690.426	1129.164	62	1	38
1	93	695.82	1138.534	62	1	38
31	94	750.895	1093.958	61	1	1291
30	95	830.858	877.135	54	4	1877
43	96	708.595	802.368	28	1	2049
43	97	709.447	794.702	30	1	2049
15	98	828.776	782.115	34	1	650
15	99	820.449	781.358	34	1	650
15	100	811.364	768.108	36	1	650
15	101	812.5	752.587	36	1	650
44	102	648.599	618.386	16	1	2165
44	103	641.786	619.9	16	1	2165
44	104	655.413	621.414	19	1	2165
44	105	654.277	604	24	1	2165
45	106	629.389	449.451	8	1	2230
46	107	682.477	453.426	11	8	2264
46	108	700.93	430.428	15	8	2263
46	109	702.066	434.971	18	8	2263
46	110	662.321	407.998	19	8	2267
46	111	682.477	364.842	26	5	2239
46	112	694.684	359.447	33	5	2239
46	113	681.625	321.685	34	1	2241
46	114	684.748	320.55	41	1	2244
47	115	869.278	536.899	2	1	2381
47	116	872.969	543.43	2	1	2381
47	117	884.892	547.405	2	1	2381
47	118	885.744	545.985	6	1	2381
47	119	867.859	540.874	8	1	2381
47	120	855.084	547.121	8	1	2381
47	121	848.27	533.492	11	1	2381
47	122	861.897	532.073	11	1	2381
48	123	974.886	798.393	30	1	2420
48	124	957.853	806.343	30	1	2421
49	125	1095.256	750.41	33	1	2531
49	126	1094.121	759.212	33	1	2531
49	127	1058.634	768.865	33	1	2531
49	128	1083.901	765.742	35	1	2531
49	129	1101.502	730.251	39	1	2531
49	130	1092.985	725.425	39	1	2531
49	131	1087.591	747.571	41	1	2531
49	132	1076.803	748.706	43	1	2531
49	133	1057.499	756.372	38	1	2531
49	134	1051.537	764.606	38	1	2531
50	135	494.824	345.535	53	5	2757
50	136	488.863	344.115	53	5	2757
7	137	558.984	813.725	93	1	2776
7	138	562.675	818.552	88	1	2776
7	139	557.564	798.961	88	1	2776
7	140	545.357	783.629	90	1	2776
7	141	579.992	735.078	74	1	290
7	142	591.064	747.003	74	1	290
7	143	567.785	765.174	78	1	2775
7	144	599.58	776.815	78	1	2775
7	145	572.327	754.101	80	1	2775
7	146	590.212	766.31	84	1	2775
7	147	525.769	771.136	74	3	311
7	148	512.709	766.594	74	3	311
7	149	499.934	738.485	80	1	311
6	150	408.237	789.118	62	1	233
32	151	1087.118	997.897	55	1	1366
32	152	1066.299	988.811	57	1	1366
32	153	1076.141	986.161	59	1	1366
32	154	1082.576	1000.925	62	1	1366
32	155	1042.074	1036.132	58	1	1364
32	156	1046.995	1047.489	61	1	1364
32	157	1034.503	1045.217	61	1	1364
32	158	1064.407	1055.817	65	1	1364
18	159	951.607	1011.052	93	4	829
18	160	933.438	1051.653	88	3	831
18	161	949.904	1051.369	88	2	831
18	162	952.459	1043.135	88	2	831
18	182	985.958	921.332	92	1	823
18	183	959.272	930.276	99	2	823
18	184	956.007	923.319	99	2	823
18	163	967.126	945.087	120	1	2789
18	164	928.612	964.488	119	1	2789
18	165	921.798	968.179	119	1	2789
18	166	941.671	968.747	116	1	2789
18	167	947.065	1013.039	104	1	819
18	168	934.29	1014.175	115	1	2789
18	169	909.591	1002.534	115	1	2789
18	170	932.018	972.722	118	1	2789
18	171	929.842	954.93	116	1	2789
18	181	914.701	1004.238	99	1	819
17	172	1013.874	810.507	114	1	783
51	173	852.623	958.337	120	2	2872
51	174	790.072	1023.545	122	1	2882
51	175	793.006	1025.343	119	1	2882
51	176	785.814	1027.425	119	1	2882
51	177	833.318	1032.725	118	1	2885
51	178	829.912	1040.107	118	1	2885
51	179	824.802	1039.539	118	1	2885
51	180	715.409	990.704	105	1	2852
52	185	867.007	840.982	93	1	2977
52	186	884.798	839.846	102	1	2977
52	187	886.69	842.117	105	1	2977
53	188	648.41	818.268	121	1	3064
53	189	703.769	810.602	120	1	3064
53	190	698.659	805.491	120	1	3064
53	191	680.49	756.372	112	1	3064
53	192	723.925	819.971	93	1	3072
53	193	712.948	817.132	91	2	3070
8	194	582.831	627.755	91	1	3084
8	195	599.297	666.085	91	1	3084
8	196	590.78	624.348	93	1	3084
8	197	601	617.25	93	1	3084
8	198	602.136	656.431	93	1	3084
8	199	587.657	645.642	96	1	3083
33	200	1205.407	920.67	60	1	1431
33	201	1213.356	913.855	63	1	1431
33	202	1198.972	909.313	63	1	1431
33	203	1181.56	923.319	67	1	1427
33	204	1191.023	923.319	67	1	1427
33	205	1194.619	931.837	68	1	1428
33	206	1186.67	915.654	72	1	1427
33	207	1204.555	904.581	72	1	1423
33	208	1207.962	892.94	74	1	1422
33	209	1184.399	923.036	75	1	1427
33	210	1200.013	934.109	83	1	1413
33	211	1214.207	975.278	65	1	1409
33	212	1205.123	972.722	65	1	1409
33	213	1236.919	964.204	66	1	1407
33	214	1238.906	970.451	70	1	1407
33	215	1241.177	962.785	74	1	1410
33	216	1277.799	842.117	88	1	1436
33	217	1269.282	856.597	88	1	1436
33	218	1242.88	867.954	92	1	1436
54	219	1266.727	723.153	121	1	3164
54	220	1261.617	730.535	112	1	3165
54	221	1241.177	725.709	109	1	3165
54	222	1265.734	710.803	105	8	3165
24	223	1126.768	598.227	103	1	1088
24	224	1129.607	593.116	106	1	1088
24	225	1123.078	592.265	108	1	1088
24	226	1117.4	597.943	108	1	1088
19	227	1443.876	823.378	69	1	887
19	228	1452.109	823.946	69	1	887
19	229	1453.245	831.328	69	1	887
19	230	1399.873	830.476	77	1	3166
27	231	1103.773	565.008	65	2	3174
27	232	1110.776	574.283	67	1	3174
56	233	1031.948	656.147	58	1	3281
56	234	1017.186	658.419	60	1	3281
56	235	1031.381	665.801	61	1	3281
56	236	1011.508	679.429	69	1	3281
56	237	1015.483	672.331	70	1	3281
21	238	1558.569	755.805	71	1	1003
21	239	1533.018	717.475	66	1	1003
21	240	1535.857	729.684	66	1	1003
21	241	1555.162	737.633	62	1	1003
57	242	1388.233	476.235	53	1	3341
28	243	973.183	494.311	47	1	1216
28	244	981.132	452.574	47	1	1216
28	245	978.861	458.821	48	1	1216
28	246	982.267	477.559	49	1	1216
28	247	959.272	490.336	49	1	1216
28	248	988.797	464.783	51	1	1216
28	249	983.119	483.522	51	1	1216
28	250	971.195	499.138	55	1	1216
28	251	1007.25	467.622	58	1	1227
28	252	968.924	396.357	52	1	1211
28	253	964.666	398.629	49	1	1211
28	254	976.022	407.998	48	1	1211
28	255	967.505	410.554	45	1	1211
28	256	974.034	418.787	52	1	1211
28	257	965.518	396.641	57	1	1211
28	258	1041.885	430.428	55	1	1227
28	259	1028.542	407.714	58	1	1227
58	260	801.712	520.716	42	1	3449
58	261	803.983	515.037	42	1	3449
58	262	772.187	521.284	43	1	3449
58	263	791.492	543.146	44	1	3449
58	264	783.543	546.269	46	1	3449
58	265	779.568	545.701	49	1	3449
58	266	779.852	503.113	49	1	3449
58	267	777.297	540.874	51	1	3449
58	268	792.627	509.075	56	1	3449
58	269	802.563	511.63	56	1	3449
58	270	802.28	519.012	56	1	3449
58	271	785.814	522.987	56	1	3449
58	272	796.886	512.198	59	1	3449
58	273	876.943	504.248	52	1	3449
58	274	878.079	506.52	59	1	3446
58	275	869.562	508.791	59	1	3446
58	276	884.608	484.941	63	1	3452
58	315	811.364	485.699	44	1	3450
58	316	800.766	475.477	44	1	3450
16	277	1038.289	839.278	74	1	738
16	278	1029.583	847.228	71	1	738
16	279	1028.447	804.829	64	1	738
16	280	1023.148	810.507	64	1	738
16	281	1027.312	794.229	62	1	738
16	282	1024.567	820.255	61	1	738
16	283	1032.232	791.295	58	1	738
14	284	882.053	709.241	7	1	628
14	285	884.608	720.03	11	1	628
14	286	898.803	719.746	13	2	628
14	287	975.454	685.108	21	1	602
14	288	962.963	681.133	21	1	602
59	289	1024.567	572.39	102	1	3518
59	290	1039.33	564.44	104	1	3518
59	291	1083.333	585.167	110	1	3518
59	292	1071.977	580.34	112	1	3518
59	293	1020.309	607.029	113	1	3517
59	294	1063.177	620.373	117	1	3516
59	295	1072.545	623.496	117	1	3516
59	296	1061.757	651.605	121	1	3516
61	297	727.332	543.43	88	1	3757
61	298	711.434	545.701	91	1	3757
61	299	687.587	562.358	96	1	3756
61	300	676.231	566.522	96	1	3756
61	301	677.745	575.229	99	1	3756
62	302	724.304	555.544	111	1	3800
62	303	717.112	572.201	111	1	3800
62	304	756.857	566.522	114	1	3802
62	305	748.529	569.929	114	1	3802
62	306	783.353	557.058	119	1	3802
62	307	726.196	554.408	119	1	3801
62	308	778.811	560.465	125	1	3802
62	309	772.755	557.437	125	1	3802
62	310	713.705	538.508	124	1	3801
62	311	726.954	551.38	123	1	3801
63	312	883.283	427.021	42	1	3923
63	313	849.595	446.328	42	1	3923
63	314	879.498	406.2	45	1	3923
2	317	669.04	140.448	27	1	1
2	318	662.605	127.955	27	1	1
2	319	692.508	116.977	35	1	1
2	320	687.209	109.027	41	1	1
2	321	738.309	102.591	28	1	1
2	322	735.281	121.519	28	1	1
2	323	740.959	119.248	31	1	1
2	324	722.79	120.762	31	1	1
2	325	742.094	112.434	31	1	1
2	326	731.874	96.155	31	1	1
2	327	736.417	105.998	34	1	1
2	328	748.151	117.355	34	1	1
2	329	754.586	104.484	36	1	1
2	330	759.885	107.512	30	1	1
2	331	759.506	116.598	30	1	1
2	332	747.015	132.498	30	1	1
2	333	750.043	146.883	30	1	1
2	334	760.642	161.269	30	1	1
2	335	768.97	136.662	33	1	1
2	336	756.478	158.24	34	1	1
2	337	751.179	160.89	34	1	1
2	338	742.473	152.94	34	1	1
2	339	761.778	165.054	34	1	1
2	340	766.698	142.34	36	1	1
2	341	751.557	125.684	45	1	1
2	342	762.156	122.655	47	1	1
2	343	739.823	118.112	47	1	1
65	344	1688.402	489.484	96	1	4012
65	345	1681.21	494.406	96	1	4012
65	346	1648.657	456.171	93	1	4015
65	347	1668.719	462.228	93	1	4015
65	348	1653.578	473.963	92	1	4015
65	349	1659.634	453.521	88	1	4015
65	350	1648.279	455.035	88	1	4015
64	353	1643.169	571.254	74	1	3990
64	354	1631.056	570.876	74	1	3990
64	351	1701.461	587.533	77	2	3990
64	352	1687.077	600.782	77	2	3990
67	355	1432.142	537.941	96	2	4215
22	356	1564.625	615.546	126	1	983
20	357	1534.343	650.753	125	1	923
22	358	1585.822	603.432	121	1	982
22	359	1590.365	607.975	116	1	982
22	360	1623.675	588.668	108	1	956
22	361	1612.319	600.025	103	1	956
22	362	1526.394	648.86	116	1	982
20	363	1516.931	646.967	111	1	923
22	364	1578.63	665.138	99	5	950
22	365	1578.63	673.845	99	5	950
66	366	1789.089	480.02	71	1	4249
66	367	1804.987	459.199	66	1	4249
66	368	1809.908	472.07	66	1	4249
55	369	1213.734	531.694	65	1	3258
23	370	1231.146	465.067	69	1	4254
23	371	1225.847	468.474	72	1	4254
23	372	1237.96	480.967	72	1	4254
23	373	1263.699	423.425	71	1	4253
23	374	1271.27	430.617	73	1	4253
23	375	1275.055	472.638	73	2	4253
23	376	1287.546	464.31	73	2	4253
23	377	1272.784	460.145	75	2	4253
23	378	1284.139	456.738	73	1	4253
23	379	1282.247	474.91	73	1	4253
23	382	1231.146	507.845	76	1	4254
23	383	1223.576	513.145	76	1	4254
25	380	1337.133	532.073	68	3	1152
25	381	1335.24	535.858	70	3	1152
26	384	1000.436	576.176	51	1	1168
26	385	1034.503	508.412	52	3	1169
26	386	1001.95	516.741	42	1	1168
26	387	1048.982	592.265	36	8	1174
26	388	1017.186	610.72	42	8	1174
29	389	872.117	751.451	59	2	1244
29	390	923.975	756.372	71	3	1240
29	391	918.675	742.366	72	3	1240
29	392	913.376	746.908	76	3	1243
29	393	914.89	735.551	76	2	1243
60	394	869.846	732.523	78	1	3689
60	395	871.36	731.387	80	1	3689
60	396	858.869	738.201	80	1	3689
60	397	860.383	733.28	80	1	3689
60	398	864.547	729.873	83	1	3689
60	399	871.36	722.68	83	1	3689
60	400	878.363	727.034	89	1	3683
60	401	838.618	728.926	94	1	3684
55	402	1296.631	540.212	35	2	3231
55	403	1279.976	542.483	37	1	3231
55	404	1300.794	561.79	37	1	3231
55	405	1304.201	556.49	40	1	3231
68	406	706.324	382.918	89	1	4338
68	407	716.544	385.947	89	1	4338
68	408	694.59	404.496	91	1	4338
68	409	712.759	411.689	94	1	4337
68	410	692.697	389.354	95	1	4337
68	411	715.03	395.789	95	1	4338
68	412	991.541	388.597	96	1	4338
68	413	994.191	372.318	95	1	4338
69	414	1011.224	386.704	89	1	4392
69	415	1019.173	374.59	89	1	4392
69	416	999.49	368.154	85	1	4392
69	417	1021.066	377.24	83	1	4392
69	418	1018.038	372.697	83	1	4392
28	419	1042.642	435.539	74	1	1223
28	420	1033.179	442.353	74	1	1223
