   2.0000000e+00   2.3930000e+03   6.3349300e+02   8.6189220e+02   1.5300000e+02   2.0000000e+00   2.0900000e+02
   2.0000000e+00   2.3940000e+03   6.3500700e+02   8.6946320e+02   1.4400000e+02   2.0000000e+00   2.0900000e+02
   2.0000000e+00   2.3950000e+03   6.2062300e+02   8.6832720e+02   1.4400000e+02   2.0000000e+00   2.0900000e+02
   2.0000000e+00   2.3960000e+03   6.3046500e+02   8.5848620e+02   1.3300000e+02   2.0000000e+00   2.0900000e+02
   2.0000000e+00   2.3910000e+03   5.9488100e+02   8.3539620e+02   1.5500000e+02   2.0000000e+00   1.9800000e+02
   2.0000000e+00   2.3920000e+03   5.9374600e+02   8.4296620e+02   1.5500000e+02   2.0000000e+00   1.9800000e+02
   3.0000000e+00   2.3970000e+03   5.2409300e+02   8.9624320e+02   1.6000000e+01   1.0000000e+00   7.7000000e+02
   3.0000000e+00   2.3980000e+03   5.1983400e+02   8.9595920e+02   2.6000000e+01   1.0000000e+00   7.7000000e+02
   3.0000000e+00   2.3990000e+03   5.2551200e+02   8.8772620e+02   2.5000000e+01   1.0000000e+00   7.7000000e+02
   3.0000000e+00   2.4000000e+03   5.0961300e+02   8.8261620e+02   2.3000000e+01   1.0000000e+00   7.7200000e+02
   3.0000000e+00   2.4010000e+03   5.0450300e+02   8.7750620e+02   2.3000000e+01   1.0000000e+00   7.7200000e+02
   3.0000000e+00   2.4020000e+03   4.9939200e+02   8.7495120e+02   2.3000000e+01   1.0000000e+00   7.7200000e+02
   3.0000000e+00   2.4030000e+03   5.1046500e+02   8.8375220e+02   2.6000000e+01   1.0000000e+00   7.7200000e+02
   3.0000000e+00   2.4040000e+03   5.3402900e+02   8.5905320e+02   3.0000000e+01   1.0000000e+00   7.7200000e+02
   3.0000000e+00   2.4050000e+03   5.0620600e+02   8.6104120e+02   3.0000000e+01   1.0000000e+00   7.7200000e+02
   3.0000000e+00   2.4060000e+03   5.0592200e+02   8.7949320e+02   3.0000000e+01   1.0000000e+00   7.7200000e+02
   3.0000000e+00   2.4070000e+03   5.1046500e+02   8.6643520e+02   3.7000000e+01   1.0000000e+00   7.7200000e+02
   3.0000000e+00   2.4080000e+03   5.1699500e+02   8.6302820e+02   3.7000000e+01   1.0000000e+00   7.7200000e+02
   3.0000000e+00   2.4090000e+03   5.3431300e+02   8.6018920e+02   3.7000000e+01   1.0000000e+00   7.7200000e+02
   3.0000000e+00   2.4100000e+03   6.0216800e+02   8.9453920e+02   1.2000000e+01   8.0000000e+00   7.8100000e+02
   3.0000000e+00   2.4110000e+03   5.9365100e+02   8.9283620e+02   1.3000000e+01   1.0000000e+00   7.8100000e+02
   3.0000000e+00   2.4120000e+03   5.9421900e+02   8.8801020e+02   1.3000000e+01   1.0000000e+00   7.8100000e+02
   3.0000000e+00   2.4130000e+03   6.0273600e+02   8.8460320e+02   1.3000000e+01   1.0000000e+00   7.8100000e+02
   3.0000000e+00   2.4140000e+03   5.8456600e+02   8.8545520e+02   1.3000000e+01   1.0000000e+00   7.8100000e+02
   3.0000000e+00   2.4150000e+03   5.8513400e+02   8.9028120e+02   1.5000000e+01   8.0000000e+00   7.8100000e+02
   3.0000000e+00   2.4160000e+03   5.5958200e+02   8.5309220e+02   1.2000000e+01   1.0000000e+00   7.7100000e+02
   3.0000000e+00   2.4170000e+03   5.5929800e+02   8.4627820e+02   1.2000000e+01   1.0000000e+00   7.7100000e+02
   3.0000000e+00   2.4180000e+03   5.6440800e+02   8.7438320e+02   1.2000000e+01   1.0000000e+00   7.7100000e+02
   3.0000000e+00   2.4190000e+03   5.5731000e+02   8.5905320e+02   1.2000000e+01   2.0000000e+00   7.7100000e+02
   3.0000000e+00   2.4200000e+03   6.2175800e+02   8.9113320e+02   1.5000000e+01   1.0000000e+00   7.8100000e+02
   3.0000000e+00   2.4210000e+03   6.2544900e+02   8.6615120e+02   2.0000000e+01   1.0000000e+00   7.7900000e+02
   3.0000000e+00   2.4220000e+03   6.2317800e+02   8.4230420e+02   2.0000000e+01   1.0000000e+00   7.7900000e+02
   3.0000000e+00   2.4230000e+03   6.1778300e+02   8.3861320e+02   2.0000000e+01   1.0000000e+00   7.7900000e+02
   3.0000000e+00   2.4240000e+03   6.2715300e+02   8.7296420e+02   2.0000000e+01   1.0000000e+00   7.7900000e+02
   3.0000000e+00   2.4250000e+03   6.2544900e+02   8.9482320e+02   2.0000000e+01   1.0000000e+00   7.8100000e+02
   3.0000000e+00   2.4260000e+03   6.2942400e+02   8.3180020e+02   2.0000000e+01   1.0000000e+00   1.2250000e+03
   3.0000000e+00   2.4270000e+03   6.4021200e+02   8.4031720e+02   2.0000000e+01   1.0000000e+00   1.2250000e+03
   3.0000000e+00   2.4280000e+03   6.2289400e+02   8.6274420e+02   2.8000000e+01   1.0000000e+00   7.7900000e+02
   3.0000000e+00   2.4290000e+03   6.3737300e+02   8.5820220e+02   2.8000000e+01   1.0000000e+00   7.8000000e+02
   3.0000000e+00   2.4300000e+03   6.3964500e+02   8.5337620e+02   2.8000000e+01   1.0000000e+00   7.8000000e+02
   3.0000000e+00   2.4310000e+03   6.2175800e+02   8.4287220e+02   2.8000000e+01   1.0000000e+00   7.7900000e+02
   3.0000000e+00   2.4320000e+03   6.2658500e+02   8.2612220e+02   2.8000000e+01   1.0000000e+00   1.2250000e+03
   3.0000000e+00   2.4330000e+03   5.9705800e+02   8.8062920e+02   3.2000000e+01   1.0000000e+00   7.8200000e+02
   3.0000000e+00   2.4340000e+03   6.1097000e+02   8.8290020e+02   3.2000000e+01   1.0000000e+00   7.8200000e+02
   3.0000000e+00   2.4350000e+03   6.3879300e+02   8.9283620e+02   3.2000000e+01   1.0000000e+00   7.8000000e+02
   3.0000000e+00   2.4360000e+03   6.3197900e+02   8.9255220e+02   4.0000000e+01   1.0000000e+00   7.8000000e+02
   3.0000000e+00   2.4370000e+03   6.2261000e+02   8.7438320e+02   4.7000000e+01   1.0000000e+00   1.2330000e+03
   3.0000000e+00   2.4380000e+03   6.2658500e+02   8.8261620e+02   4.7000000e+01   1.0000000e+00   1.2330000e+03
   3.0000000e+00   2.4390000e+03   6.1551200e+02   8.8715820e+02   5.0000000e+01   1.0000000e+00   1.2330000e+03
   3.0000000e+00   2.4400000e+03   6.1664800e+02   8.7920920e+02   5.0000000e+01   1.0000000e+00   1.2330000e+03
   3.0000000e+00   2.4410000e+03   6.2119000e+02   8.7353220e+02   5.0000000e+01   1.0000000e+00   1.2330000e+03
   3.0000000e+00   2.4420000e+03   6.3055900e+02   8.7296420e+02   5.0000000e+01   1.0000000e+00   1.2330000e+03
   3.0000000e+00   2.4430000e+03   6.4078000e+02   8.8204820e+02   5.4000000e+01   1.0000000e+00   1.2330000e+03
   3.0000000e+00   2.4440000e+03   6.1352500e+02   8.8914620e+02   5.4000000e+01   1.0000000e+00   1.2330000e+03
   3.0000000e+00   2.4450000e+03   6.2402900e+02   8.8942920e+02   5.4000000e+01   1.0000000e+00   1.2330000e+03
   3.0000000e+00   2.4460000e+03   6.3283100e+02   8.7012520e+02   5.4000000e+01   1.0000000e+00   1.2330000e+03
   3.0000000e+00   2.4470000e+03   6.1040200e+02   8.8630720e+02   5.8000000e+01   1.0000000e+00   1.2330000e+03
   3.0000000e+00   2.4480000e+03   6.0898200e+02   8.7580320e+02   6.6000000e+01   1.0000000e+00   1.2330000e+03
   3.0000000e+00   2.4490000e+03   6.0642700e+02   8.6671820e+02   6.6000000e+01   1.0000000e+00   1.2330000e+03
   3.0000000e+00   2.4500000e+03   6.1352500e+02   8.7495120e+02   7.2000000e+01   1.0000000e+00   1.2330000e+03
   3.0000000e+00   2.4510000e+03   6.0444000e+02   8.7580320e+02   7.0000000e+01   1.0000000e+00   1.2330000e+03
   3.0000000e+00   2.4520000e+03   6.0898200e+02   8.6501520e+02   7.0000000e+01   1.0000000e+00   1.2330000e+03
   3.0000000e+00   2.4530000e+03   5.9450300e+02   8.8034520e+02   5.7000000e+01   1.0000000e+00   1.2300000e+03
   3.0000000e+00   2.4540000e+03   5.7973900e+02   8.7665420e+02   5.7000000e+01   1.0000000e+00   1.2300000e+03
   3.0000000e+00   2.4550000e+03   5.7746800e+02   8.6842220e+02   5.7000000e+01   1.0000000e+00   1.2300000e+03
   3.0000000e+00   2.4560000e+03   5.5276800e+02   8.3861320e+02   5.7000000e+01   1.0000000e+00   4.9450000e+03
   3.0000000e+00   2.4570000e+03   5.4822500e+02   8.4372320e+02   5.7000000e+01   1.0000000e+00   4.9450000e+03
   3.0000000e+00   2.4580000e+03   5.9620600e+02   8.6813820e+02   5.1000000e+01   1.0000000e+00   1.2300000e+03
   3.0000000e+00   2.4590000e+03   6.0614300e+02   8.3549120e+02   9.0000000e+01   1.0000000e+00   1.2370000e+03
   3.0000000e+00   2.4600000e+03   6.0358800e+02   8.3094820e+02   9.0000000e+01   1.0000000e+00   1.2370000e+03
   3.0000000e+00   2.4610000e+03   5.9563800e+02   8.2811020e+02   9.0000000e+01   1.0000000e+00   1.2370000e+03
   3.0000000e+00   2.4620000e+03   5.9251500e+02   8.3804620e+02   9.0000000e+01   1.0000000e+00   1.2370000e+03
   3.0000000e+00   2.4630000e+03   6.3425000e+02   8.2612220e+02   9.0000000e+01   1.0000000e+00   1.2380000e+03
   3.0000000e+00   2.4640000e+03   6.3084300e+02   8.2782620e+02   8.3000000e+01   1.0000000e+00   1.2380000e+03
   3.0000000e+00   2.4650000e+03   6.3254700e+02   8.3407120e+02   8.3000000e+01   1.0000000e+00   1.2380000e+03
   3.0000000e+00   2.4660000e+03   6.1977100e+02   8.1533520e+02   7.7000000e+01   1.0000000e+00   1.2380000e+03
   3.0000000e+00   2.4670000e+03   6.2204200e+02   8.0767020e+02   7.7000000e+01   1.0000000e+00   1.2380000e+03
   3.0000000e+00   2.4680000e+03   6.0472300e+02   8.1760620e+02   7.5000000e+01   1.0000000e+00   1.2380000e+03
   3.0000000e+00   2.4690000e+03   6.3396600e+02   8.5053720e+02   6.7000000e+01   1.0000000e+00   1.2340000e+03
   3.0000000e+00   2.4700000e+03   6.3879300e+02   8.3833020e+02   6.7000000e+01   1.0000000e+00   1.2380000e+03
   3.0000000e+00   2.4710000e+03   6.4503900e+02   8.2839320e+02   6.7000000e+01   1.0000000e+00   1.2380000e+03
   3.0000000e+00   2.4720000e+03   6.4418700e+02   8.0710220e+02   6.7000000e+01   1.0000000e+00   1.2110000e+03
   3.0000000e+00   2.4730000e+03   5.6043300e+02   8.4315620e+02   6.7000000e+01   1.0000000e+00   4.9450000e+03
   3.0000000e+00   2.4740000e+03   5.7860400e+02   8.2527120e+02   6.7000000e+01   1.0000000e+00   7.6400000e+02
   3.0000000e+00   2.4750000e+03   5.7633200e+02   8.1930920e+02   6.7000000e+01   1.0000000e+00   7.6400000e+02
   3.0000000e+00   2.4760000e+03   5.6100100e+02   8.2271620e+02   6.7000000e+01   1.0000000e+00   7.6400000e+02
   3.0000000e+00   2.4770000e+03   5.5873000e+02   8.1703820e+02   6.0000000e+01   1.0000000e+00   7.6400000e+02
   3.0000000e+00   2.4780000e+03   5.6526000e+02   8.1164420e+02   6.0000000e+01   1.0000000e+00   7.6400000e+02
   3.0000000e+00   2.4790000e+03   5.7406100e+02   8.1164420e+02   6.0000000e+01   1.0000000e+00   7.6400000e+02
   3.0000000e+00   2.4800000e+03   5.8399800e+02   8.1817320e+02   6.0000000e+01   1.0000000e+00   7.6400000e+02
   3.0000000e+00   2.4810000e+03   5.5475500e+02   8.3974920e+02   5.8000000e+01   1.0000000e+00   4.9450000e+03
   3.0000000e+00   2.4820000e+03   5.4652200e+02   8.4372320e+02   5.8000000e+01   1.0000000e+00   4.9450000e+03
   3.0000000e+00   2.4830000e+03   5.2153700e+02   8.5394320e+02   5.8000000e+01   1.0000000e+00   7.4200000e+02
   3.0000000e+00   2.4840000e+03   5.3601700e+02   8.3180020e+02   5.8000000e+01   1.0000000e+00   7.4200000e+02
   3.0000000e+00   2.4850000e+03   4.9229400e+02   8.5735020e+02   5.8000000e+01   1.0000000e+00   7.3900000e+02
   3.0000000e+00   2.4860000e+03   5.0393500e+02   8.2044520e+02   5.3000000e+01   4.0000000e+00   7.3100000e+02
   3.0000000e+00   2.4870000e+03   5.1472300e+02   8.1874120e+02   5.3000000e+01   4.0000000e+00   7.3100000e+02
   3.0000000e+00   2.4880000e+03   5.1131700e+02   8.1136020e+02   5.3000000e+01   4.0000000e+00   7.3100000e+02
   3.0000000e+00   2.4890000e+03   5.2835100e+02   8.0937320e+02   5.3000000e+01   4.0000000e+00   7.3000000e+02
   3.0000000e+00   2.4900000e+03   5.1813000e+02   7.7871320e+02   5.3000000e+01   4.0000000e+00   7.2600000e+02
   3.0000000e+00   2.4910000e+03   4.9172700e+02   8.1192820e+02   5.0000000e+01   1.0000000e+00   7.3600000e+02
   3.0000000e+00   2.4920000e+03   4.9626900e+02   8.0653420e+02   5.0000000e+01   1.0000000e+00   7.3600000e+02
   3.0000000e+00   2.4930000e+03   5.1671100e+02   8.1930920e+02   5.0000000e+01   4.0000000e+00   7.3100000e+02
   3.0000000e+00   2.4940000e+03   5.0138000e+02   8.2129620e+02   5.0000000e+01   4.0000000e+00   7.3100000e+02
   3.0000000e+00   2.4950000e+03   5.0677400e+02   8.0795420e+02   5.1000000e+01   4.0000000e+00   7.3100000e+02
   3.0000000e+00   2.4960000e+03   5.1756300e+02   7.9432720e+02   5.1000000e+01   4.0000000e+00   7.2600000e+02
   3.0000000e+00   2.4970000e+03   5.0507000e+02   8.1505120e+02   4.8000000e+01   4.0000000e+00   7.3100000e+02
   3.0000000e+00   2.4980000e+03   4.9967600e+02   8.2158020e+02   4.8000000e+01   4.0000000e+00   7.3200000e+02
   3.0000000e+00   2.4990000e+03   4.9797300e+02   8.0625020e+02   4.8000000e+01   1.0000000e+00   7.3600000e+02
   3.0000000e+00   2.5000000e+03   4.9683700e+02   8.0284420e+02   4.3000000e+01   1.0000000e+00   7.3600000e+02
   3.0000000e+00   2.5010000e+03   5.6923500e+02   8.0625020e+02   4.3000000e+01   1.0000000e+00   7.6400000e+02
   3.0000000e+00   2.5020000e+03   6.6661600e+02   8.1022520e+02   1.8000000e+01   1.0000000e+00   1.2190000e+03
   3.0000000e+00   2.5030000e+03   6.6292500e+02   8.0483120e+02   1.8000000e+01   1.0000000e+00   1.2190000e+03
   3.0000000e+00   2.5040000e+03   6.6576400e+02   8.1278020e+02   2.0000000e+01   1.0000000e+00   1.2190000e+03
   3.0000000e+00   2.5050000e+03   6.8620600e+02   8.2328320e+02   2.1000000e+01   1.0000000e+00   1.2190000e+03
   3.0000000e+00   2.5060000e+03   6.9046500e+02   8.2470320e+02   2.4000000e+01   1.0000000e+00   1.2180000e+03
   3.0000000e+00   2.5070000e+03   6.6264100e+02   8.0142420e+02   2.0000000e+01   1.0000000e+00   1.2190000e+03
   3.0000000e+00   2.5080000e+03   6.8478700e+02   7.9262420e+02   2.5000000e+01   1.0000000e+00   1.2190000e+03
   3.0000000e+00   2.5090000e+03   6.8734200e+02   8.0000520e+02   2.5000000e+01   1.0000000e+00   1.2190000e+03
   3.0000000e+00   2.5100000e+03   6.5450300e+02   8.2423020e+02   2.9000000e+01   1.0000000e+00   1.2240000e+03
   3.0000000e+00   2.5110000e+03   6.8402900e+02   8.1514520e+02   3.4000000e+01   1.0000000e+00   4.9490000e+03
   3.0000000e+00   2.5120000e+03   6.7873000e+02   8.0757520e+02   2.9000000e+01   1.0000000e+00   1.2190000e+03
   3.0000000e+00   2.5130000e+03   6.6320900e+02   8.3709920e+02   4.6000000e+01   1.0000000e+00   1.2120000e+03
   3.0000000e+00   2.5140000e+03   6.7257800e+02   8.3038120e+02   4.6000000e+01   1.0000000e+00   4.9480000e+03
   3.0000000e+00   2.5150000e+03   6.7797300e+02   8.3038120e+02   4.6000000e+01   1.0000000e+00   4.9480000e+03
   3.0000000e+00   2.5160000e+03   6.8932900e+02   8.4883320e+02   3.0000000e+01   1.0000000e+00   1.2180000e+03
   3.0000000e+00   2.5170000e+03   6.9500700e+02   8.4855020e+02   3.0000000e+01   1.0000000e+00   4.9520000e+03
   3.0000000e+00   2.5180000e+03   7.0040200e+02   8.4542720e+02   3.0000000e+01   1.0000000e+00   4.9520000e+03
   3.0000000e+00   2.5190000e+03   7.0750000e+02   8.4798220e+02   3.0000000e+01   1.0000000e+00   4.9520000e+03
   3.0000000e+00   2.5200000e+03   6.8535400e+02   8.4826620e+02   3.7000000e+01   1.0000000e+00   4.9520000e+03
   3.0000000e+00   2.5210000e+03   6.8677400e+02   8.3974920e+02   3.7000000e+01   1.0000000e+00   4.9520000e+03
   3.0000000e+00   2.5220000e+03   7.0891900e+02   8.4315620e+02   3.7000000e+01   2.0000000e+00   4.9520000e+03
   3.0000000e+00   2.5230000e+03   6.6320900e+02   8.2640620e+02   5.4000000e+01   1.0000000e+00   4.9480000e+03
   3.0000000e+00   2.5240000e+03   6.6008600e+02   8.2952920e+02   5.4000000e+01   1.0000000e+00   4.9480000e+03
   3.0000000e+00   2.5250000e+03   6.6604800e+02   8.1590220e+02   5.4000000e+01   1.0000000e+00   1.2120000e+03
   3.0000000e+00   2.5260000e+03   6.2204200e+02   7.8155220e+02   5.4000000e+01   1.0000000e+00   1.2110000e+03
   3.0000000e+00   2.5270000e+03   6.9642700e+02   8.5877020e+02   5.4000000e+01   1.0000000e+00   1.1310000e+03
   3.0000000e+00   2.5280000e+03   6.5554400e+02   8.1022520e+02   6.2000000e+01   1.0000000e+00   1.2120000e+03
   3.0000000e+00   2.5290000e+03   6.6491300e+02   8.0994120e+02   6.2000000e+01   1.0000000e+00   1.2120000e+03
   3.0000000e+00   2.5300000e+03   6.5355600e+02   8.6302820e+02   7.3000000e+01   1.0000000e+00   1.2340000e+03
   3.0000000e+00   2.5310000e+03   6.5895100e+02   8.6671820e+02   7.3000000e+01   1.0000000e+00   1.2340000e+03
   3.0000000e+00   2.5320000e+03   6.0302000e+02   8.7239620e+02   7.3000000e+01   1.0000000e+00   1.2330000e+03
   3.0000000e+00   2.5330000e+03   6.1210500e+02   8.7495120e+02   7.3000000e+01   1.0000000e+00   1.2330000e+03
   3.0000000e+00   2.5340000e+03   6.5951800e+02   8.6899020e+02   6.8000000e+01   1.0000000e+00   1.2340000e+03
   3.0000000e+00   2.5350000e+03   6.6349300e+02   8.6246020e+02   6.8000000e+01   1.0000000e+00   1.2340000e+03
   3.0000000e+00   2.5360000e+03   6.6519700e+02   8.5621520e+02   6.8000000e+01   1.0000000e+00   1.2340000e+03
   3.0000000e+00   2.5370000e+03   6.6179000e+02   8.5195620e+02   6.8000000e+01   1.0000000e+00   1.2340000e+03
   3.0000000e+00   2.5380000e+03   6.0358800e+02   8.7409920e+02   6.8000000e+01   1.0000000e+00   1.2330000e+03
   3.0000000e+00   2.5390000e+03   6.0983400e+02   8.6473120e+02   6.8000000e+01   1.0000000e+00   1.2330000e+03
   3.0000000e+00   2.5400000e+03   6.3283100e+02   8.5025320e+02   6.8000000e+01   1.0000000e+00   1.2340000e+03
   3.0000000e+00   2.5410000e+03   6.6406100e+02   8.6302820e+02   6.1000000e+01   1.0000000e+00   1.2340000e+03
   3.0000000e+00   2.5420000e+03   6.5753100e+02   8.5990520e+02   6.1000000e+01   1.0000000e+00   1.2340000e+03
   3.0000000e+00   2.5430000e+03   6.5071700e+02   8.5621520e+02   6.1000000e+01   1.0000000e+00   1.2340000e+03
   3.0000000e+00   2.5440000e+03   6.3737300e+02   8.5110520e+02   6.1000000e+01   1.0000000e+00   1.2340000e+03
   3.0000000e+00   2.5450000e+03   6.3822500e+02   8.3549120e+02   6.1000000e+01   1.0000000e+00   1.2340000e+03
   3.0000000e+00   2.5460000e+03   6.5412400e+02   8.7438320e+02   6.1000000e+01   1.0000000e+00   1.2340000e+03
   3.0000000e+00   2.5470000e+03   6.3311500e+02   8.6615120e+02   6.1000000e+01   1.0000000e+00   1.2330000e+03
   3.0000000e+00   2.5480000e+03   6.1267300e+02   8.8488720e+02   6.1000000e+01   1.0000000e+00   1.2330000e+03
   3.0000000e+00   2.5490000e+03   6.2204200e+02   8.1561920e+02   8.0000000e+01   1.0000000e+00   1.2380000e+03
   3.0000000e+00   2.5500000e+03   8.0327200e+02   8.8479320e+02   6.8000000e+01   1.0000000e+00   1.1950000e+03
   3.0000000e+00   2.5510000e+03   8.0705800e+02   9.2037320e+02   6.4000000e+01   1.0000000e+00   1.1930000e+03
   3.0000000e+00   2.5520000e+03   8.0478700e+02   8.8327920e+02   6.4000000e+01   1.0000000e+00   1.1950000e+03
   3.0000000e+00   2.5530000e+03   8.1841400e+02   9.2113020e+02   5.6000000e+01   1.0000000e+00   1.1930000e+03
   3.0000000e+00   2.5540000e+03   8.3507000e+02   9.0826120e+02   5.6000000e+01   1.0000000e+00   1.1910000e+03
   3.0000000e+00   2.5550000e+03   8.4188400e+02   9.0371820e+02   5.6000000e+01   1.0000000e+00   1.1910000e+03
   3.0000000e+00   2.5560000e+03   8.2371400e+02   9.1128920e+02   5.6000000e+01   1.0000000e+00   1.1910000e+03
   3.0000000e+00   2.5570000e+03   7.5254700e+02   8.6056720e+02   6.1000000e+01   2.0000000e+00   1.1290000e+03
   3.0000000e+00   2.5580000e+03   7.4043300e+02   8.7116620e+02   6.1000000e+01   2.0000000e+00   1.1290000e+03
   3.0000000e+00   2.5590000e+03   8.3658500e+02   9.0523320e+02   5.0000000e+01   2.0000000e+00   1.1910000e+03
   3.0000000e+00   2.5600000e+03   7.8283100e+02   8.6359620e+02   5.0000000e+01   1.0000000e+00   1.1960000e+03
   3.0000000e+00   2.5610000e+03   8.2220000e+02   8.7646520e+02   5.0000000e+01   1.0000000e+00   1.1960000e+03
   3.0000000e+00   2.5620000e+03   7.5179000e+02   9.1356020e+02   5.0000000e+01   1.0000000e+00   1.1980000e+03
   3.0000000e+00   2.5630000e+03   7.8737300e+02   8.6889520e+02   4.4000000e+01   1.0000000e+00   1.1960000e+03
   3.0000000e+00   2.5640000e+03   8.0630100e+02   8.7040920e+02   4.4000000e+01   1.0000000e+00   1.1960000e+03
   3.0000000e+00   2.5650000e+03   7.8888800e+02   8.5678220e+02   4.4000000e+01   1.0000000e+00   1.1960000e+03
   3.0000000e+00   2.5660000e+03   7.9873000e+02   8.5905320e+02   4.4000000e+01   1.0000000e+00   1.1960000e+03
   3.0000000e+00   2.5670000e+03   8.4642700e+02   8.4694120e+02   4.4000000e+01   1.0000000e+00   1.1860000e+03
   3.0000000e+00   2.5680000e+03   8.4491300e+02   8.4921220e+02   3.9000000e+01   1.0000000e+00   1.1860000e+03
   3.0000000e+00   2.5690000e+03   8.4112700e+02   8.4088520e+02   3.9000000e+01   1.0000000e+00   1.1860000e+03
   3.0000000e+00   2.5700000e+03   7.8055900e+02   8.3558520e+02   3.9000000e+01   1.0000000e+00   1.1820000e+03
   3.0000000e+00   2.5710000e+03   7.7677400e+02   8.2574420e+02   3.9000000e+01   1.0000000e+00   1.1820000e+03
   3.0000000e+00   2.5720000e+03   6.8895100e+02   8.5299720e+02   3.9000000e+01   1.0000000e+00   4.9520000e+03
   3.0000000e+00   2.5730000e+03   6.8440800e+02   8.1287420e+02   3.5000000e+01   1.0000000e+00   4.9490000e+03
   3.0000000e+00   2.5740000e+03   6.9349300e+02   8.0606120e+02   3.5000000e+01   1.0000000e+00   4.9490000e+03
   3.0000000e+00   2.5750000e+03   6.8440800e+02   8.0454720e+02   3.5000000e+01   1.0000000e+00   4.9490000e+03
   3.0000000e+00   2.5760000e+03   6.9046500e+02   8.0833220e+02   4.1000000e+01   1.0000000e+00   4.9490000e+03
   3.0000000e+00   2.5770000e+03   6.8970800e+02   8.0000520e+02   4.1000000e+01   1.0000000e+00   4.9490000e+03
   3.0000000e+00   2.5780000e+03   6.2535400e+02   7.8032220e+02   5.3000000e+01   1.0000000e+00   1.2110000e+03
   3.0000000e+00   2.5790000e+03   8.2182100e+02   8.1590220e+02   4.3000000e+01   3.0000000e+00   1.1120000e+03
   3.0000000e+00   2.5800000e+03   8.0630100e+02   8.2271620e+02   4.9000000e+01   3.0000000e+00   1.1070000e+03
   3.0000000e+00   2.5810000e+03   8.1084300e+02   8.2915120e+02   4.9000000e+01   3.0000000e+00   1.1070000e+03
   3.0000000e+00   2.5820000e+03   7.8775200e+02   8.5337620e+02   6.0000000e+01   2.0000000e+00   1.1050000e+03
   3.0000000e+00   2.5830000e+03   7.9683700e+02   8.3520720e+02   6.0000000e+01   2.0000000e+00   1.1050000e+03
   3.0000000e+00   2.5840000e+03   8.1992900e+02   8.7637120e+02   5.4000000e+01   1.0000000e+00   1.1960000e+03
   3.0000000e+00   2.5850000e+03   8.1567000e+02   8.8148120e+02   5.4000000e+01   1.0000000e+00   1.1960000e+03
   3.0000000e+00   2.5860000e+03   7.7819400e+02   8.7779020e+02   5.4000000e+01   1.0000000e+00   1.1960000e+03
   3.0000000e+00   2.5870000e+03   7.7847700e+02   8.7040920e+02   5.4000000e+01   1.0000000e+00   1.1960000e+03
   3.0000000e+00   2.5880000e+03   7.8557500e+02   8.6529920e+02   5.4000000e+01   1.0000000e+00   1.1960000e+03
   3.0000000e+00   2.5890000e+03   7.4753100e+02   8.5763420e+02   5.4000000e+01   1.0000000e+00   1.1290000e+03
   3.0000000e+00   2.5900000e+03   7.7563800e+02   8.3833020e+02   4.7000000e+01   1.0000000e+00   1.1820000e+03
   3.0000000e+00   2.5910000e+03   7.6428200e+02   8.9397220e+02   6.2000000e+01   1.0000000e+00   1.1980000e+03
   3.0000000e+00   2.5920000e+03   7.4866700e+02   8.5422720e+02   6.1000000e+01   1.0000000e+00   1.1290000e+03
   4.0000000e+00   2.5930000e+03   7.6144300e+02   7.1143120e+02   8.4000000e+01   1.0000000e+00   1.3540000e+03
   4.0000000e+00   2.5940000e+03   7.3532300e+02   6.7594520e+02   8.4000000e+01   1.0000000e+00   1.3510000e+03
   4.0000000e+00   2.5950000e+03   7.2992900e+02   6.7197120e+02   7.9000000e+01   3.0000000e+00   1.3510000e+03
   4.0000000e+00   2.5960000e+03   7.3447100e+02   6.7282320e+02   7.9000000e+01   3.0000000e+00   1.3510000e+03
   4.0000000e+00   2.5970000e+03   7.4838300e+02   6.7197120e+02   7.5000000e+01   3.0000000e+00   1.3510000e+03
   4.0000000e+00   2.5980000e+03   7.5519700e+02   7.1285120e+02   7.9000000e+01   1.0000000e+00   1.3540000e+03
   4.0000000e+00   2.5990000e+03   7.5065400e+02   6.6515820e+02   7.6000000e+01   1.0000000e+00   1.3510000e+03
   4.0000000e+00   2.6000000e+03   7.5690000e+02   7.3868520e+02   7.4000000e+01   1.0000000e+00   1.0310000e+03
   4.0000000e+00   2.6010000e+03   7.5434500e+02   7.5543420e+02   6.9000000e+01   1.0000000e+00   1.0310000e+03
   4.0000000e+00   2.6020000e+03   7.6882400e+02   7.4436320e+02   6.9000000e+01   1.0000000e+00   1.0310000e+03
   4.0000000e+00   2.6030000e+03   7.6967600e+02   7.3982020e+02   6.9000000e+01   1.0000000e+00   1.0310000e+03
   4.0000000e+00   2.6040000e+03   7.6059100e+02   7.4209120e+02   6.9000000e+01   1.0000000e+00   1.0310000e+03
   4.0000000e+00   2.6050000e+03   7.5065400e+02   7.2449020e+02   6.9000000e+01   1.0000000e+00   1.0310000e+03
   4.0000000e+00   2.6060000e+03   7.5973900e+02   7.3754920e+02   6.9000000e+01   1.0000000e+00   1.0310000e+03
   4.0000000e+00   2.6070000e+03   7.4412400e+02   7.3754920e+02   6.1000000e+01   1.0000000e+00   1.0310000e+03
   4.0000000e+00   2.6080000e+03   7.8160000e+02   7.0660520e+02   5.3000000e+01   1.0000000e+00   1.0300000e+03
   4.0000000e+00   2.6090000e+03   7.7904500e+02   6.8077220e+02   4.6000000e+01   1.0000000e+00   4.9400000e+03
   4.0000000e+00   2.6100000e+03   7.1630100e+02   6.5522220e+02   3.9000000e+01   1.0000000e+00   9.5000000e+02
   4.0000000e+00   2.6110000e+03   7.7649000e+02   6.6345420e+02   3.6000000e+01   1.0000000e+00   4.9400000e+03
   4.0000000e+00   2.6120000e+03   7.2510200e+02   6.2967220e+02   3.6000000e+01   1.0000000e+00   9.5300000e+02
   4.0000000e+00   2.6130000e+03   7.3049600e+02   6.2882020e+02   3.6000000e+01   1.0000000e+00   9.5300000e+02
   4.0000000e+00   2.6140000e+03   7.0125300e+02   6.6004820e+02   2.4000000e+01   1.0000000e+00   9.6100000e+02
   4.0000000e+00   2.6150000e+03   7.0693200e+02   6.5720920e+02   2.4000000e+01   1.0000000e+00   9.6100000e+02
   4.0000000e+00   2.6160000e+03   6.9756300e+02   6.7367420e+02   1.7000000e+01   1.0000000e+00   9.6100000e+02
   4.0000000e+00   2.6170000e+03   6.9444000e+02   6.8559820e+02   1.7000000e+01   1.0000000e+00   9.6100000e+02
   4.0000000e+00   2.6180000e+03   7.1346200e+02   7.2449020e+02   1.7000000e+01   1.0000000e+00   9.6200000e+02
   4.0000000e+00   2.6190000e+03   7.3049600e+02   6.8928820e+02   1.4000000e+01   1.0000000e+00   9.6000000e+02
   4.0000000e+00   2.6200000e+03   7.1573300e+02   7.2477420e+02   1.4000000e+01   1.0000000e+00   9.6200000e+02
   4.0000000e+00   2.6210000e+03   7.1033900e+02   7.2477420e+02   1.3000000e+01   8.0000000e+00   9.6200000e+02
   4.0000000e+00   2.6220000e+03   7.0352500e+02   7.1058020e+02   1.3000000e+01   8.0000000e+00   9.6200000e+02
   3.0000000e+00   2.6230000e+03   4.9456600e+02   8.6529920e+02   3.7000000e+01   2.0000000e+00   7.3900000e+02
   3.0000000e+00   2.6240000e+03   4.7526000e+02   8.8233220e+02   3.7000000e+01   2.0000000e+00   7.3900000e+02
   3.0000000e+00   2.6250000e+03   4.7526000e+02   8.5905320e+02   3.7000000e+01   1.0000000e+00   7.3900000e+02
   3.0000000e+00   2.6260000e+03   4.7696300e+02   8.3407120e+02   3.0000000e+01   1.0000000e+00   7.4000000e+02
   3.0000000e+00   2.6270000e+03   5.1273600e+02   8.2669020e+02   2.2000000e+01   1.0000000e+00   7.4000000e+02
   3.0000000e+00   2.6280000e+03   4.9229400e+02   8.5337620e+02   2.2000000e+01   1.0000000e+00   7.4000000e+02
   3.0000000e+00   2.6290000e+03   4.8207400e+02   8.5280820e+02   2.2000000e+01   1.0000000e+00   7.4000000e+02
   3.0000000e+00   2.6300000e+03   4.7071700e+02   8.4202020e+02   2.2000000e+01   1.0000000e+00   7.4000000e+02
   3.0000000e+00   2.6310000e+03   5.6213700e+02   7.2619420e+02   1.4000000e+01   1.0000000e+00   1.0670000e+03
   3.0000000e+00   2.6320000e+03   5.7519700e+02   7.2562620e+02   3.0000000e+01   1.0000000e+00   1.0680000e+03
   3.0000000e+00   2.6330000e+03   5.7860400e+02   7.0461820e+02   3.8000000e+01   8.0000000e+00   1.0680000e+03
   5.0000000e+00   2.6340000e+03   6.1986500e+02   6.4045920e+02   1.9300000e+02   1.0000000e+00   1.4900000e+03
   5.0000000e+00   2.6350000e+03   6.0434500e+02   6.3478220e+02   1.8700000e+02   1.0000000e+00   1.4900000e+03
   5.0000000e+00   2.6360000e+03   6.3538600e+02   6.1850520e+02   1.8700000e+02   1.0000000e+00   1.4900000e+03
   5.0000000e+00   2.6370000e+03   6.2970800e+02   6.2418320e+02   1.8700000e+02   1.0000000e+00   1.4900000e+03
   5.0000000e+00   2.6380000e+03   6.4712100e+02   6.4045920e+02   1.8700000e+02   1.0000000e+00   1.4900000e+03
   5.0000000e+00   2.6390000e+03   6.5317800e+02   6.3629620e+02   1.8700000e+02   1.0000000e+00   1.4900000e+03
   5.0000000e+00   2.6400000e+03   6.4787800e+02   6.1737020e+02   1.8700000e+02   1.0000000e+00   1.4900000e+03
   5.0000000e+00   2.6410000e+03   6.0888800e+02   6.5749320e+02   1.7400000e+02   1.0000000e+00   1.4920000e+03
   5.0000000e+00   2.6420000e+03   6.1608000e+02   6.7187620e+02   1.7400000e+02   1.0000000e+00   1.4920000e+03
   5.0000000e+00   2.6430000e+03   6.1380900e+02   6.5446520e+02   1.6900000e+02   1.0000000e+00   1.4920000e+03
   5.0000000e+00   2.6440000e+03   6.2554400e+02   6.6165620e+02   1.6900000e+02   1.0000000e+00   1.4920000e+03
   5.0000000e+00   2.6450000e+03   7.1715300e+02   6.8739620e+02   1.6300000e+02   1.0000000e+00   1.5220000e+03
   5.0000000e+00   2.6460000e+03   7.0882400e+02   6.8966720e+02   1.6300000e+02   1.0000000e+00   1.5220000e+03
   5.0000000e+00   2.6470000e+03   6.5469200e+02   6.4765120e+02   1.6300000e+02   1.0000000e+00   1.4800000e+03
   5.0000000e+00   2.6480000e+03   6.5166400e+02   6.4462320e+02   1.6000000e+02   1.0000000e+00   1.4800000e+03
   5.0000000e+00   2.6490000e+03   6.5999200e+02   6.6809120e+02   1.6000000e+02   1.0000000e+00   1.4800000e+03
   5.0000000e+00   2.6500000e+03   7.1071700e+02   6.9118120e+02   1.6000000e+02   1.0000000e+00   1.5220000e+03
   5.0000000e+00   2.6510000e+03   7.0844600e+02   6.4273120e+02   1.6000000e+02   1.0000000e+00   1.5220000e+03
   5.0000000e+00   2.6520000e+03   6.3235800e+02   6.5787120e+02   1.5500000e+02   1.0000000e+00   1.4800000e+03
   5.0000000e+00   2.6530000e+03   6.4144300e+02   6.4651620e+02   1.5500000e+02   1.0000000e+00   1.4800000e+03
   5.0000000e+00   2.6540000e+03   6.5923500e+02   6.6998420e+02   1.5500000e+02   1.0000000e+00   1.4800000e+03
   5.0000000e+00   2.6550000e+03   6.7172700e+02   6.5446520e+02   1.5500000e+02   1.0000000e+00   1.4800000e+03
   5.0000000e+00   2.6560000e+03   6.6339900e+02   6.5673620e+02   1.5500000e+02   1.0000000e+00   1.4800000e+03
   5.0000000e+00   2.6570000e+03   6.5431300e+02   6.6014220e+02   1.5500000e+02   1.0000000e+00   1.4800000e+03
   5.0000000e+00   2.6580000e+03   6.9179000e+02   6.6317020e+02   1.5500000e+02   1.0000000e+00   1.5220000e+03
   5.0000000e+00   2.6590000e+03   6.9633200e+02   6.4651620e+02   1.5500000e+02   1.0000000e+00   1.5220000e+03
   5.0000000e+00   2.6600000e+03   7.1033900e+02   6.3932420e+02   1.5500000e+02   1.0000000e+00   1.5220000e+03
   5.0000000e+00   2.6610000e+03   7.1601700e+02   6.6657720e+02   1.5500000e+02   1.0000000e+00   1.5220000e+03
   5.0000000e+00   2.6620000e+03   6.9557500e+02   6.6203520e+02   1.4700000e+02   1.0000000e+00   1.5220000e+03
   5.0000000e+00   2.6630000e+03   5.9450300e+02   5.4885820e+02   1.5200000e+02   1.0000000e+00   2.8490000e+03
   5.0000000e+00   2.6640000e+03   6.0055900e+02   5.4999420e+02   1.4700000e+02   1.0000000e+00   2.8490000e+03
   5.0000000e+00   2.6650000e+03   6.1191600e+02   5.9730820e+02   1.4000000e+02   1.0000000e+00   2.8490000e+03
   8.0000000e+00   2.6690000e+03   4.5737300e+02   5.3229820e+02   1.3100000e+02   1.0000000e+00   2.4250000e+03
   8.0000000e+00   2.6700000e+03   5.2503900e+02   5.2898620e+02   1.0400000e+02   1.0000000e+00   4.9350000e+03
   8.0000000e+00   2.6710000e+03   5.1784700e+02   5.2860720e+02   9.8000000e+01   1.0000000e+00   4.9350000e+03
   8.0000000e+00   2.6720000e+03   4.4516500e+02   6.0241820e+02   7.1000000e+01   1.0000000e+00   2.2220000e+03
   8.0000000e+00   2.6730000e+03   4.5652200e+02   6.1755920e+02   7.1000000e+01   1.0000000e+00   2.2220000e+03
   8.0000000e+00   2.6740000e+03   4.4554400e+02   6.1983020e+02   7.1000000e+01   1.0000000e+00   2.2220000e+03
   8.0000000e+00   2.6750000e+03   3.8762600e+02   6.2399420e+02   7.1000000e+01   1.0000000e+00   2.2200000e+03
   8.0000000e+00   2.6760000e+03   3.8838300e+02   6.1680220e+02   7.1000000e+01   1.0000000e+00   2.2200000e+03
   8.0000000e+00   2.6770000e+03   4.4970800e+02   5.9598420e+02   6.1000000e+01   1.0000000e+00   2.2220000e+03
   8.0000000e+00   2.6780000e+03   4.3380900e+02   6.3459220e+02   5.7000000e+01   1.0000000e+00   2.2230000e+03
   8.0000000e+00   2.6790000e+03   4.1753100e+02   6.3042920e+02   5.7000000e+01   1.0000000e+00   2.2230000e+03
   8.0000000e+00   2.6800000e+03   4.3466000e+02   5.4195020e+02   1.7000000e+01   1.0000000e+00   2.2610000e+03
   8.0000000e+00   2.6810000e+03   4.2642700e+02   5.3911120e+02   1.7000000e+01   1.0000000e+00   2.2610000e+03
   8.0000000e+00   2.6820000e+03   4.5879300e+02   5.3712420e+02   1.7000000e+01   1.0000000e+00   2.2610000e+03
   8.0000000e+00   2.6830000e+03   3.7106400e+02   5.3996320e+02   1.7000000e+01   1.0000000e+00   2.2540000e+03
   8.0000000e+00   2.6840000e+03   4.5794100e+02   5.3400120e+02   1.5000000e+01   1.0000000e+00   2.2610000e+03
   8.0000000e+00   2.6850000e+03   4.0655300e+02   6.1973620e+02   1.2000000e+01   1.0000000e+00   4.9280000e+03
   8.0000000e+00   2.6860000e+03   4.0939200e+02   5.2718820e+02   1.2000000e+01   1.0000000e+00   2.2610000e+03
   8.0000000e+00   2.6870000e+03   4.5680500e+02   5.4138220e+02   1.2000000e+01   1.0000000e+00   2.2610000e+03
   8.0000000e+00   2.6880000e+03   3.9264100e+02   6.1377420e+02   1.0000000e+01   1.0000000e+00   4.9280000e+03
   8.0000000e+00   2.6890000e+03   4.0825700e+02   5.2633620e+02   1.0000000e+01   1.0000000e+00   2.2610000e+03
   8.0000000e+00   2.6900000e+03   4.0626900e+02   6.2910420e+02   7.0000000e+00   1.0000000e+00   4.9280000e+03
   8.0000000e+00   2.6910000e+03   4.0967600e+02   6.2314220e+02   7.0000000e+00   1.0000000e+00   4.9280000e+03
   8.0000000e+00   2.6920000e+03   4.0485000e+02   6.2229120e+02   7.0000000e+00   1.0000000e+00   4.9280000e+03
   8.0000000e+00   2.6930000e+03   4.1336700e+02   5.3882720e+02   7.0000000e+00   1.0000000e+00   2.2610000e+03
   8.0000000e+00   2.6990000e+03   4.3835100e+02   4.7239820e+02   1.4300000e+02   1.0000000e+00   2.4210000e+03
   8.0000000e+00   2.7000000e+03   4.6163200e+02   5.3315020e+02   1.4000000e+02   1.0000000e+00   2.4250000e+03
   8.0000000e+00   2.7010000e+03   4.4573300e+02   5.3769220e+02   1.4000000e+02   1.0000000e+00   2.4250000e+03
   8.0000000e+00   2.7020000e+03   4.3835100e+02   4.7921120e+02   1.3400000e+02   1.0000000e+00   2.4180000e+03
   8.0000000e+00   2.7030000e+03   4.4346200e+02   4.7183020e+02   1.3400000e+02   1.0000000e+00   2.4180000e+03
   8.0000000e+00   2.7040000e+03   4.3721600e+02   4.7069420e+02   1.3400000e+02   1.0000000e+00   2.4180000e+03
   8.0000000e+00   2.7050000e+03   4.4402900e+02   4.8034620e+02   1.3400000e+02   1.0000000e+00   2.4180000e+03
   8.0000000e+00   2.7060000e+03   4.3324100e+02   4.7353320e+02   1.3200000e+02   1.0000000e+00   2.4180000e+03
   8.0000000e+00   2.7070000e+03   4.5708900e+02   5.3031120e+02   1.3200000e+02   1.0000000e+00   2.4250000e+03
   8.0000000e+00   2.7080000e+03   4.6882400e+02   4.9245920e+02   1.2500000e+02   1.0000000e+00   4.9550000e+03
   8.0000000e+00   2.7090000e+03   4.7223100e+02   4.8526720e+02   1.2500000e+02   1.0000000e+00   4.9550000e+03
   8.0000000e+00   2.7100000e+03   4.9835100e+02   4.9965120e+02   1.2200000e+02   1.0000000e+00   2.0900000e+03
   8.0000000e+00   2.7110000e+03   4.6768900e+02   4.9473020e+02   1.2200000e+02   1.0000000e+00   4.9550000e+03
   8.0000000e+00   2.7120000e+03   4.7147400e+02   4.8337520e+02   1.2200000e+02   1.0000000e+00   4.9550000e+03
   8.0000000e+00   2.7130000e+03   4.9873000e+02   4.8678120e+02   1.1700000e+02   1.0000000e+00   2.0900000e+03
   8.0000000e+00   2.7140000e+03   4.8358800e+02   4.8943120e+02   1.1700000e+02   1.0000000e+00   2.0900000e+03
   8.0000000e+00   2.7150000e+03   4.6163200e+02   4.7769720e+02   1.1700000e+02   1.0000000e+00   4.9550000e+03
   8.0000000e+00   2.7160000e+03   4.6920300e+02   4.7656120e+02   1.1700000e+02   1.0000000e+00   4.9550000e+03
   8.0000000e+00   2.7170000e+03   4.7147400e+02   4.8413220e+02   1.1700000e+02   1.0000000e+00   4.9550000e+03
   8.0000000e+00   2.7180000e+03   4.7147400e+02   4.5725720e+02   1.1700000e+02   1.0000000e+00   2.0890000e+03
   8.0000000e+00   2.7190000e+03   4.5595400e+02   4.1940520e+02   1.1700000e+02   1.0000000e+00   2.0650000e+03
   8.0000000e+00   2.7200000e+03   4.8131700e+02   4.0918520e+02   1.1700000e+02   1.0000000e+00   2.0670000e+03
   8.0000000e+00   2.7210000e+03   5.2787800e+02   4.5006520e+02   1.1700000e+02   1.0000000e+00   4.9360000e+03
   8.0000000e+00   2.7220000e+03   5.1500700e+02   5.1214220e+02   1.1400000e+02   1.0000000e+00   4.9350000e+03
   8.0000000e+00   2.7230000e+03   4.9797300e+02   5.1517020e+02   1.1400000e+02   1.0000000e+00   4.9350000e+03
   8.0000000e+00   2.7240000e+03   4.8699500e+02   5.0835720e+02   1.1400000e+02   1.0000000e+00   2.0900000e+03
   8.0000000e+00   2.7250000e+03   4.7071700e+02   4.1448420e+02   1.1200000e+02   1.0000000e+00   2.0630000e+03
   8.0000000e+00   2.7260000e+03   4.7791000e+02   4.5385020e+02   1.1200000e+02   1.0000000e+00   2.0890000e+03
   8.0000000e+00   2.7270000e+03   4.6731000e+02   4.7845420e+02   1.1200000e+02   1.0000000e+00   2.0890000e+03
   8.0000000e+00   2.7280000e+03   5.3204200e+02   4.5044420e+02   1.1000000e+02   1.0000000e+00   4.9360000e+03
   8.0000000e+00   2.7290000e+03   5.0895100e+02   5.1933420e+02   1.1300000e+02   1.0000000e+00   4.9350000e+03
   8.0000000e+00   2.7300000e+03   4.5898200e+02   4.2091920e+02   1.0600000e+02   1.0000000e+00   2.0610000e+03
   8.0000000e+00   2.7310000e+03   4.7677400e+02   4.6823420e+02   1.0600000e+02   1.0000000e+00   2.0890000e+03
   8.0000000e+00   2.7320000e+03   4.7298800e+02   4.7731820e+02   1.0600000e+02   1.0000000e+00   2.0890000e+03
   8.0000000e+00   2.7330000e+03   5.2295700e+02   5.3068920e+02   1.0600000e+02   1.0000000e+00   4.9350000e+03
   8.0000000e+00   2.7340000e+03   4.6049600e+02   4.1410620e+02   1.0100000e+02   1.0000000e+00   2.0600000e+03
   8.0000000e+00   2.7350000e+03   4.8093800e+02   4.6293520e+02   1.0100000e+02   1.0000000e+00   2.0890000e+03
   8.0000000e+00   2.7360000e+03   4.8093800e+02   4.5309320e+02   1.0100000e+02   1.0000000e+00   2.0890000e+03
   8.0000000e+00   2.7370000e+03   5.2409300e+02   5.2576920e+02   9.7000000e+01   1.0000000e+00   4.9350000e+03
   8.0000000e+00   2.7380000e+03   5.1879300e+02   4.4135920e+02   9.7000000e+01   1.0000000e+00   1.9930000e+03
   8.0000000e+00   2.7390000e+03   4.8548100e+02   4.5385020e+02   9.7000000e+01   1.0000000e+00   2.0890000e+03
   8.0000000e+00   2.7400000e+03   4.9153700e+02   4.5839220e+02   9.7000000e+01   1.0000000e+00   2.0890000e+03
   8.0000000e+00   2.7410000e+03   4.5557500e+02   4.2319020e+02   9.7000000e+01   1.0000000e+00   2.0490000e+03
   8.0000000e+00   2.7420000e+03   5.1955000e+02   5.2652620e+02   9.7000000e+01   1.0000000e+00   4.9350000e+03
   8.0000000e+00   2.7430000e+03   4.0144300e+02   3.7852520e+02   9.1000000e+01   1.0000000e+00   2.0120000e+03
   8.0000000e+00   2.7440000e+03   4.1317800e+02   4.0312920e+02   9.1000000e+01   1.0000000e+00   2.0120000e+03
   8.0000000e+00   2.7450000e+03   3.9652200e+02   4.0918520e+02   9.1000000e+01   1.0000000e+00   2.0120000e+03
   8.0000000e+00   2.7460000e+03   5.0024400e+02   3.9555820e+02   9.1000000e+01   1.0000000e+00   4.9610000e+03
   8.0000000e+00   2.7470000e+03   5.2220000e+02   4.4060220e+02   9.1000000e+01   1.0000000e+00   1.9930000e+03
   8.0000000e+00   2.7480000e+03   5.3317800e+02   4.4022420e+02   9.1000000e+01   1.0000000e+00   1.9930000e+03
   8.0000000e+00   2.7490000e+03   5.2674200e+02   4.4703720e+02   9.1000000e+01   1.0000000e+00   1.9930000e+03
   8.0000000e+00   2.7500000e+03   5.1462900e+02   4.6558420e+02   9.1000000e+01   1.0000000e+00   1.9930000e+03
   8.0000000e+00   2.7510000e+03   4.9078000e+02   3.9820820e+02   8.5000000e+01   1.0000000e+00   4.9580000e+03
   8.0000000e+00   2.7520000e+03   4.9343000e+02   3.9404420e+02   8.5000000e+01   1.0000000e+00   4.9610000e+03
   8.0000000e+00   2.7530000e+03   4.8585900e+02   3.9139520e+02   8.5000000e+01   1.0000000e+00   4.9610000e+03
   8.0000000e+00   2.7540000e+03   5.0516500e+02   4.1297020e+02   8.5000000e+01   1.0000000e+00   4.9610000e+03
   8.0000000e+00   2.7550000e+03   5.2409300e+02   4.5536420e+02   8.5000000e+01   1.0000000e+00   1.9930000e+03
   8.0000000e+00   2.7560000e+03   5.1803600e+02   4.6104220e+02   8.5000000e+01   1.0000000e+00   1.9930000e+03
   8.0000000e+00   2.7570000e+03   4.9040200e+02   3.8874520e+02   8.5000000e+01   1.0000000e+00   4.9610000e+03
   8.0000000e+00   2.7580000e+03   4.1242100e+02   4.0085820e+02   8.5000000e+01   1.0000000e+00   2.0130000e+03
   8.0000000e+00   2.7590000e+03   5.1955000e+02   4.5725720e+02   8.0000000e+01   1.0000000e+00   1.9930000e+03
   8.0000000e+00   2.7600000e+03   5.3582800e+02   4.5612120e+02   8.0000000e+01   1.0000000e+00   1.9930000e+03
   8.0000000e+00   2.7610000e+03   4.9078000e+02   3.9783020e+02   8.0000000e+01   1.0000000e+00   2.0440000e+03
   8.0000000e+00   2.7620000e+03   5.3090600e+02   4.7769720e+02   7.1000000e+01   1.0000000e+00   1.9990000e+03
   8.0000000e+00   2.7630000e+03   5.4188400e+02   4.7958920e+02   7.1000000e+01   1.0000000e+00   1.9990000e+03
   8.0000000e+00   2.7640000e+03   5.3734200e+02   5.0116520e+02   6.6000000e+01   1.0000000e+00   1.9990000e+03
   8.0000000e+00   2.7650000e+03   4.3021200e+02   3.8306720e+02   6.6000000e+01   1.0000000e+00   2.1000000e+03
   8.0000000e+00   2.7660000e+03   4.2302000e+02   3.8496020e+02   6.0000000e+01   1.0000000e+00   2.1000000e+03
   8.0000000e+00   2.7670000e+03   4.4951800e+02   3.9366620e+02   5.5000000e+01   1.0000000e+00   4.9340000e+03
   8.0000000e+00   2.7680000e+03   4.5860400e+02   3.8117520e+02   5.5000000e+01   1.0000000e+00   4.9340000e+03
   8.0000000e+00   2.7690000e+03   4.5973900e+02   4.1637720e+02   5.5000000e+01   1.0000000e+00   2.1070000e+03
   8.0000000e+00   2.7700000e+03   4.4800400e+02   4.3719520e+02   5.5000000e+01   1.0000000e+00   2.1060000e+03
   8.0000000e+00   2.7710000e+03   4.6731000e+02   4.4022420e+02   5.5000000e+01   1.0000000e+00   2.1060000e+03
   8.0000000e+00   2.7720000e+03   4.4384000e+02   4.4325220e+02   5.5000000e+01   1.0000000e+00   2.1060000e+03
   8.0000000e+00   2.7730000e+03   4.6201100e+02   4.6369220e+02   5.5000000e+01   1.0000000e+00   2.1060000e+03
   8.0000000e+00   2.7740000e+03   4.6011800e+02   3.8950220e+02   5.0000000e+01   1.0000000e+00   4.9330000e+03
   8.0000000e+00   2.7750000e+03   4.4989700e+02   3.9518020e+02   5.0000000e+01   1.0000000e+00   4.9330000e+03
   8.0000000e+00   2.7760000e+03   4.6238900e+02   4.0577820e+02   5.0000000e+01   1.0000000e+00   4.9330000e+03
   8.0000000e+00   2.7770000e+03   4.6390300e+02   4.1410620e+02   5.0000000e+01   1.0000000e+00   4.9310000e+03
   8.0000000e+00   2.7780000e+03   4.4308300e+02   4.3795220e+02   5.0000000e+01   1.0000000e+00   2.1090000e+03
   8.0000000e+00   2.7790000e+03   4.4270500e+02   4.4703720e+02   5.0000000e+01   1.0000000e+00   2.1090000e+03
   8.0000000e+00   2.7800000e+03   4.4611100e+02   4.4779420e+02   5.0000000e+01   1.0000000e+00   2.1090000e+03
   8.0000000e+00   2.7810000e+03   4.5444000e+02   4.7164020e+02   5.0000000e+01   1.0000000e+00   2.1090000e+03
   8.0000000e+00   2.7820000e+03   4.1317800e+02   3.8496020e+02   4.3000000e+01   1.0000000e+00   2.1000000e+03
   8.0000000e+00   2.7830000e+03   3.9690000e+02   3.9745120e+02   4.3000000e+01   1.0000000e+00   2.1000000e+03
   8.0000000e+00   2.7840000e+03   4.6617500e+02   3.9745120e+02   4.3000000e+01   2.0000000e+00   2.1110000e+03
   8.0000000e+00   2.7850000e+03   4.4119000e+02   5.0835720e+02   4.3000000e+01   1.0000000e+00   2.3560000e+03
   8.0000000e+00   2.7860000e+03   4.3854100e+02   4.9435220e+02   3.8000000e+01   1.0000000e+00   2.3560000e+03
   8.0000000e+00   2.7870000e+03   4.8396600e+02   3.9215220e+02   3.8000000e+01   1.0000000e+00   2.1110000e+03
   8.0000000e+00   2.7880000e+03   4.5519700e+02   4.2243320e+02   3.8000000e+01   1.0000000e+00   2.1120000e+03
   8.0000000e+00   2.7890000e+03   3.9273600e+02   3.8496020e+02   3.5000000e+01   1.0000000e+00   2.1000000e+03
   8.0000000e+00   2.7900000e+03   3.9841400e+02   3.9139520e+02   3.5000000e+01   1.0000000e+00   2.1000000e+03
   8.0000000e+00   2.7910000e+03   4.7980200e+02   3.9063820e+02   3.5000000e+01   1.0000000e+00   2.1110000e+03
   8.0000000e+00   2.7920000e+03   4.4914000e+02   4.2470420e+02   3.5000000e+01   2.0000000e+00   2.1120000e+03
   8.0000000e+00   2.7930000e+03   3.7115900e+02   5.4090920e+02   1.6000000e+01   2.0000000e+00   2.2540000e+03
   8.0000000e+00   2.7940000e+03   4.4270500e+02   5.4355920e+02   1.6000000e+01   2.0000000e+00   2.2610000e+03
   8.0000000e+00   2.7950000e+03   4.6011800e+02   5.3598920e+02   1.6000000e+01   2.0000000e+00   2.2610000e+03
   8.0000000e+00   2.7960000e+03   4.3589100e+02   5.3712420e+02   1.6000000e+01   2.0000000e+00   2.2610000e+03
   8.0000000e+00   2.7970000e+03   4.5481800e+02   5.4166620e+02   1.6000000e+01   2.0000000e+00   2.2610000e+03
   8.0000000e+00   2.7980000e+03   4.1355600e+02   5.4090920e+02   9.0000000e+00   2.0000000e+00   2.2610000e+03
   8.0000000e+00   2.7990000e+03   4.0749900e+02   5.2690420e+02   9.0000000e+00   2.0000000e+00   2.2610000e+03
   8.0000000e+00   2.8000000e+03   4.3475500e+02   5.0873520e+02   9.0000000e+00   2.0000000e+00   2.2600000e+03
   8.0000000e+00   2.8010000e+03   4.2074900e+02   5.0532920e+02   9.0000000e+00   2.0000000e+00   2.2600000e+03
   1.0000000e+01   2.8020000e+03   7.1563800e+02   4.7921120e+02   8.0000000e+00   1.0000000e+00   4.8090000e+03
   1.0000000e+01   2.8030000e+03   7.1488100e+02   4.9094520e+02   8.0000000e+00   1.0000000e+00   4.8090000e+03
   1.0000000e+01   2.8040000e+03   7.2245200e+02   5.5226520e+02   1.2000000e+01   1.0000000e+00   4.8070000e+03
   1.0000000e+01   2.8050000e+03   7.2888800e+02   5.5794320e+02   1.2000000e+01   1.0000000e+00   4.8070000e+03
   1.0000000e+01   2.8060000e+03   7.3683700e+02   5.6097120e+02   1.6000000e+01   1.0000000e+00   4.8070000e+03
   1.0000000e+01   2.8070000e+03   7.2093800e+02   5.6324220e+02   1.6000000e+01   1.0000000e+00   4.8070000e+03
   1.0000000e+01   2.8080000e+03   6.6794100e+02   4.8716020e+02   1.8000000e+01   1.0000000e+00   4.8090000e+03
   1.0000000e+01   2.8090000e+03   6.7551200e+02   4.7769720e+02   2.3000000e+01   1.0000000e+00   4.8090000e+03
   1.0000000e+01   2.8100000e+03   6.8573300e+02   4.7580420e+02   3.0000000e+01   1.0000000e+00   4.8090000e+03
   1.0000000e+01   2.8110000e+03   7.0617500e+02   5.4772320e+02   3.0000000e+01   1.0000000e+00   4.8920000e+03
   1.0000000e+01   2.8120000e+03   7.1866700e+02   5.6437720e+02   3.0000000e+01   1.0000000e+00   4.8920000e+03
   1.0000000e+01   2.8130000e+03   6.7286200e+02   4.8943120e+02   3.4000000e+01   1.0000000e+00   4.8120000e+03
   1.0000000e+01   2.8140000e+03   6.5809900e+02   4.8753820e+02   3.4000000e+01   1.0000000e+00   4.8130000e+03
   1.0000000e+01   2.8150000e+03   7.2926600e+02   5.5264320e+02   3.4000000e+01   1.0000000e+00   4.8940000e+03
   1.0000000e+01   2.8160000e+03   7.2888800e+02   5.4545120e+02   3.4000000e+01   1.0000000e+00   4.8940000e+03
   1.0000000e+01   2.8170000e+03   7.6712100e+02   5.7440820e+02   4.9000000e+01   1.0000000e+00   4.8200000e+03
   1.0000000e+01   2.8180000e+03   7.6030700e+02   5.7100120e+02   4.9000000e+01   1.0000000e+00   4.8200000e+03
   1.0000000e+01   2.8190000e+03   7.5462900e+02   5.6456720e+02   4.9000000e+01   1.0000000e+00   4.8200000e+03
   1.0000000e+01   2.8200000e+03   7.4100100e+02   5.8765620e+02   4.9000000e+01   1.0000000e+00   4.8340000e+03
   1.0000000e+01   2.8210000e+03   7.3759400e+02   5.8235720e+02   4.9000000e+01   1.0000000e+00   4.8340000e+03
   1.0000000e+01   2.8220000e+03   7.3532300e+02   5.8879220e+02   7.1000000e+01   1.0000000e+00   4.8230000e+03
   1.0000000e+01   2.8230000e+03   7.1715300e+02   5.7403020e+02   7.1000000e+01   1.0000000e+00   4.8230000e+03
   9.0000000e+00   2.8240000e+03   8.3223100e+02   4.9681220e+02   8.4000000e+01   1.0000000e+00   4.3860000e+03
   9.0000000e+00   2.8250000e+03   8.2466000e+02   4.9605520e+02   8.4000000e+01   1.0000000e+00   4.3860000e+03
   9.0000000e+00   2.8270000e+03   8.1557500e+02   4.7447920e+02   9.7000000e+01   1.0000000e+00   4.3830000e+03
   9.0000000e+00   2.8280000e+03   8.2428200e+02   4.7334420e+02   9.7000000e+01   1.0000000e+00   4.3830000e+03
   9.0000000e+00   2.8290000e+03   8.2011800e+02   4.9605520e+02   1.0200000e+02   1.0000000e+00   4.3830000e+03
   9.0000000e+00   2.8300000e+03   8.2541700e+02   4.9151320e+02   1.0200000e+02   1.0000000e+00   4.3830000e+03
   9.0000000e+00   2.8310000e+03   8.2087500e+02   4.8205020e+02   1.0200000e+02   1.0000000e+00   4.3830000e+03
   9.0000000e+00   2.8320000e+03   8.3147400e+02   4.7258720e+02   1.0200000e+02   1.0000000e+00   4.3830000e+03
   1.0000000e+01   2.8350000e+03   7.5235800e+02   5.9560520e+02   2.6000000e+01   1.0000000e+00   4.8890000e+03
   1.0000000e+01   2.8360000e+03   7.4440800e+02   5.8746720e+02   2.6000000e+01   1.0000000e+00   4.8890000e+03
   1.0000000e+01   2.8370000e+03   7.9021200e+02   6.1434220e+02   3.1000000e+01   1.0000000e+00   4.8880000e+03
   1.0000000e+01   2.8380000e+03   7.9134800e+02   6.2380520e+02   3.1000000e+01   1.0000000e+00   4.8880000e+03
   1.0000000e+01   2.8390000e+03   7.8567000e+02   6.2948220e+02   3.7000000e+01   1.0000000e+00   4.8880000e+03
   1.0000000e+01   2.8400000e+03   7.6447100e+02   6.0752820e+02   3.7000000e+01   1.0000000e+00   4.8880000e+03
   1.0000000e+01   2.8410000e+03   7.9134800e+02   6.3288920e+02   4.5000000e+01   1.0000000e+00   4.8780000e+03
   1.0000000e+01   2.8420000e+03   7.9929800e+02   6.3061820e+02   4.5000000e+01   1.0000000e+00   4.8780000e+03
   1.0000000e+01   2.8430000e+03   7.6257800e+02   6.1017820e+02   4.5000000e+01   1.0000000e+00   4.8870000e+03
   1.0000000e+01   2.8440000e+03   7.2888800e+02   6.0185120e+02   6.8000000e+01   1.0000000e+00   4.8230000e+03
   1.0000000e+01   2.8450000e+03   7.2888800e+02   5.8898120e+02   6.8000000e+01   1.0000000e+00   4.8230000e+03
   1.0000000e+01   2.8460000e+03   7.1298800e+02   5.7649020e+02   6.8000000e+01   1.0000000e+00   4.8230000e+03
   1.0000000e+01   2.8470000e+03   7.4705800e+02   6.0979920e+02   6.8000000e+01   1.0000000e+00   4.8230000e+03
   1.0000000e+01   2.8480000e+03   7.4970800e+02   6.0677120e+02   6.8000000e+01   1.0000000e+00   4.8230000e+03
   1.0000000e+01   2.8490000e+03   7.4781500e+02   6.0071520e+02   6.8000000e+01   1.0000000e+00   4.8230000e+03
   1.0000000e+01   2.8500000e+03   7.4440800e+02   5.9125220e+02   7.1000000e+01   1.0000000e+00   4.8230000e+03
   1.0000000e+01   2.8510000e+03   7.2699500e+02   6.0601420e+02   7.7000000e+01   1.0000000e+00   4.8230000e+03
   1.0000000e+01   2.8520000e+03   7.3494400e+02   5.9768720e+02   7.7000000e+01   1.0000000e+00   4.8230000e+03
   1.0000000e+01   2.8530000e+03   7.1753100e+02   5.8708820e+02   7.7000000e+01   1.0000000e+00   4.8230000e+03
   9.0000000e+00   2.8260000e+03   8.1179000e+02   4.7750820e+02   9.1000000e+01   1.0000000e+00   4.3350000e+03
   7.0000000e+00   2.8540000e+03   7.5065400e+02   6.4064920e+02   1.4500000e+02   5.0000000e+00   1.3580000e+03
   7.0000000e+00   2.8550000e+03   7.8131700e+02   6.4632620e+02   1.3900000e+02   5.0000000e+00   1.3570000e+03
   7.0000000e+00   2.8560000e+03   7.5065400e+02   6.5389720e+02   1.3900000e+02   5.0000000e+00   1.3580000e+03
   7.0000000e+00   2.8570000e+03   7.6352500e+02   6.1718120e+02   1.3500000e+02   5.0000000e+00   1.3580000e+03
   7.0000000e+00   2.8580000e+03   6.3141100e+02   6.5692520e+02   1.2800000e+02   5.0000000e+00   1.3640000e+03
   7.0000000e+00   2.8590000e+03   7.5235800e+02   6.5011220e+02   1.2800000e+02   5.0000000e+00   1.3590000e+03
   7.0000000e+00   2.8600000e+03   6.3992900e+02   6.5806020e+02   1.2000000e+02   5.0000000e+00   1.3640000e+03
   7.0000000e+00   2.8610000e+03   6.4958200e+02   6.5522220e+02   1.1800000e+02   5.0000000e+00   1.3640000e+03
   7.0000000e+00   2.8620000e+03   6.5526000e+02   6.5181520e+02   1.1500000e+02   5.0000000e+00   1.3630000e+03
   1.0000000e+00   2.8630000e+03   7.3759400e+02   6.8474620e+02   1.2500000e+02   4.0000000e+00   3.3000000e+01
   1.0000000e+00   2.8640000e+03   7.2907700e+02   6.8815320e+02   1.2500000e+02   4.0000000e+00   3.3000000e+01
   1.0000000e+00   2.8650000e+03   6.5128500e+02   6.8304320e+02   1.1400000e+02   5.0000000e+00   5.1100000e+02
   1.0000000e+00   2.8660000e+03   6.5809900e+02   7.0405020e+02   1.1400000e+02   5.0000000e+00   5.1100000e+02
   1.0000000e+00   2.8670000e+03   6.8535400e+02   6.6657720e+02   1.0400000e+02   5.0000000e+00   5.0900000e+02
   1.0000000e+00   2.8680000e+03   6.2743600e+02   6.6941620e+02   1.0400000e+02   5.0000000e+00   5.1600000e+02
   6.0000000e+00   2.8690000e+03   8.0857200e+02   4.9037720e+02   1.1700000e+02   4.0000000e+00   2.6130000e+03
   6.0000000e+00   2.8700000e+03   8.2485000e+02   4.7826520e+02   1.1700000e+02   4.0000000e+00   2.6140000e+03
   6.0000000e+00   2.8710000e+03   8.5589100e+02   4.6047420e+02   1.1700000e+02   4.0000000e+00   2.6610000e+03
   6.0000000e+00   2.8720000e+03   8.3999200e+02   4.5782520e+02   1.1700000e+02   4.0000000e+00   2.6610000e+03
   6.0000000e+00   2.8730000e+03   8.5778300e+02   4.5517520e+02   1.1700000e+02   4.0000000e+00   2.6610000e+03
   6.0000000e+00   2.8740000e+03   8.3317800e+02   4.7523620e+02   1.2300000e+02   4.0000000e+00   2.6170000e+03
   6.0000000e+00   2.8750000e+03   8.5286200e+02   4.8999920e+02   1.2300000e+02   4.0000000e+00   2.6170000e+03
   1.2000000e+01   2.8760000e+03   1.1980990e+03   9.3343220e+02   4.6000000e+01   1.0000000e+00   3.9650000e+03
   1.2000000e+01   2.8770000e+03   1.1963950e+03   9.2718720e+02   4.6000000e+01   1.0000000e+00   3.9650000e+03
   1.2000000e+01   2.8780000e+03   1.1941240e+03   9.2037320e+02   4.6000000e+01   1.0000000e+00   3.9650000e+03
   1.2000000e+01   2.8790000e+03   1.1884460e+03   9.3059320e+02   4.6000000e+01   1.0000000e+00   3.9650000e+03
   1.2000000e+01   2.8800000e+03   1.2187300e+03   8.8555020e+02   5.1000000e+01   1.0000000e+00   3.9780000e+03
   1.1000000e+01   2.8810000e+03   1.0589820e+03   9.9910520e+02   4.7000000e+01   1.0000000e+00   4.0190000e+03
   1.1000000e+01   2.8820000e+03   1.0574680e+03   1.0066752e+03   4.7000000e+01   1.0000000e+00   4.0190000e+03
   1.1000000e+01   2.8830000e+03   1.0657960e+03   1.0028902e+03   5.0000000e+01   1.0000000e+00   4.0190000e+03
   1.1000000e+01   2.8840000e+03   1.0604960e+03   9.9834820e+02   5.0000000e+01   1.0000000e+00   4.0190000e+03
   1.2000000e+01   2.8850000e+03   1.2202440e+03   8.8819920e+02   5.0000000e+01   1.0000000e+00   3.9780000e+03
   1.2000000e+01   2.8860000e+03   1.2149440e+03   8.9312020e+02   5.6000000e+01   1.0000000e+00   3.9780000e+03
   1.2000000e+01   2.8870000e+03   1.1816320e+03   9.0485420e+02   6.6000000e+01   1.0000000e+00   3.9780000e+03
   1.2000000e+01   2.8880000e+03   1.1539980e+03   9.4081320e+02   8.0000000e+01   1.0000000e+00   3.9640000e+03
   1.2000000e+01   2.8890000e+03   1.1645970e+03   9.4308420e+02   8.0000000e+01   1.0000000e+00   3.9640000e+03
   1.2000000e+01   2.8900000e+03   1.1922310e+03   9.4346320e+02   8.0000000e+01   1.0000000e+00   3.9640000e+03
   1.2000000e+01   2.8910000e+03   1.1899600e+03   9.4611320e+02   8.6000000e+01   1.0000000e+00   3.9640000e+03
   1.2000000e+01   2.8920000e+03   1.0953230e+03   9.3816420e+02   9.2000000e+01   1.0000000e+00   3.9900000e+03
   1.2000000e+01   2.8930000e+03   1.0824520e+03   9.0334020e+02   9.2000000e+01   1.0000000e+00   3.9910000e+03
   1.2000000e+01   2.8940000e+03   1.0763950e+03   8.9690520e+02   9.2000000e+01   1.0000000e+00   3.9910000e+03
   1.2000000e+01   2.8950000e+03   1.0824520e+03   8.9425620e+02   9.2000000e+01   1.0000000e+00   3.9910000e+03
   1.2000000e+01   2.8960000e+03   1.0729880e+03   8.9047020e+02   9.2000000e+01   1.0000000e+00   3.9910000e+03
   1.2000000e+01   2.8970000e+03   1.0782880e+03   8.8403620e+02   9.2000000e+01   1.0000000e+00   3.9910000e+03
   1.2000000e+01   2.8980000e+03   1.1956380e+03   9.0674720e+02   9.4000000e+01   1.0000000e+00   4.0030000e+03
   1.2000000e+01   2.8990000e+03   1.1967740e+03   9.0939620e+02   1.0000000e+02   1.0000000e+00   4.0030000e+03
   1.2000000e+01   2.9000000e+03   1.1903390e+03   8.8744220e+02   1.0900000e+02   1.0000000e+00   4.0030000e+03
   1.2000000e+01   2.9010000e+03   1.1835250e+03   8.8327920e+02   1.0900000e+02   1.0000000e+00   4.0030000e+03
   1.2000000e+01   2.9020000e+03   1.1187930e+03   8.9955520e+02   1.1200000e+02   1.0000000e+00   3.9910000e+03
   1.2000000e+01   2.9030000e+03   1.1184140e+03   8.8214320e+02   1.1200000e+02   1.0000000e+00   3.9910000e+03
   1.2000000e+01   2.9040000e+03   1.1275000e+03   8.7873620e+02   1.1200000e+02   1.0000000e+00   3.9910000e+03
   1.1000000e+01   2.9050000e+03   1.0487610e+03   9.8424820e+02   5.0000000e+01   1.0000000e+00   4.0190000e+03
   1.1000000e+01   2.9060000e+03   1.0303070e+03   9.7686720e+02   5.0000000e+01   1.0000000e+00   4.0190000e+03
   1.1000000e+01   2.9070000e+03   1.0305910e+03   1.0038362e+03   5.0000000e+01   1.0000000e+00   4.0190000e+03
   1.1000000e+01   2.9080000e+03   1.0240610e+03   1.0120692e+03   5.4000000e+01   1.0000000e+00   4.0150000e+03
   1.1000000e+01   2.9090000e+03   1.0234930e+03   1.0007142e+03   5.4000000e+01   1.0000000e+00   4.0150000e+03
   1.1000000e+01   2.9100000e+03   1.0317270e+03   9.7232520e+02   5.7000000e+01   1.0000000e+00   4.0150000e+03
   1.1000000e+01   2.9110000e+03   1.0325780e+03   9.7232520e+02   5.9000000e+01   1.0000000e+00   4.0150000e+03
   1.1000000e+01   2.9120000e+03   1.0243450e+03   9.7062220e+02   5.9000000e+01   1.0000000e+00   4.0150000e+03
   1.1000000e+01   2.9130000e+03   1.0271840e+03   9.7999020e+02   5.9000000e+01   1.0000000e+00   4.0150000e+03
   1.1000000e+01   2.9140000e+03   1.0104330e+03   9.8651920e+02   5.9000000e+01   1.0000000e+00   4.0150000e+03
   1.1000000e+01   2.9150000e+03   1.0303070e+03   9.8140920e+02   6.5000000e+01   1.0000000e+00   4.0150000e+03
   1.1000000e+01   2.9160000e+03   1.0209380e+03   9.8254520e+02   6.9000000e+01   1.0000000e+00   4.0150000e+03
   1.1000000e+01   2.9170000e+03   1.0163950e+03   1.0055402e+03   6.9000000e+01   1.0000000e+00   4.0150000e+03
   1.1000000e+01   2.9180000e+03   1.0254810e+03   1.0009982e+03   7.0000000e+01   1.0000000e+00   4.0150000e+03
   1.1000000e+01   2.9190000e+03   1.0365530e+03   9.7260920e+02   7.0000000e+01   1.0000000e+00   4.0230000e+03
   1.1000000e+01   2.9200000e+03   1.0300230e+03   1.0237092e+03   7.0000000e+01   1.0000000e+00   4.0230000e+03
   1.1000000e+01   2.9210000e+03   1.0314430e+03   1.0032692e+03   7.7000000e+01   1.0000000e+00   4.0230000e+03
   1.1000000e+01   2.9220000e+03   1.0263320e+03   9.9219720e+02   8.3000000e+01   1.0000000e+00   4.0230000e+03
   1.1000000e+01   2.9230000e+03   1.0234930e+03   9.8027420e+02   8.3000000e+01   1.0000000e+00   4.0230000e+03
   1.1000000e+01   2.9240000e+03   1.0516000e+03   9.8510020e+02   8.3000000e+01   1.0000000e+00   4.0230000e+03
   1.1000000e+01   2.9250000e+03   1.0464900e+03   9.7459620e+02   8.3000000e+01   1.0000000e+00   4.0230000e+03
   1.1000000e+01   2.9260000e+03   1.0388240e+03   9.7090520e+02   8.6000000e+01   1.0000000e+00   4.0230000e+03
   1.1000000e+01   2.9270000e+03   1.0249130e+03   9.7402820e+02   9.4000000e+01   1.0000000e+00   4.0230000e+03
   1.5000000e+01   3.4460000e+03   8.1009400e+02   1.0131020e+03   1.8300000e+02   1.0000000e+00   5.8330000e+03
   1.5000000e+01   3.4470000e+03   8.0668700e+02   1.0289990e+03   1.8300000e+02   3.0000000e+00   5.8330000e+03
   1.5000000e+01   3.4480000e+03   8.0063100e+02   1.0278640e+03   1.8300000e+02   3.0000000e+00   5.8330000e+03
   1.5000000e+01   3.4490000e+03   7.8813800e+02   1.0225650e+03   1.8300000e+02   3.0000000e+00   5.8320000e+03
   1.5000000e+01   3.4500000e+03   7.9722400e+02   1.0259710e+03   1.7700000e+02   3.0000000e+00   5.8220000e+03
   1.5000000e+01   3.4510000e+03   8.0895900e+02   1.0286210e+03   1.7300000e+02   3.0000000e+00   5.8130000e+03
   1.5000000e+01   3.4520000e+03   8.2523600e+02   1.0395980e+03   1.7300000e+02   3.0000000e+00   5.8120000e+03
   1.5000000e+01   3.4530000e+03   8.2069400e+02   1.0380840e+03   1.6900000e+02   4.0000000e+00   5.8120000e+03
   1.5000000e+01   3.4540000e+03   8.2523600e+02   1.0350560e+03   1.6900000e+02   4.0000000e+00   5.8120000e+03
   1.5000000e+01   3.4550000e+03   8.3394300e+02   1.0274850e+03   1.6900000e+02   4.0000000e+00   5.8110000e+03
   1.5000000e+01   3.4560000e+03   8.3167200e+02   1.0184010e+03   1.6700000e+02   4.0000000e+00   5.8110000e+03
   1.5000000e+01   3.4570000e+03   8.3280700e+02   1.0123450e+03   1.6700000e+02   4.0000000e+00   5.8100000e+03
   1.5000000e+01   3.4580000e+03   8.4832800e+02   1.0104520e+03   1.6100000e+02   4.0000000e+00   5.8090000e+03
   1.5000000e+01   3.4590000e+03   8.6157700e+02   1.0066670e+03   1.6100000e+02   4.0000000e+00   5.8070000e+03
   1.5000000e+01   3.4600000e+03   8.6498400e+02   1.0305140e+03   1.4900000e+02   4.0000000e+00   5.7870000e+03
   1.5000000e+01   3.4610000e+03   8.6044100e+02   1.0233220e+03   1.4900000e+02   5.0000000e+00   5.7870000e+03
   1.5000000e+01   3.4620000e+03   8.6649800e+02   1.0210510e+03   1.4900000e+02   5.0000000e+00   5.7870000e+03
   1.5000000e+01   3.4630000e+03   8.6006300e+02   1.0301350e+03   1.4300000e+02   5.0000000e+00   5.7870000e+03
   1.5000000e+01   3.4640000e+03   8.6801200e+02   1.0206720e+03   1.4300000e+02   5.0000000e+00   5.7870000e+03
   1.5000000e+01   3.4650000e+03   8.2599300e+02   9.8963400e+02   1.6100000e+02   4.0000000e+00   5.8540000e+03
   1.5000000e+01   3.4660000e+03   8.3015700e+02   9.8547000e+02   1.6100000e+02   4.0000000e+00   5.8540000e+03
   1.5000000e+01   3.4670000e+03   8.2561500e+02   9.8206300e+02   1.6100000e+02   4.0000000e+00   5.8550000e+03
   1.5000000e+01   3.4680000e+03   7.8776000e+02   1.0240790e+03   1.8100000e+02   3.0000000e+00   5.8220000e+03
   1.5000000e+01   3.4690000e+03   8.2258600e+02   1.0327850e+03   1.6300000e+02   4.0000000e+00   5.8110000e+03
   1.5000000e+01   3.4700000e+03   8.3129300e+02   1.0267280e+03   1.6300000e+02   4.0000000e+00   5.8110000e+03
   1.7000000e+01   3.4710000e+03   9.1911600e+02   1.6711540e+03   1.4500000e+02   4.0000000e+00   6.6410000e+03
   1.7000000e+01   3.4720000e+03   9.2403700e+02   1.6669910e+03   1.4500000e+02   4.0000000e+00   6.6410000e+03
   1.7000000e+01   3.4730000e+03   9.4883200e+02   1.6223250e+03   1.5500000e+02   4.0000000e+00   6.6360000e+03
   1.7000000e+01   3.4740000e+03   9.3548900e+02   1.6326400e+03   1.6100000e+02   4.0000000e+00   6.6360000e+03
   1.7000000e+01   3.4750000e+03   9.3331200e+02   1.4870050e+03   1.6900000e+02   5.0000000e+00   6.4980000e+03
   1.7000000e+01   3.4760000e+03   9.5564600e+02   1.4870050e+03   1.6900000e+02   5.0000000e+00   6.4990000e+03
   1.7000000e+01   3.4770000e+03   9.1362700e+02   1.3921870e+03   1.6100000e+02   5.0000000e+00   6.4900000e+03
   1.7000000e+01   3.4780000e+03   9.4315400e+02   1.3927550e+03   1.5500000e+02   5.0000000e+00   6.4910000e+03
   1.7000000e+01   3.4790000e+03   9.0851700e+02   1.3925650e+03   1.5900000e+02   5.0000000e+00   6.4890000e+03
   1.7000000e+01   3.4800000e+03   9.6681300e+02   1.3730720e+03   1.2500000e+02   5.0000000e+00   6.4080000e+03
   1.7000000e+01   3.4810000e+03   9.6643500e+02   1.3670160e+03   1.2500000e+02   5.0000000e+00   6.4080000e+03
   1.7000000e+01   3.4820000e+03   9.6946300e+02   1.3583100e+03   1.2500000e+02   5.0000000e+00   6.4070000e+03
   1.7000000e+01   3.4830000e+03   9.4599300e+02   1.3923760e+03   1.2500000e+02   5.0000000e+00   6.4090000e+03
   1.7000000e+01   3.4840000e+03   9.4485800e+02   1.3821560e+03   1.2500000e+02   5.0000000e+00   6.4080000e+03
   1.7000000e+01   3.4850000e+03   9.6908500e+02   1.3878340e+03   1.1900000e+02   5.0000000e+00   6.4100000e+03
   1.7000000e+01   3.4860000e+03   9.5886400e+02   1.3836700e+03   1.1300000e+02   5.0000000e+00   6.4100000e+03
   1.7000000e+01   3.4870000e+03   9.6728700e+02   1.4271050e+03   1.5900000e+02   8.0000000e+00   6.4790000e+03
   1.7000000e+01   3.4880000e+03   9.7892700e+02   1.3998520e+03   1.5900000e+02   8.0000000e+00   6.4790000e+03
   1.6000000e+01   3.4890000e+03   1.0013560e+03   1.3002070e+03   1.0500000e+02   3.0000000e+00   6.3790000e+03
   1.6000000e+01   3.4900000e+03   9.9539400e+02   1.3101430e+03   1.1700000e+02   3.0000000e+00   6.3720000e+03
   1.6000000e+01   3.4910000e+03   1.0093060e+03   1.3038980e+03   1.1700000e+02   3.0000000e+00   6.3710000e+03
   1.6000000e+01   3.4920000e+03   1.0149840e+03   1.2931100e+03   1.1700000e+02   3.0000000e+00   6.3700000e+03
   1.6000000e+01   3.4930000e+03   1.0189590e+03   1.2698310e+03   1.1700000e+02   3.0000000e+00   6.3680000e+03
   1.6000000e+01   3.4940000e+03   1.0995890e+03   1.3337060e+03   1.9300000e+02   8.0000000e+00   6.3500000e+03
   1.6000000e+01   3.4950000e+03   1.1061190e+03   1.3450610e+03   1.7900000e+02   8.0000000e+00   6.3500000e+03
   1.6000000e+01   3.4960000e+03   1.0763090e+03   1.3603910e+03   1.7900000e+02   8.0000000e+00   6.3500000e+03
   1.6000000e+01   3.4970000e+03   1.0677910e+03   1.3524430e+03   1.7900000e+02   8.0000000e+00   6.3500000e+03
   1.6000000e+01   3.4980000e+03   1.0649520e+03   1.3405190e+03   1.7900000e+02   8.0000000e+00   6.3500000e+03
   1.6000000e+01   3.4990000e+03   1.0592740e+03   1.3410870e+03   1.7300000e+02   8.0000000e+00   6.3460000e+03
   1.6000000e+01   3.5000000e+03   1.1180440e+03   1.3515910e+03   1.6900000e+02   8.0000000e+00   6.3510000e+03
   1.6000000e+01   3.5010000e+03   1.0922080e+03   1.3302990e+03   1.6100000e+02   8.0000000e+00   6.3480000e+03
   1.6000000e+01   3.5020000e+03   1.0694950e+03   1.3405190e+03   1.6100000e+02   8.0000000e+00   6.3480000e+03
   1.6000000e+01   3.5030000e+03   1.0851100e+03   1.3010590e+03   1.4500000e+02   8.0000000e+00   6.3870000e+03
   1.6000000e+01   3.5040000e+03   1.0856780e+03   1.3070200e+03   1.4500000e+02   8.0000000e+00   6.3870000e+03
   1.6000000e+01   3.5050000e+03   1.1285480e+03   1.2471200e+03   1.4500000e+02   8.0000000e+00   6.3980000e+03
   1.6000000e+01   3.5060000e+03   1.0839740e+03   1.2789160e+03   1.4500000e+02   8.0000000e+00   6.3940000e+03
   1.6000000e+01   3.5070000e+03   1.0913560e+03   1.2681280e+03   1.4500000e+02   8.0000000e+00   6.3970000e+03
   1.6000000e+01   3.5080000e+03   1.0726180e+03   1.2814710e+03   1.5300000e+02   8.0000000e+00   6.3990000e+03
   1.9000000e+01   3.5090000e+03   6.4372200e+02   1.4131950e+03   1.4300000e+02   4.0000000e+00   7.2930000e+03
   1.9000000e+01   3.5100000e+03   6.5280700e+02   1.4090310e+03   1.4300000e+02   4.0000000e+00   7.2920000e+03
   1.9000000e+01   3.5110000e+03   6.5924300e+02   1.4071380e+03   1.4300000e+02   4.0000000e+00   7.2920000e+03
   1.9000000e+01   3.5120000e+03   6.5507900e+02   1.4275780e+03   1.3700000e+02   4.0000000e+00   7.2920000e+03
   1.9000000e+01   3.5130000e+03   6.5053600e+02   1.4230360e+03   1.3700000e+02   4.0000000e+00   7.2920000e+03
   1.9000000e+01   3.5140000e+03   6.6643500e+02   1.4245500e+03   1.3100000e+02   4.0000000e+00   7.2910000e+03
   1.9000000e+01   3.5150000e+03   6.8914800e+02   1.4835990e+03   1.2700000e+02   4.0000000e+00   8.1880000e+03
   1.9000000e+01   3.5160000e+03   6.8006300e+02   1.4870050e+03   1.1900000e+02   4.0000000e+00   8.1910000e+03
   1.9000000e+01   3.5170000e+03   6.5962100e+02   1.5044170e+03   1.1700000e+02   4.0000000e+00   8.1930000e+03
   1.9000000e+01   3.5180000e+03   6.5129300e+02   1.5184220e+03   1.1700000e+02   4.0000000e+00   8.1950000e+03
   1.8000000e+01   3.5190000e+03   7.4063100e+02   1.6448470e+03   1.5500000e+02   4.0000000e+00   6.9450000e+03
   1.8000000e+01   3.5200000e+03   7.3154500e+02   1.6327350e+03   1.5500000e+02   4.0000000e+00   6.9450000e+03
   2.1000000e+01   3.5210000e+03   8.3981000e+02   1.2854450e+03   7.1000000e+01   4.0000000e+00   8.3710000e+03
   2.1000000e+01   3.5220000e+03   8.4662400e+02   1.2939620e+03   7.7000000e+01   4.0000000e+00   8.3720000e+03
   2.1000000e+01   3.5230000e+03   8.3867500e+02   1.2695470e+03   7.7000000e+01   4.0000000e+00   8.4700000e+03
   2.1000000e+01   3.5240000e+03   8.3470000e+02   1.2615980e+03   8.3000000e+01   4.0000000e+00   8.3690000e+03
   2.1000000e+01   3.5250000e+03   7.8473100e+02   1.3053170e+03   9.3000000e+01   4.0000000e+00   7.9560000e+03
   2.1000000e+01   3.5260000e+03   7.9154500e+02   1.2933940e+03   1.0700000e+02   4.0000000e+00   7.7670000e+03
   2.1000000e+01   3.5270000e+03   7.3703400e+02   1.3070200e+03   1.1900000e+02   4.0000000e+00   7.7640000e+03
   2.1000000e+01   3.5280000e+03   7.5520500e+02   1.3002070e+03   1.3900000e+02   4.0000000e+00   7.6730000e+03
   1.9000000e+01   3.5290000e+03   6.5413200e+02   1.4260640e+03   1.3900000e+02   4.0000000e+00   7.2930000e+03
   1.9000000e+01   3.5300000e+03   6.4391100e+02   1.4078950e+03   1.3900000e+02   4.0000000e+00   7.2930000e+03
   2.0000000e+01   3.5310000e+03   5.3460500e+02   1.2255450e+03   1.9000000e+01   1.0000000e+00   8.1120000e+03
   2.0000000e+01   3.5320000e+03   5.3063100e+02   1.2431460e+03   2.3000000e+01   1.0000000e+00   8.1120000e+03
   2.0000000e+01   3.5330000e+03   5.1757100e+02   1.2527980e+03   2.3000000e+01   1.0000000e+00   8.1120000e+03
   2.0000000e+01   3.5340000e+03   5.2438500e+02   1.2618820e+03   2.9000000e+01   1.0000000e+00   8.1120000e+03
   2.0000000e+01   3.5350000e+03   5.1757100e+02   1.2002790e+03   2.1000000e+01   1.0000000e+00   8.1120000e+03
   2.0000000e+01   3.5360000e+03   5.3006300e+02   1.1948850e+03   3.1000000e+01   1.0000000e+00   8.1120000e+03
   2.0000000e+01   3.5370000e+03   4.9230300e+02   1.2227060e+03   6.1000000e+01   1.0000000e+00   8.1100000e+03
   2.0000000e+01   3.5380000e+03   4.9854900e+02   1.2326420e+03   6.9000000e+01   1.0000000e+00   8.1100000e+03
   2.0000000e+01   3.5390000e+03   5.1189300e+02   1.1849490e+03   7.1000000e+01   1.0000000e+00   8.1080000e+03
   2.0000000e+01   3.5400000e+03   5.0905300e+02   1.2527980e+03   6.5000000e+01   1.0000000e+00   8.1100000e+03
   2.0000000e+01   3.5410000e+03   5.0195600e+02   1.2630180e+03   6.9000000e+01   1.0000000e+00   8.1100000e+03
   2.0000000e+01   3.5420000e+03   5.0053600e+02   1.1818260e+03   6.7000000e+01   1.0000000e+00   8.1080000e+03
   2.0000000e+01   3.5430000e+03   5.0678200e+02   1.1809740e+03   6.7000000e+01   1.0000000e+00   8.1080000e+03
   2.0000000e+01   3.5440000e+03   5.1132500e+02   1.1801230e+03   6.7000000e+01   1.0000000e+00   8.1080000e+03
   2.0000000e+01   3.5450000e+03   4.9968400e+02   1.1903430e+03   6.7000000e+01   1.0000000e+00   8.1080000e+03
   1.9000000e+01   3.5460000e+03   8.0441600e+02   1.2844990e+03   1.4900000e+02   4.0000000e+00   6.8920000e+03
   1.9000000e+01   3.5470000e+03   8.0365900e+02   1.2962330e+03   1.4900000e+02   4.0000000e+00   6.8920000e+03
   1.9000000e+01   3.5480000e+03   7.5596200e+02   1.3295420e+03   1.4900000e+02   4.0000000e+00   6.8950000e+03
   1.9000000e+01   3.5490000e+03   7.6996800e+02   1.3310560e+03   1.5500000e+02   4.0000000e+00   6.8950000e+03
   1.9000000e+01   3.5500000e+03   7.5709700e+02   1.3284070e+03   1.5500000e+02   4.0000000e+00   6.8950000e+03
   2.1000000e+01   3.5510000e+03   7.6391100e+02   1.3024780e+03   1.3500000e+02   4.0000000e+00   7.6730000e+03
   1.7000000e+01   3.5520000e+03   9.2044100e+02   1.2877160e+03   1.5300000e+02   5.0000000e+00   6.4810000e+03
   1.7000000e+01   3.5530000e+03   9.6870600e+02   1.2752250e+03   1.3100000e+02   5.0000000e+00   6.2730000e+03
   1.4000000e+01   3.5540000e+03   9.8914800e+02   9.9871800e+02   1.2700000e+02   5.0000000e+00   5.4970000e+03
   1.4000000e+01   3.5550000e+03   9.5678200e+02   1.0055310e+03   1.2500000e+02   5.0000000e+00   5.5000000e+03
   1.3000000e+01   3.5560000e+03   1.0482010e+03   8.4030900e+02   1.5700000e+02   4.0000000e+00   5.3820000e+03
   1.3000000e+01   3.5570000e+03   1.0425230e+03   8.3406300e+02   1.5700000e+02   4.0000000e+00   5.3820000e+03
   1.3000000e+01   3.5580000e+03   1.0499050e+03   8.6358700e+02   1.5300000e+02   4.0000000e+00   5.3840000e+03
   1.3000000e+01   3.5590000e+03   1.0533120e+03   8.7607800e+02   1.5300000e+02   4.0000000e+00   5.3850000e+03
   1.3000000e+01   3.5600000e+03   1.0692110e+03   8.5904500e+02   1.4700000e+02   4.0000000e+00   5.3840000e+03
   1.3000000e+01   3.5610000e+03   1.0714820e+03   7.8466700e+02   1.4100000e+02   4.0000000e+00   5.0630000e+03
   1.3000000e+01   3.5620000e+03   1.0582330e+03   7.6668700e+02   1.4700000e+02   4.0000000e+00   5.0640000e+03
   1.3000000e+01   3.5630000e+03   1.0692110e+03   7.9961800e+02   1.5100000e+02   4.0000000e+00   5.3800000e+03
