   8.0000000e+00   2.9280000e+03   1.1006230e+03   5.6059220e+02   1.2300000e+02   1.0000000e+00   2.4670000e+03
   8.0000000e+00   2.9290000e+03   1.1051650e+03   5.6892020e+02   1.2000000e+02   1.0000000e+00   2.4670000e+03
   8.0000000e+00   2.9300000e+03   1.0998650e+03   5.8103220e+02   1.1400000e+02   1.0000000e+00   2.4640000e+03
   8.0000000e+00   2.9310000e+03   1.0763950e+03   6.0942120e+02   1.1100000e+02   1.0000000e+00   2.4740000e+03
   8.0000000e+00   2.9320000e+03   1.0710960e+03   6.2645420e+02   1.0300000e+02   1.0000000e+00   2.4730000e+03
   8.0000000e+00   2.9330000e+03   1.0813170e+03   6.0374320e+02   1.0300000e+02   1.0000000e+00   2.4730000e+03
   8.0000000e+00   2.9340000e+03   1.0328620e+03   5.3939520e+02   1.0200000e+02   1.0000000e+00   2.4750000e+03
   8.0000000e+00   2.9350000e+03   1.0400550e+03   5.3901720e+02   1.0200000e+02   1.0000000e+00   2.4750000e+03
   8.0000000e+00   2.9360000e+03   1.1036510e+03   5.2955420e+02   9.9000000e+01   1.0000000e+00   2.4750000e+03
   8.0000000e+00   2.9370000e+03   1.0930520e+03   5.0419320e+02   9.9000000e+01   1.0000000e+00   2.4750000e+03
   8.0000000e+00   2.9380000e+03   1.0718530e+03   5.0646420e+02   9.6000000e+01   1.0000000e+00   2.4780000e+03
   8.0000000e+00   2.9390000e+03   1.1002440e+03   5.2690420e+02   9.1000000e+01   1.0000000e+00   2.4780000e+03
   8.0000000e+00   2.9400000e+03   1.0964590e+03   5.1062820e+02   9.1000000e+01   1.0000000e+00   2.4780000e+03
   8.0000000e+00   2.9410000e+03   1.0718530e+03   5.5983520e+02   9.6000000e+01   1.0000000e+00   2.4760000e+03
   8.0000000e+00   2.9420000e+03   1.0657960e+03   5.1554920e+02   8.9000000e+01   1.0000000e+00   2.4780000e+03
   8.0000000e+00   2.9430000e+03   1.0714740e+03   5.8633120e+02   8.6000000e+01   1.0000000e+00   2.4830000e+03
   8.0000000e+00   2.9440000e+03   1.1066790e+03   5.8898120e+02   8.2000000e+01   1.0000000e+00   2.4830000e+03
   8.0000000e+00   2.9450000e+03   1.0866160e+03   5.7989720e+02   8.2000000e+01   1.0000000e+00   2.4830000e+03
   8.0000000e+00   2.9460000e+03   1.0616320e+03   5.7838320e+02   7.7000000e+01   1.0000000e+00   2.6020000e+03
   8.0000000e+00   2.9470000e+03   1.0574680e+03   5.6589120e+02   7.7000000e+01   1.0000000e+00   2.6020000e+03
   8.0000000e+00   2.9480000e+03   1.0404330e+03   5.4696620e+02   7.0000000e+01   1.0000000e+00   2.4870000e+03
   8.0000000e+00   2.9490000e+03   1.0548180e+03   5.5264320e+02   7.0000000e+01   1.0000000e+00   2.6010000e+03
   8.0000000e+00   2.9500000e+03   1.0498970e+03   5.5037220e+02   6.4000000e+01   1.0000000e+00   2.6010000e+03
   8.0000000e+00   2.9510000e+03   1.0107170e+03   5.4261320e+02   1.2800000e+02   1.0000000e+00   2.4300000e+03
   1.0000000e+00   2.9920000e+03   7.2055900e+02   8.3407120e+02   1.7900000e+02   1.0000000e+00   2.6480000e+03
   1.0000000e+00   2.9930000e+03   7.1488100e+02   8.2867720e+02   1.7900000e+02   1.0000000e+00   2.6480000e+03
   1.0000000e+00   2.9940000e+03   6.5213700e+02   8.3691020e+02   1.7200000e+02   1.0000000e+00   1.2500000e+02
   1.0000000e+00   2.9950000e+03   6.5781500e+02   8.4429120e+02   1.6800000e+02   1.0000000e+00   1.2500000e+02
   1.0000000e+00   2.9960000e+03   6.6832000e+02   8.4457520e+02   1.6800000e+02   1.0000000e+00   1.2500000e+02
   1.0000000e+00   2.9970000e+03   6.7115900e+02   8.2725820e+02   1.6800000e+02   1.0000000e+00   1.2500000e+02
   1.0000000e+00   2.9980000e+03   7.1175800e+02   8.5195620e+02   1.6800000e+02   1.0000000e+00   2.6480000e+03
   1.0000000e+00   2.9990000e+03   7.1033900e+02   8.2300020e+02   1.7100000e+02   1.0000000e+00   2.6480000e+03
   1.0000000e+00   3.0000000e+03   6.5469200e+02   8.3833020e+02   1.6500000e+02   1.0000000e+00   1.2500000e+02
   1.0000000e+00   3.0010000e+03   6.7144300e+02   8.4571120e+02   1.6400000e+02   1.0000000e+00   1.2500000e+02
   1.0000000e+00   3.0020000e+03   6.7996000e+02   8.5252420e+02   1.6400000e+02   1.0000000e+00   1.2500000e+02
   1.0000000e+00   3.0030000e+03   6.8819400e+02   8.5678220e+02   1.6100000e+02   1.0000000e+00   1.2500000e+02
   1.0000000e+00   3.0040000e+03   7.0153700e+02   8.5053720e+02   1.6300000e+02   1.0000000e+00   2.6480000e+03
   1.0000000e+00   3.0050000e+03   7.0863500e+02   8.2243220e+02   1.6300000e+02   1.0000000e+00   2.6480000e+03
   1.0000000e+00   3.0060000e+03   6.5781500e+02   8.3861320e+02   1.5800000e+02   1.0000000e+00   1.2500000e+02
   1.0000000e+00   3.0070000e+03   6.5327200e+02   8.2470320e+02   1.5800000e+02   1.0000000e+00   1.2600000e+02
   1.0000000e+00   3.0080000e+03   7.0721600e+02   8.4116820e+02   1.5800000e+02   1.0000000e+00   2.6480000e+03
   1.0000000e+00   3.0090000e+03   6.9955000e+02   8.6870620e+02   1.5900000e+02   1.0000000e+00   2.6480000e+03
   1.0000000e+00   3.0100000e+03   6.7172700e+02   8.1533520e+02   1.6300000e+02   1.0000000e+00   1.2800000e+02
   1.0000000e+00   3.0110000e+03   6.6633200e+02   8.2612220e+02   1.4800000e+02   1.0000000e+00   1.2700000e+02
   1.0000000e+00   3.0120000e+03   7.0125300e+02   9.0050120e+02   1.3600000e+02   2.0000000e+00   1.1900000e+02
   1.0000000e+00   3.0130000e+03   7.0409300e+02   9.1838620e+02   1.4100000e+02   1.0000000e+00   1.1900000e+02
   1.0000000e+00   3.0140000e+03   7.0352500e+02   9.1952220e+02   1.3200000e+02   1.0000000e+00   1.1900000e+02
   1.0000000e+00   3.0150000e+03   6.9633200e+02   9.2964720e+02   1.1700000e+02   1.0000000e+00   1.1700000e+02
   1.0000000e+00   3.0160000e+03   6.6529100e+02   8.8119720e+02   1.1200000e+02   1.0000000e+00   1.1600000e+02
   1.0000000e+00   3.0170000e+03   6.7021200e+02   8.7589720e+02   1.1200000e+02   1.0000000e+00   1.1600000e+02
   1.0000000e+00   3.0180000e+03   6.6150600e+02   8.8195420e+02   1.0500000e+02   1.0000000e+00   1.1600000e+02
   1.0000000e+00   3.0190000e+03   6.5014900e+02   8.9860820e+02   9.9000000e+01   1.0000000e+00   1.1600000e+02
   1.0000000e+00   3.0200000e+03   6.4257800e+02   8.8876720e+02   9.9000000e+01   1.0000000e+00   1.1600000e+02
   2.0000000e+00   3.0210000e+03   7.2320900e+02   9.0277220e+02   9.0000000e+01   1.0000000e+00   2.4200000e+02
   2.0000000e+00   3.0220000e+03   7.2661600e+02   8.9747320e+02   9.0000000e+01   1.0000000e+00   2.4200000e+02
   2.0000000e+00   3.0230000e+03   7.3645900e+02   9.1639920e+02   7.9000000e+01   3.0000000e+00   2.3600000e+02
   2.0000000e+00   3.0240000e+03   7.2093800e+02   9.2056320e+02   7.9000000e+01   3.0000000e+00   2.3600000e+02
   2.0000000e+00   3.0250000e+03   7.1298800e+02   8.9936620e+02   7.3000000e+01   3.0000000e+00   2.3400000e+02
   2.0000000e+00   3.0260000e+03   7.1526000e+02   9.0769320e+02   7.3000000e+01   3.0000000e+00   2.3400000e+02
   2.0000000e+00   3.0270000e+03   7.1715300e+02   9.1753420e+02   7.3000000e+01   3.0000000e+00   2.3100000e+02
   2.0000000e+00   3.0280000e+03   7.3418700e+02   9.7525820e+02   7.3000000e+01   1.0000000e+00   2.0400000e+02
   2.0000000e+00   3.0290000e+03   5.7671100e+02   1.0392282e+03   2.6000000e+01   1.0000000e+00   1.6600000e+02
   2.0000000e+00   3.0300000e+03   5.9261000e+02   1.0380922e+03   2.6000000e+01   1.0000000e+00   1.6600000e+02
   2.0000000e+00   3.0310000e+03   5.7179000e+02   1.0490692e+03   3.3000000e+01   1.0000000e+00   1.6600000e+02
   2.0000000e+00   3.0320000e+03   5.9488100e+02   1.0354432e+03   3.4000000e+01   1.0000000e+00   1.6600000e+02
   2.0000000e+00   3.0330000e+03   5.6914000e+02   1.0384712e+03   3.4000000e+01   1.0000000e+00   1.6600000e+02
   2.0000000e+00   3.0340000e+03   5.8844600e+02   1.0259802e+03   3.4000000e+01   1.0000000e+00   1.6600000e+02
   2.0000000e+00   3.0350000e+03   5.9866700e+02   1.0176522e+03   3.9000000e+01   1.0000000e+00   1.6600000e+02
   2.0000000e+00   3.0360000e+03   6.0018100e+02   1.0168952e+03   4.6000000e+01   1.0000000e+00   1.6600000e+02
   2.0000000e+00   3.0370000e+03   6.1797300e+02   1.0176522e+03   5.0000000e+01   1.0000000e+00   1.6600000e+02
   2.0000000e+00   3.0380000e+03   5.8011800e+02   1.0233302e+03   6.3000000e+01   1.0000000e+00   1.6300000e+02
   2.0000000e+00   3.0390000e+03   5.8958200e+02   1.0233302e+03   6.3000000e+01   1.0000000e+00   1.6300000e+02
   2.0000000e+00   3.0400000e+03   5.8768900e+02   1.0324152e+03   6.8000000e+01   1.0000000e+00   1.6300000e+02
   2.0000000e+00   3.0410000e+03   6.0055900e+02   1.0369572e+03   6.8000000e+01   1.0000000e+00   1.6300000e+02
   2.0000000e+00   3.0420000e+03   5.9715300e+02   1.0422562e+03   6.8000000e+01   1.0000000e+00   1.6300000e+02
   2.0000000e+00   3.0430000e+03   6.2213700e+02   1.0267372e+03   7.5000000e+01   1.0000000e+00   1.6300000e+02
   2.0000000e+00   3.0440000e+03   6.0926600e+02   1.0460412e+03   7.5000000e+01   1.0000000e+00   1.6300000e+02
   1.0000000e+00   3.0450000e+03   5.2750000e+02   8.6529920e+02   1.5800000e+02   1.0000000e+00   7.4000000e+01
   1.0000000e+00   3.0460000e+03   5.4169500e+02   8.6359620e+02   1.5800000e+02   1.0000000e+00   7.4000000e+01
   1.0000000e+00   3.0470000e+03   5.6384000e+02   8.7722220e+02   1.4800000e+02   3.0000000e+00   7.5000000e+01
   1.0000000e+00   3.0480000e+03   5.6611100e+02   9.2945820e+02   1.4900000e+02   1.0000000e+00   9.9000000e+01
   1.0000000e+00   3.0490000e+03   5.6781500e+02   9.1526320e+02   1.4900000e+02   1.0000000e+00   9.9000000e+01
   1.0000000e+00   3.0500000e+03   6.2175800e+02   8.5280820e+02   1.4900000e+02   1.0000000e+00   9.3000000e+01
   1.0000000e+00   3.0510000e+03   5.3999200e+02   9.1639920e+02   1.4100000e+02   2.0000000e+00   1.0000000e+02
   1.0000000e+00   3.0520000e+03   5.4567000e+02   9.1242420e+02   1.4100000e+02   2.0000000e+00   1.0000000e+02
   1.0000000e+00   3.0530000e+03   6.1891900e+02   9.2661920e+02   1.4100000e+02   1.0000000e+00   1.0300000e+02
   1.0000000e+00   3.0550000e+03   6.1153700e+02   9.2094120e+02   1.3600000e+02   3.0000000e+00   1.0300000e+02
   1.0000000e+00   3.0560000e+03   5.4226300e+02   8.5110520e+02   1.3200000e+02   3.0000000e+00   7.8000000e+01
   1.0000000e+00   3.0570000e+03   5.6781500e+02   8.3463920e+02   1.2400000e+02   1.0000000e+00   9.5000000e+01
   1.0000000e+00   3.0580000e+03   5.8371400e+02   8.2839320e+02   1.2400000e+02   1.0000000e+00   9.5000000e+01
   1.0000000e+00   3.0590000e+03   5.3601700e+02   8.5678220e+02   1.2300000e+02   2.0000000e+00   7.8000000e+01
   1.0000000e+00   3.0600000e+03   7.0352500e+02   9.2945820e+02   1.1900000e+02   1.0000000e+00   1.1700000e+02
   1.0000000e+00   3.0610000e+03   6.2062300e+02   9.3229720e+02   1.2200000e+02   3.0000000e+00   1.0800000e+02
   1.0000000e+00   3.0620000e+03   6.2402900e+02   9.6522820e+02   1.2200000e+02   1.0000000e+00   1.1100000e+02
   1.0000000e+00   3.0630000e+03   6.1494400e+02   9.6920220e+02   1.2200000e+02   1.0000000e+00   1.1100000e+02
   1.0000000e+00   3.0640000e+03   6.1835100e+02   9.6920220e+02   1.1600000e+02   1.0000000e+00   1.1100000e+02
   1.0000000e+00   3.0650000e+03   6.1664800e+02   9.3229720e+02   1.1700000e+02   1.0000000e+00   1.1100000e+02
   2.0000000e+00   3.0670000e+03   7.1261000e+02   8.9936620e+02   7.7000000e+01   3.0000000e+00   2.3400000e+02
   2.0000000e+00   3.0680000e+03   7.0636400e+02   9.3229720e+02   7.6000000e+01   3.0000000e+00   2.2800000e+02
   2.0000000e+00   3.0690000e+03   7.0125300e+02   9.4081320e+02   7.6000000e+01   3.0000000e+00   2.2800000e+02
   2.0000000e+00   3.0700000e+03   6.2289400e+02   1.0293862e+03   6.2000000e+01   3.0000000e+00   1.6300000e+02
   2.0000000e+00   3.0710000e+03   6.5639500e+02   9.9361620e+02   6.2000000e+01   3.0000000e+00   1.6000000e+02
   2.0000000e+00   3.0720000e+03   6.1551200e+02   1.0197342e+03   5.9000000e+01   3.0000000e+00   1.6200000e+02
   2.0000000e+00   3.0730000e+03   6.3311500e+02   1.0282512e+03   5.9000000e+01   3.0000000e+00   1.6200000e+02
   2.0000000e+00   3.0740000e+03   5.8030700e+02   1.0259802e+03   5.7000000e+01   1.0000000e+00   1.6300000e+02
   2.0000000e+00   3.0750000e+03   6.7002300e+02   9.6636320e+02   5.7000000e+01   4.0000000e+00   1.7500000e+02
   2.0000000e+00   3.0760000e+03   6.7286200e+02   9.6409220e+02   5.2000000e+01   4.0000000e+00   1.7500000e+02
   2.0000000e+00   3.0770000e+03   6.7683700e+02   9.6806720e+02   4.7000000e+01   4.0000000e+00   1.7500000e+02
   2.0000000e+00   3.0780000e+03   6.8649000e+02   9.5273720e+02   4.0000000e+01   4.0000000e+00   1.8500000e+02
   2.0000000e+00   3.0790000e+03   6.8592200e+02   9.6693120e+02   3.6000000e+01   4.0000000e+00   1.9500000e+02
   2.0000000e+00   3.0800000e+03   5.8087500e+02   1.0492592e+03   5.3000000e+01   1.0000000e+00   1.6300000e+02
   2.0000000e+00   3.0810000e+03   5.6043300e+02   1.0276832e+03   5.3000000e+01   1.0000000e+00   1.3700000e+02
   2.0000000e+00   3.0820000e+03   6.0074900e+02   1.0163282e+03   4.8000000e+01   1.0000000e+00   1.6600000e+02
   2.0000000e+00   3.0830000e+03   5.9961300e+02   1.0106502e+03   4.8000000e+01   1.0000000e+00   1.6600000e+02
   2.0000000e+00   3.0840000e+03   6.0983400e+02   1.0327932e+03   4.4000000e+01   3.0000000e+00   1.6600000e+02
   2.0000000e+00   3.0850000e+03   5.9961300e+02   1.0350642e+03   4.4000000e+01   3.0000000e+00   1.6600000e+02
   2.0000000e+00   3.0860000e+03   5.6951800e+02   1.0379032e+03   3.8000000e+01   3.0000000e+00   1.6600000e+02
   2.0000000e+00   3.0870000e+03   5.8882400e+02   1.0254122e+03   3.8000000e+01   3.0000000e+00   1.6600000e+02
   2.0000000e+00   3.0880000e+03   5.8087500e+02   1.0327932e+03   4.0000000e+01   3.0000000e+00   1.6600000e+02
   1.0000000e+00   3.1530000e+03   5.7888800e+02   7.8779720e+02   1.1900000e+02   1.0000000e+00   9.5000000e+01
   1.0000000e+00   3.1540000e+03   5.6213700e+02   8.1561920e+02   1.0300000e+02   1.0000000e+00   9.6000000e+01
   1.0000000e+00   3.1550000e+03   5.5475500e+02   7.9517920e+02   9.9000000e+01   1.0000000e+00   9.5000000e+01
   1.0000000e+00   3.1560000e+03   6.1494400e+02   8.1249620e+02   9.9000000e+01   1.0000000e+00   9.5000000e+01
   1.0000000e+00   3.1570000e+03   6.0245200e+02   8.1930920e+02   9.9000000e+01   1.0000000e+00   9.5000000e+01
   1.0000000e+00   3.1580000e+03   5.9601700e+02   8.2423020e+02   9.7000000e+01   1.0000000e+00   9.5000000e+01
   1.0000000e+00   3.1590000e+03   5.6384000e+02   7.8751420e+02   1.0300000e+02   1.0000000e+00   9.5000000e+01
   1.0000000e+00   3.1600000e+03   5.6346200e+02   8.1173920e+02   9.4000000e+01   1.0000000e+00   9.6000000e+01
   1.0000000e+00   3.1610000e+03   5.5172700e+02   8.2006620e+02   9.4000000e+01   1.0000000e+00   9.6000000e+01
   1.0000000e+00   3.1620000e+03   5.5702600e+02   8.1628120e+02   9.4000000e+01   1.0000000e+00   9.6000000e+01
   5.0000000e+00   2.9520000e+03   6.0718400e+02   3.7511820e+02   8.7000000e+01   1.0000000e+00   1.6330000e+03
   5.0000000e+00   2.9530000e+03   6.2156900e+02   3.5770720e+02   8.5000000e+01   1.0000000e+00   1.6330000e+03
   5.0000000e+00   2.9540000e+03   6.1967600e+02   3.4748720e+02   8.5000000e+01   1.0000000e+00   1.6330000e+03
   5.0000000e+00   2.9550000e+03   6.3216800e+02   3.9442320e+02   9.2000000e+01   1.0000000e+00   1.6330000e+03
   5.0000000e+00   2.9560000e+03   6.2649000e+02   3.8874520e+02   9.9000000e+01   1.0000000e+00   1.6330000e+03
   5.0000000e+00   2.9570000e+03   6.0642700e+02   3.7928220e+02   9.9000000e+01   1.0000000e+00   1.6330000e+03
   5.0000000e+00   2.9580000e+03   6.5109600e+02   3.6679120e+02   9.9000000e+01   1.0000000e+00   1.6330000e+03
   5.0000000e+00   2.9590000e+03   6.4541800e+02   3.6414120e+02   9.9000000e+01   1.0000000e+00   1.6330000e+03
   5.0000000e+00   2.9600000e+03   6.4390300e+02   3.5467920e+02   9.9000000e+01   1.0000000e+00   1.6330000e+03
   5.0000000e+00   2.9610000e+03   6.1361900e+02   3.5392120e+02   1.1000000e+02   1.0000000e+00   1.6330000e+03
   5.0000000e+00   2.9620000e+03   5.6213700e+02   4.1259220e+02   1.0100000e+02   1.0000000e+00   1.6460000e+03
   5.0000000e+00   2.9630000e+03   5.5305200e+02   4.1259220e+02   1.1000000e+02   1.0000000e+00   1.6460000e+03
   5.0000000e+00   2.9640000e+03   5.4964500e+02   4.0426420e+02   1.1000000e+02   1.0000000e+00   1.6460000e+03
   5.0000000e+00   2.9650000e+03   6.1551200e+02   4.6861220e+02   1.1900000e+02   1.0000000e+00   1.6260000e+03
   5.0000000e+00   2.9660000e+03   6.1134800e+02   4.7391220e+02   1.1900000e+02   1.0000000e+00   1.6260000e+03
   5.0000000e+00   2.9670000e+03   5.9620600e+02   4.2621820e+02   1.2400000e+02   1.0000000e+00   1.6260000e+03
   5.0000000e+00   2.9680000e+03   6.7608000e+02   5.2387620e+02   1.2500000e+02   4.0000000e+00   1.5520000e+03
   5.0000000e+00   2.9690000e+03   6.8932900e+02   5.1611620e+02   1.2500000e+02   4.0000000e+00   1.5520000e+03
   5.0000000e+00   2.9700000e+03   6.9955000e+02   5.1725220e+02   1.2500000e+02   4.0000000e+00   1.5520000e+03
   5.0000000e+00   2.9710000e+03   6.2743600e+02   5.5642820e+02   1.2500000e+02   1.0000000e+00   1.4750000e+03
   5.0000000e+00   2.9720000e+03   6.5412400e+02   5.7630120e+02   1.2700000e+02   1.0000000e+00   1.4750000e+03
   5.0000000e+00   2.9730000e+03   6.5014900e+02   5.6551320e+02   1.2700000e+02   1.0000000e+00   1.4750000e+03
   5.0000000e+00   2.9740000e+03   6.2857200e+02   5.5586120e+02   1.2700000e+02   1.0000000e+00   1.4750000e+03
   5.0000000e+00   2.9750000e+03   6.4106400e+02   5.3996320e+02   1.3300000e+02   1.0000000e+00   1.4750000e+03
   5.0000000e+00   2.9760000e+03   6.2289400e+02   5.7062320e+02   1.3300000e+02   1.0000000e+00   1.4750000e+03
   5.0000000e+00   2.9770000e+03   6.0869800e+02   3.3840220e+02   1.3200000e+02   1.0000000e+00   1.6580000e+03
   5.0000000e+00   2.9780000e+03   5.8882400e+02   3.9631520e+02   1.3200000e+02   1.0000000e+00   1.6490000e+03
   5.0000000e+00   2.9790000e+03   5.7746800e+02   3.9631520e+02   1.3200000e+02   1.0000000e+00   1.6490000e+03
   5.0000000e+00   2.9800000e+03   5.9734200e+02   3.9972220e+02   1.3300000e+02   1.0000000e+00   1.6490000e+03
   5.0000000e+00   2.9810000e+03   5.9223100e+02   3.2988620e+02   1.3800000e+02   1.0000000e+00   1.6580000e+03
   5.0000000e+00   2.9820000e+03   6.4503900e+02   4.7977920e+02   1.3800000e+02   4.0000000e+00   1.5530000e+03
   5.0000000e+00   2.9830000e+03   6.4503900e+02   4.9170220e+02   1.4400000e+02   4.0000000e+00   1.5530000e+03
   6.0000000e+00   2.9840000e+03   6.4844600e+02   6.2115520e+02   1.2300000e+02   5.0000000e+00   7.5700000e+02
   6.0000000e+00   2.9850000e+03   6.6093800e+02   6.2001920e+02   1.2300000e+02   5.0000000e+00   7.5700000e+02
   6.0000000e+00   2.9860000e+03   7.2169500e+02   6.5749320e+02   1.3400000e+02   5.0000000e+00   7.5700000e+02
   6.0000000e+00   2.9870000e+03   7.3475500e+02   6.5408620e+02   1.3400000e+02   5.0000000e+00   7.5700000e+02
   6.0000000e+00   2.9880000e+03   7.8756300e+02   6.2626520e+02   1.3200000e+02   5.0000000e+00   7.5700000e+02
   6.0000000e+00   2.9890000e+03   7.7847700e+02   6.3251120e+02   1.3200000e+02   5.0000000e+00   7.5700000e+02
   5.0000000e+00   2.9900000e+03   7.7904500e+02   5.7630120e+02   1.3600000e+02   4.0000000e+00   3.1200000e+02
   5.0000000e+00   2.9910000e+03   8.0516500e+02   5.8481720e+02   1.4600000e+02   4.0000000e+00   3.1200000e+02
   7.0000000e+00   3.0890000e+03   5.3033900e+02   8.1079220e+02   1.8600000e+02   1.0000000e+00   1.0240000e+03
   7.0000000e+00   3.0900000e+03   5.4737300e+02   8.0776420e+02   1.8600000e+02   1.0000000e+00   1.0240000e+03
   7.0000000e+00   3.0910000e+03   5.3942400e+02   8.0511520e+02   1.8600000e+02   1.0000000e+00   1.0240000e+03
   7.0000000e+00   3.0920000e+03   5.5343000e+02   7.9754420e+02   1.8100000e+02   1.0000000e+00   1.0240000e+03
   7.0000000e+00   3.0930000e+03   5.4775200e+02   8.0927820e+02   1.8100000e+02   1.0000000e+00   1.0240000e+03
   7.0000000e+00   3.0940000e+03   5.4207400e+02   8.1609220e+02   1.8100000e+02   1.0000000e+00   1.0240000e+03
   5.0000000e+00   3.0950000e+03   5.3033900e+02   7.4303820e+02   1.7800000e+02   1.0000000e+00   7.0500000e+02
   5.0000000e+00   3.0960000e+03   5.4926600e+02   7.5439320e+02   1.7500000e+02   1.0000000e+00   7.0400000e+02
   5.0000000e+00   3.0970000e+03   5.4850900e+02   7.5363620e+02   1.7300000e+02   1.0000000e+00   7.0400000e+02
   7.0000000e+00   3.0980000e+03   5.5835100e+02   8.0890020e+02   1.5900000e+02   1.0000000e+00   1.0250000e+03
   5.0000000e+00   3.0990000e+03   4.7999200e+02   7.2903320e+02   1.5900000e+02   1.0000000e+00   7.3300000e+02
   5.0000000e+00   3.1000000e+03   4.8718400e+02   7.1048520e+02   1.5900000e+02   1.0000000e+00   7.3300000e+02
   7.0000000e+00   3.1010000e+03   4.9248400e+02   7.5287920e+02   1.5900000e+02   1.0000000e+00   1.0330000e+03
   5.0000000e+00   3.1020000e+03   5.2731000e+02   7.1578420e+02   1.5900000e+02   1.0000000e+00   7.0700000e+02
   7.0000000e+00   3.1030000e+03   4.8794100e+02   7.5931420e+02   1.5600000e+02   1.0000000e+00   1.0330000e+03
   7.0000000e+00   3.1040000e+03   5.6592200e+02   8.1154920e+02   1.5600000e+02   1.0000000e+00   1.0250000e+03
   7.0000000e+00   3.1050000e+03   5.5910800e+02   8.1722720e+02   1.5600000e+02   1.0000000e+00   1.0250000e+03
   5.0000000e+00   3.1060000e+03   4.9475500e+02   6.7490520e+02   1.7900000e+02   1.0000000e+00   7.1900000e+02
   5.0000000e+00   3.1070000e+03   4.9097000e+02   6.7566220e+02   1.7000000e+02   1.0000000e+00   7.1900000e+02
   5.0000000e+00   3.1080000e+03   5.0043300e+02   6.6089920e+02   1.7000000e+02   1.0000000e+00   7.1900000e+02
   5.0000000e+00   3.1090000e+03   4.7658500e+02   6.7490520e+02   1.6500000e+02   1.0000000e+00   7.2000000e+02
   5.0000000e+00   3.1100000e+03   4.6939200e+02   6.7149820e+02   1.6500000e+02   1.0000000e+00   7.2000000e+02
   5.0000000e+00   3.1110000e+03   5.4926600e+02   6.5825020e+02   1.6400000e+02   1.0000000e+00   7.3700000e+02
   5.0000000e+00   3.1120000e+03   5.6630100e+02   6.6582020e+02   1.6400000e+02   1.0000000e+00   7.3700000e+02
   5.0000000e+00   3.1130000e+03   4.8264100e+02   7.2449020e+02   1.5500000e+02   1.0000000e+00   7.3300000e+02
   5.0000000e+00   3.1140000e+03   4.9664800e+02   7.1616320e+02   1.5500000e+02   1.0000000e+00   7.3300000e+02
   5.0000000e+00   3.1150000e+03   5.2352500e+02   7.1919120e+02   1.5500000e+02   1.0000000e+00   7.0700000e+02
   7.0000000e+00   3.1160000e+03   4.9664800e+02   7.6158520e+02   1.4600000e+02   2.0000000e+00   1.0330000e+03
   7.0000000e+00   3.1170000e+03   4.9286200e+02   7.3849620e+02   1.4100000e+02   1.0000000e+00   1.0210000e+03
   7.0000000e+00   3.1180000e+03   4.7809900e+02   7.0140120e+02   1.4000000e+02   1.0000000e+00   1.0210000e+03
   7.0000000e+00   3.1190000e+03   4.7809900e+02   7.0745720e+02   1.4000000e+02   1.0000000e+00   1.0210000e+03
   7.0000000e+00   3.1200000e+03   5.0497600e+02   7.1427020e+02   1.3600000e+02   1.0000000e+00   1.0210000e+03
   7.0000000e+00   3.1210000e+03   4.8188400e+02   7.3395320e+02   1.3600000e+02   1.0000000e+00   1.0210000e+03
   7.0000000e+00   3.1220000e+03   4.9702600e+02   7.4038820e+02   1.3600000e+02   1.0000000e+00   1.0210000e+03
   7.0000000e+00   3.1230000e+03   4.9854100e+02   7.0897120e+02   1.3300000e+02   1.0000000e+00   1.0210000e+03
   5.0000000e+00   3.1240000e+03   6.6131700e+02   6.7736520e+02   1.5100000e+02   1.0000000e+00   3.1600000e+02
   5.0000000e+00   3.1250000e+03   6.6926600e+02   6.8607120e+02   1.5100000e+02   1.0000000e+00   3.1600000e+02
   5.0000000e+00   3.1260000e+03   5.8522800e+02   6.4897620e+02   1.4200000e+02   1.0000000e+00   6.9600000e+02
   5.0000000e+00   3.1270000e+03   5.7576400e+02   6.4973320e+02   1.4200000e+02   1.0000000e+00   6.9600000e+02
   5.0000000e+00   3.1280000e+03   7.8074900e+02   5.7857220e+02   1.4000000e+02   4.0000000e+00   3.1200000e+02
   5.0000000e+00   3.1290000e+03   7.7109600e+02   5.7573320e+02   1.4000000e+02   4.0000000e+00   3.1200000e+02
   5.0000000e+00   3.1300000e+03   8.0516500e+02   5.8595320e+02   1.4500000e+02   4.0000000e+00   3.1200000e+02
   6.0000000e+00   3.1310000e+03   7.3475500e+02   6.3989220e+02   1.3900000e+02   4.0000000e+00   7.5700000e+02
   6.0000000e+00   3.1320000e+03   7.2623800e+02   6.3421420e+02   1.3900000e+02   4.0000000e+00   7.5700000e+02
   7.0000000e+00   3.1330000e+03   5.0705800e+02   7.8808120e+02   1.2800000e+02   4.0000000e+00   1.0300000e+03
   7.0000000e+00   3.1340000e+03   5.5645800e+02   7.6026020e+02   1.1600000e+02   2.0000000e+00   1.2890000e+03
   7.0000000e+00   3.1350000e+03   5.4623800e+02   7.6820920e+02   1.1200000e+02   3.0000000e+00   1.2870000e+03
   7.0000000e+00   3.1360000e+03   5.4169500e+02   7.9603020e+02   1.0800000e+02   2.0000000e+00   9.1900000e+02
   7.0000000e+00   3.1370000e+03   5.3772000e+02   8.0908920e+02   1.0800000e+02   2.0000000e+00   9.1900000e+02
   7.0000000e+00   3.1380000e+03   5.3942400e+02   7.6537020e+02   1.0700000e+02   2.0000000e+00   1.2870000e+03
   7.0000000e+00   3.1390000e+03   5.2920300e+02   8.1647020e+02   1.0700000e+02   2.0000000e+00   9.1900000e+02
   7.0000000e+00   3.1400000e+03   5.3147400e+02   7.7899720e+02   1.0300000e+02   1.0000000e+00   9.1900000e+02
   7.0000000e+00   3.1410000e+03   5.2750000e+02   7.2846520e+02   1.0300000e+02   1.0000000e+00   9.2800000e+02
   7.0000000e+00   3.1420000e+03   5.6440800e+02   7.5515020e+02   1.1000000e+02   2.0000000e+00   1.2870000e+03
   7.0000000e+00   3.1430000e+03   5.2750000e+02   7.8297120e+02   1.0600000e+02   2.0000000e+00   9.1900000e+02
   7.0000000e+00   3.1440000e+03   5.1557500e+02   7.8666220e+02   1.0600000e+02   2.0000000e+00   9.1900000e+02
   7.0000000e+00   3.1450000e+03   5.3346200e+02   7.3102020e+02   1.0400000e+02   1.0000000e+00   9.2800000e+02
   7.0000000e+00   3.1460000e+03   5.2778300e+02   7.2789720e+02   1.0400000e+02   1.0000000e+00   9.2800000e+02
   7.0000000e+00   3.1470000e+03   4.9485000e+02   7.7502220e+02   1.0600000e+02   3.0000000e+00   9.1500000e+02
   7.0000000e+00   3.1480000e+03   4.9626900e+02   8.0795420e+02   1.0600000e+02   3.0000000e+00   9.2000000e+02
   7.0000000e+00   3.1490000e+03   4.9570100e+02   7.6480220e+02   1.0000000e+02   1.0000000e+00   9.2400000e+02
   7.0000000e+00   3.1500000e+03   4.8548100e+02   7.6764120e+02   1.0000000e+02   1.0000000e+00   9.2400000e+02
   7.0000000e+00   3.1510000e+03   5.1444000e+02   7.7559020e+02   1.0000000e+02   1.0000000e+00   9.2400000e+02
   7.0000000e+00   3.1520000e+03   5.3828800e+02   8.0596620e+02   1.0400000e+02   1.0000000e+00   9.1900000e+02
   7.0000000e+00   3.1630000e+03   5.6611100e+02   7.6896620e+02   1.0000000e+02   1.0000000e+00   1.2880000e+03
   7.0000000e+00   3.1640000e+03   5.6914000e+02   7.5912520e+02   1.0000000e+02   1.0000000e+00   1.2880000e+03
   7.0000000e+00   3.1650000e+03   5.3279900e+02   8.1060320e+02   1.0200000e+02   1.0000000e+00   9.1900000e+02
   7.0000000e+00   3.1660000e+03   4.9910800e+02   7.7085920e+02   9.5000000e+01   3.0000000e+00   9.2500000e+02
   7.0000000e+00   3.1670000e+03   4.7336700e+02   7.7540120e+02   9.5000000e+01   2.0000000e+00   9.2400000e+02
   7.0000000e+00   3.1680000e+03   5.0667900e+02   7.7805120e+02   9.5000000e+01   1.0000000e+00   9.2400000e+02
   7.0000000e+00   3.1690000e+03   4.9494400e+02   7.7464420e+02   9.0000000e+01   2.0000000e+00   9.2600000e+02
   7.0000000e+00   3.1700000e+03   4.9456600e+02   7.6631720e+02   9.0000000e+01   2.0000000e+00   9.2600000e+02
   7.0000000e+00   3.1710000e+03   5.2787800e+02   7.6631720e+02   9.0000000e+01   1.0000000e+00   9.2800000e+02
   7.0000000e+00   3.1720000e+03   5.2220000e+02   7.6328820e+02   9.0000000e+01   1.0000000e+00   9.2800000e+02
   7.0000000e+00   3.1730000e+03   4.9645800e+02   7.8864920e+02   8.9000000e+01   1.0000000e+00   9.2500000e+02
   7.0000000e+00   3.1740000e+03   4.8585900e+02   7.8864920e+02   8.9000000e+01   1.0000000e+00   9.2600000e+02
   7.0000000e+00   3.1750000e+03   4.9343000e+02   7.9773420e+02   8.9000000e+01   1.0000000e+00   9.2700000e+02
   7.0000000e+00   3.1760000e+03   4.9873000e+02   7.9546220e+02   8.5000000e+01   3.0000000e+00   9.2700000e+02
   7.0000000e+00   3.1770000e+03   4.8964500e+02   7.9697620e+02   8.5000000e+01   3.0000000e+00   9.2700000e+02
   7.0000000e+00   3.2080000e+03   4.9929800e+02   7.5780020e+02   7.8000000e+01   1.0000000e+00   9.2600000e+02
   7.0000000e+00   3.2090000e+03   5.2617500e+02   7.5515020e+02   9.0000000e+01   1.0000000e+00   9.2600000e+02
   7.0000000e+00   3.2100000e+03   5.2125300e+02   7.5855720e+02   8.1000000e+01   1.0000000e+00   9.2600000e+02
   7.0000000e+00   3.2110000e+03   5.0989700e+02   7.5136520e+02   8.1000000e+01   1.0000000e+00   9.2600000e+02
   4.0000000e+00   3.2620000e+03   6.1153700e+02   7.1086420e+02   1.6000000e+01   1.0000000e+00   5.2900000e+02
   7.0000000e+00   3.2980000e+03   4.1166400e+02   8.0767020e+02   6.5000000e+01   1.0000000e+00   8.8300000e+02
   7.0000000e+00   3.2990000e+03   3.9462900e+02   7.6622220e+02   6.9000000e+01   1.0000000e+00   8.7900000e+02
   7.0000000e+00   3.3000000e+03   3.9093800e+02   7.9716620e+02   6.9000000e+01   1.0000000e+00   8.8000000e+02
   7.0000000e+00   3.3010000e+03   3.8412400e+02   7.9858520e+02   6.9000000e+01   1.0000000e+00   8.8000000e+02
   7.0000000e+00   3.3020000e+03   3.7475500e+02   7.9773420e+02   6.9000000e+01   1.0000000e+00   8.8000000e+02
   7.0000000e+00   3.3030000e+03   3.9093800e+02   7.8666220e+02   7.5000000e+01   1.0000000e+00   8.8000000e+02
   7.0000000e+00   3.3040000e+03   3.7021200e+02   7.5543420e+02   7.5000000e+01   1.0000000e+00   8.7600000e+02
   7.0000000e+00   3.3050000e+03   3.8582800e+02   7.7133220e+02   8.3000000e+01   1.0000000e+00   8.7500000e+02
   7.0000000e+00   3.3060000e+03   4.1166400e+02   7.8013220e+02   8.9000000e+01   1.0000000e+00   8.7500000e+02
   7.0000000e+00   3.3070000e+03   4.1365100e+02   7.7246720e+02   8.9000000e+01   1.0000000e+00   8.7500000e+02
   7.0000000e+00   3.3080000e+03   4.1819400e+02   7.9858520e+02   9.6000000e+01   1.0000000e+00   9.3000000e+02
   7.0000000e+00   3.3090000e+03   3.9349300e+02   7.4833720e+02   9.8000000e+01   1.0000000e+00   8.7400000e+02
   7.0000000e+00   3.3100000e+03   4.1582800e+02   7.2676120e+02   1.0400000e+02   1.0000000e+00   8.6800000e+02
   7.0000000e+00   3.3110000e+03   4.0106400e+02   7.4379520e+02   1.0200000e+02   1.0000000e+00   8.7400000e+02
   3.0000000e+00   3.0660000e+03   6.0642700e+02   8.3180020e+02   8.5000000e+01   2.0000000e+00   6.8100000e+02
   3.0000000e+00   3.1780000e+03   5.3355600e+02   8.3331420e+02   7.8000000e+01   1.0000000e+00   3.7500000e+02
   3.0000000e+00   3.1790000e+03   5.2295700e+02   8.2309420e+02   7.8000000e+01   1.0000000e+00   3.7500000e+02
   3.0000000e+00   3.1800000e+03   5.1803600e+02   7.9886920e+02   7.8000000e+01   1.0000000e+00   3.7500000e+02
   3.0000000e+00   3.1810000e+03   5.2409300e+02   8.0643920e+02   7.8000000e+01   1.0000000e+00   3.7500000e+02
   3.0000000e+00   3.1820000e+03   5.3317800e+02   8.3142220e+02   7.1000000e+01   1.0000000e+00   3.7300000e+02
   3.0000000e+00   3.1830000e+03   5.5172700e+02   8.1703820e+02   7.1000000e+01   1.0000000e+00   3.7300000e+02
   3.0000000e+00   3.1840000e+03   5.3809900e+02   8.3255720e+02   6.4000000e+01   1.0000000e+00   3.7400000e+02
   3.0000000e+00   3.1850000e+03   5.4718400e+02   8.2915120e+02   6.4000000e+01   1.0000000e+00   3.7400000e+02
   3.0000000e+00   3.1860000e+03   5.4680500e+02   8.2706920e+02   6.3000000e+01   1.0000000e+00   3.7400000e+02
   3.0000000e+00   3.1870000e+03   6.3349300e+02   8.3956020e+02   7.4000000e+01   1.0000000e+00   3.7400000e+02
   3.0000000e+00   3.1880000e+03   6.3387200e+02   8.2252620e+02   6.7000000e+01   1.0000000e+00   6.8200000e+02
   3.0000000e+00   3.1890000e+03   6.4901400e+02   8.1117120e+02   5.7000000e+01   1.0000000e+00   6.6200000e+02
   3.0000000e+00   3.1900000e+03   6.7816200e+02   8.1344220e+02   5.0000000e+01   1.0000000e+00   6.6200000e+02
   3.0000000e+00   3.1910000e+03   6.0661600e+02   8.3804620e+02   4.9000000e+01   4.0000000e+00   3.8100000e+02
   3.0000000e+00   3.1920000e+03   5.9715300e+02   7.9603020e+02   4.9000000e+01   4.0000000e+00   5.7000000e+02
   3.0000000e+00   3.1930000e+03   6.1361900e+02   7.6177420e+02   8.0000000e+01   4.0000000e+00   3.5600000e+02
   3.0000000e+00   3.1940000e+03   6.0264100e+02   7.7426520e+02   7.7000000e+01   4.0000000e+00   3.5600000e+02
   3.0000000e+00   3.1950000e+03   5.9507000e+02   7.7918620e+02   7.1000000e+01   4.0000000e+00   3.5600000e+02
   3.0000000e+00   3.1960000e+03   5.7690000e+02   7.7313020e+02   6.7000000e+01   4.0000000e+00   3.7600000e+02
   3.0000000e+00   3.1970000e+03   6.0112700e+02   7.5798920e+02   8.5000000e+01   1.0000000e+00   3.7800000e+02
   3.0000000e+00   3.1980000e+03   5.9393500e+02   7.5155420e+02   8.5000000e+01   1.0000000e+00   3.7800000e+02
   3.0000000e+00   3.1990000e+03   5.8333500e+02   7.7994320e+02   9.1000000e+01   1.0000000e+00   3.7800000e+02
   3.0000000e+00   3.2000000e+03   5.5418700e+02   7.5647520e+02   7.2000000e+01   1.0000000e+00   3.7700000e+02
   3.0000000e+00   3.2010000e+03   5.6630100e+02   7.6820920e+02   7.2000000e+01   3.0000000e+00   3.7700000e+02
   3.0000000e+00   3.2020000e+03   5.7727900e+02   7.6896620e+02   7.2000000e+01   3.0000000e+00   3.7600000e+02
   3.0000000e+00   3.2030000e+03   5.5986500e+02   7.6139620e+02   7.8000000e+01   3.0000000e+00   3.7700000e+02
   3.0000000e+00   3.2040000e+03   5.7727900e+02   7.7048020e+02   7.8000000e+01   3.0000000e+00   3.7700000e+02
   3.0000000e+00   3.2050000e+03   6.0112700e+02   7.5950320e+02   8.2000000e+01   1.0000000e+00   3.7800000e+02
   3.0000000e+00   3.2060000e+03   5.9582800e+02   7.5041920e+02   8.2000000e+01   1.0000000e+00   3.7800000e+02
   3.0000000e+00   3.2070000e+03   5.8674200e+02   7.6026020e+02   9.0000000e+01   1.0000000e+00   3.7800000e+02
   3.0000000e+00   3.2120000e+03   5.3639500e+02   8.3009720e+02   6.7000000e+01   1.0000000e+00   3.7400000e+02
   3.0000000e+00   3.2130000e+03   5.4964500e+02   8.1230620e+02   6.7000000e+01   3.0000000e+00   3.7300000e+02
   3.0000000e+00   3.2140000e+03   5.4888800e+02   8.0397920e+02   5.9000000e+01   4.0000000e+00   3.5800000e+02
   3.0000000e+00   3.2150000e+03   5.8447100e+02   8.5735020e+02   5.7000000e+01   1.0000000e+00   6.7500000e+02
   3.0000000e+00   3.2160000e+03   5.9204200e+02   8.5621520e+02   5.7000000e+01   1.0000000e+00   6.7500000e+02
   3.0000000e+00   3.2170000e+03   5.8674200e+02   8.5962120e+02   5.2000000e+01   1.0000000e+00   6.7500000e+02
   3.0000000e+00   3.2180000e+03   5.8068600e+02   8.7968320e+02   5.2000000e+01   1.0000000e+00   6.7500000e+02
   3.0000000e+00   3.2190000e+03   5.8560700e+02   8.3956020e+02   4.4000000e+01   4.0000000e+00   3.8200000e+02
   3.0000000e+00   3.2200000e+03   6.0491300e+02   8.3426120e+02   4.2000000e+01   4.0000000e+00   3.8100000e+02
   3.0000000e+00   3.2210000e+03   5.9166400e+02   8.4069520e+02   3.8000000e+01   4.0000000e+00   3.9000000e+02
   3.0000000e+00   3.2220000e+03   5.5570100e+02   8.4902320e+02   4.2000000e+01   4.0000000e+00   3.8400000e+02
   3.0000000e+00   3.2230000e+03   5.6592200e+02   8.6946320e+02   3.4000000e+01   2.0000000e+00   3.8500000e+02
   3.0000000e+00   3.2240000e+03   5.0421900e+02   8.4107420e+02   2.4000000e+01   1.0000000e+00   3.6900000e+02
   3.0000000e+00   3.2250000e+03   5.0535400e+02   7.9148820e+02   1.2000000e+01   1.0000000e+00   8.9600000e+02
   3.0000000e+00   3.2260000e+03   5.1898200e+02   7.8883820e+02   1.3000000e+01   1.0000000e+00   8.9600000e+02
   3.0000000e+00   3.2270000e+03   5.1179000e+02   7.4303820e+02   1.3000000e+01   1.0000000e+00   8.9800000e+02
   3.0000000e+00   3.2280000e+03   5.1973900e+02   7.4455220e+02   1.3000000e+01   1.0000000e+00   8.9800000e+02
   3.0000000e+00   3.2290000e+03   5.3828800e+02   7.6461320e+02   2.7000000e+01   1.0000000e+00   8.9800000e+02
   3.0000000e+00   3.2300000e+03   5.0838300e+02   7.6764120e+02   2.7000000e+01   1.0000000e+00   8.9800000e+02
   3.0000000e+00   3.2310000e+03   5.4131700e+02   7.1502720e+02   2.9000000e+01   1.0000000e+00   5.7500000e+02
   3.0000000e+00   3.2320000e+03   5.4093800e+02   7.2259820e+02   2.9000000e+01   1.0000000e+00   5.7500000e+02
   3.0000000e+00   3.2330000e+03   5.3715300e+02   7.1843420e+02   2.9000000e+01   1.0000000e+00   5.7500000e+02
   3.0000000e+00   3.2340000e+03   5.4510200e+02   7.3925320e+02   2.9000000e+01   1.0000000e+00   5.7500000e+02
   3.0000000e+00   3.2350000e+03   5.4131700e+02   7.3054720e+02   2.9000000e+01   1.0000000e+00   5.7500000e+02
   3.0000000e+00   3.2360000e+03   5.4358800e+02   7.4682320e+02   2.9000000e+01   1.0000000e+00   8.9800000e+02
   3.0000000e+00   3.2370000e+03   5.3904500e+02   7.6499220e+02   2.9000000e+01   1.0000000e+00   8.9800000e+02
   3.0000000e+00   3.2380000e+03   6.2686900e+02   7.7824020e+02   3.3000000e+01   1.0000000e+00   6.5700000e+02
   3.0000000e+00   3.2390000e+03   6.3065400e+02   7.8694620e+02   3.3000000e+01   1.0000000e+00   6.5700000e+02
   3.0000000e+00   3.2400000e+03   6.1361900e+02   7.7710420e+02   2.9000000e+01   1.0000000e+00   6.5700000e+02
   4.0000000e+00   3.2410000e+03   6.4844600e+02   7.6915520e+02   2.2000000e+01   1.0000000e+00   5.2200000e+02
   4.0000000e+00   3.2420000e+03   6.5639500e+02   7.6726320e+02   2.2000000e+01   1.0000000e+00   5.2200000e+02
   4.0000000e+00   3.2430000e+03   6.1929800e+02   7.6082820e+02   2.5000000e+01   1.0000000e+00   5.2500000e+02
   4.0000000e+00   3.2440000e+03   6.7002300e+02   7.7483320e+02   2.8000000e+01   1.0000000e+00   5.2200000e+02
   4.0000000e+00   3.2450000e+03   6.3292500e+02   7.3546720e+02   2.8000000e+01   1.0000000e+00   5.2600000e+02
   4.0000000e+00   3.2460000e+03   6.3898200e+02   7.5363620e+02   3.3000000e+01   1.0000000e+00   5.2400000e+02
   4.0000000e+00   3.2470000e+03   6.2270500e+02   7.4530920e+02   3.6000000e+01   1.0000000e+00   5.2400000e+02
   4.0000000e+00   3.2480000e+03   6.3936100e+02   7.5590720e+02   3.6000000e+01   1.0000000e+00   5.2400000e+02
   4.0000000e+00   3.2490000e+03   6.6396600e+02   7.7786120e+02   3.2000000e+01   1.0000000e+00   5.2200000e+02
   4.0000000e+00   3.2500000e+03   6.7343000e+02   7.7483320e+02   3.2000000e+01   1.0000000e+00   5.2200000e+02
   3.0000000e+00   3.2510000e+03   6.4655300e+02   8.1722720e+02   1.4000000e+01   1.0000000e+00   6.7300000e+02
   3.0000000e+00   3.2520000e+03   6.4920300e+02   8.1268520e+02   1.8000000e+01   1.0000000e+00   6.7300000e+02
   3.0000000e+00   3.2530000e+03   6.6358800e+02   7.9905820e+02   1.8000000e+01   1.0000000e+00   6.6700000e+02
   3.0000000e+00   3.2540000e+03   6.8024400e+02   8.0511520e+02   1.8000000e+01   1.0000000e+00   6.6700000e+02
   3.0000000e+00   3.2550000e+03   6.8100100e+02   8.0549320e+02   1.4000000e+01   1.0000000e+00   6.6700000e+02
   3.0000000e+00   3.2560000e+03   6.8667900e+02   8.0019420e+02   2.2000000e+01   1.0000000e+00   6.6700000e+02
   3.0000000e+00   3.2570000e+03   6.4958200e+02   8.1117120e+02   2.6000000e+01   1.0000000e+00   6.7300000e+02
   3.0000000e+00   3.2580000e+03   6.6396600e+02   8.0360120e+02   2.6000000e+01   1.0000000e+00   6.6700000e+02
   3.0000000e+00   3.2590000e+03   6.3898200e+02   8.2593320e+02   2.6000000e+01   1.0000000e+00   6.7200000e+02
   3.0000000e+00   3.2600000e+03   6.4958200e+02   8.1571320e+02   2.2000000e+01   1.0000000e+00   6.7300000e+02
   3.0000000e+00   3.2610000e+03   6.4466000e+02   8.2479820e+02   3.2000000e+01   1.0000000e+00   6.6800000e+02
   4.0000000e+00   3.2630000e+03   6.4560700e+02   7.1285120e+02   1.6000000e+01   1.0000000e+00   5.3200000e+02
   4.0000000e+00   3.2640000e+03   6.6548100e+02   7.1256720e+02   1.6000000e+01   1.0000000e+00   5.3200000e+02
   4.0000000e+00   3.2650000e+03   6.1295700e+02   7.0944420e+02   2.1000000e+01   1.0000000e+00   5.2900000e+02
   4.0000000e+00   3.2660000e+03   6.0216800e+02   7.1228320e+02   2.1000000e+01   1.0000000e+00   5.2900000e+02
   4.0000000e+00   3.2670000e+03   6.0188400e+02   7.0461820e+02   2.1000000e+01   1.0000000e+00   5.2900000e+02
   4.0000000e+00   3.2680000e+03   6.0188400e+02   6.9638520e+02   2.1000000e+01   1.0000000e+00   5.3000000e+02
   4.0000000e+00   3.2690000e+03   6.1040200e+02   6.9780520e+02   2.1000000e+01   1.0000000e+00   5.3000000e+02
   4.0000000e+00   3.2700000e+03   6.1636400e+02   6.8985620e+02   2.1000000e+01   1.0000000e+00   5.3000000e+02
   4.0000000e+00   3.2710000e+03   6.1891900e+02   6.8361020e+02   2.7000000e+01   1.0000000e+00   5.3000000e+02
   4.0000000e+00   3.2720000e+03   6.0955000e+02   6.8900420e+02   2.7000000e+01   1.0000000e+00   5.3000000e+02
   4.0000000e+00   3.2730000e+03   6.2544900e+02   6.9184320e+02   3.1000000e+01   1.0000000e+00   5.3000000e+02
   4.0000000e+00   3.2740000e+03   6.1778300e+02   6.8730120e+02   3.1000000e+01   1.0000000e+00   5.3000000e+02
   4.0000000e+00   3.2750000e+03   6.0813000e+02   7.3243920e+02   3.1000000e+01   1.0000000e+00   5.2900000e+02
   4.0000000e+00   3.2760000e+03   6.1238900e+02   7.2789720e+02   3.1000000e+01   1.0000000e+00   5.2900000e+02
   4.0000000e+00   3.2770000e+03   6.2346200e+02   7.6196420e+02   3.1000000e+01   1.0000000e+00   5.2500000e+02
   3.0000000e+00   3.2780000e+03   5.3772000e+02   7.1682520e+02   3.6000000e+01   1.0000000e+00   5.7500000e+02
   3.0000000e+00   3.2790000e+03   5.0497600e+02   7.6007120e+02   3.6000000e+01   1.0000000e+00   8.9700000e+02
   3.0000000e+00   3.2800000e+03   5.0989700e+02   7.3963120e+02   3.6000000e+01   1.0000000e+00   8.9700000e+02
   3.0000000e+00   3.2810000e+03   5.0535400e+02   7.3622420e+02   3.6000000e+01   1.0000000e+00   8.9700000e+02
   3.0000000e+00   3.2820000e+03   5.0156900e+02   7.3319620e+02   3.6000000e+01   1.0000000e+00   8.9700000e+02
   3.0000000e+00   3.2830000e+03   5.3185300e+02   7.5666420e+02   4.1000000e+01   1.0000000e+00   8.9800000e+02
   3.0000000e+00   3.2840000e+03   5.4661600e+02   7.0594320e+02   3.3000000e+01   1.0000000e+00   5.7500000e+02
   3.0000000e+00   3.2850000e+03   5.3885600e+02   7.6215320e+02   2.6000000e+01   1.0000000e+00   8.9800000e+02
   3.0000000e+00   3.2860000e+03   5.1008600e+02   7.7010220e+02   2.6000000e+01   1.0000000e+00   8.9800000e+02
   4.0000000e+00   3.2870000e+03   7.1715300e+02   7.9404320e+02   1.0000000e+01   1.0000000e+00   5.4500000e+02
   4.0000000e+00   3.2880000e+03   7.0721600e+02   7.8779720e+02   1.0000000e+01   1.0000000e+00   5.4500000e+02
   4.0000000e+00   3.2890000e+03   7.1743600e+02   7.8183620e+02   1.0000000e+01   1.0000000e+00   5.4500000e+02
   4.0000000e+00   3.2900000e+03   7.1914000e+02   7.4947320e+02   1.3000000e+01   1.0000000e+00   5.4300000e+02
   4.0000000e+00   3.2910000e+03   7.1374600e+02   7.5259520e+02   1.3000000e+01   1.0000000e+00   5.4300000e+02
   4.0000000e+00   3.2920000e+03   7.2197900e+02   7.9801720e+02   2.4000000e+01   1.0000000e+00   5.4500000e+02
   4.0000000e+00   3.2930000e+03   7.1828800e+02   7.6366720e+02   6.1000000e+01   1.0000000e+00   5.4000000e+02
   4.0000000e+00   3.2940000e+03   7.0608000e+02   7.7417120e+02   6.1000000e+01   1.0000000e+00   5.4000000e+02
   4.0000000e+00   3.2950000e+03   7.0977100e+02   7.5515020e+02   5.1000000e+01   1.0000000e+00   5.4000000e+02
   3.0000000e+00   3.2960000e+03   6.4901400e+02   8.1136020e+02   5.6000000e+01   1.0000000e+00   6.6200000e+02
   3.0000000e+00   3.2970000e+03   5.9791000e+02   8.4372320e+02   7.5000000e+01   1.0000000e+00   6.8100000e+02
   4.0000000e+00   3.3130000e+03   6.4655300e+02   7.0196920e+02   1.1000000e+01   1.0000000e+00   5.3200000e+02
   4.0000000e+00   3.3140000e+03   6.6699500e+02   6.9402020e+02   1.1000000e+01   1.0000000e+00   5.3200000e+02
   4.0000000e+00   3.3150000e+03   7.0939200e+02   7.8827120e+02   1.1000000e+01   1.0000000e+00   5.4500000e+02
   4.0000000e+00   3.3160000e+03   7.1582800e+02   7.9584120e+02   1.1000000e+01   1.0000000e+00   5.4500000e+02
   4.0000000e+00   3.3170000e+03   7.1620600e+02   7.8335020e+02   1.1000000e+01   1.0000000e+00   5.4500000e+02
   4.0000000e+00   3.3180000e+03   7.1743600e+02   7.5600220e+02   1.6000000e+01   1.0000000e+00   5.4300000e+02
   4.0000000e+00   3.3190000e+03   7.1289400e+02   7.5316320e+02   1.6000000e+01   1.0000000e+00   5.4300000e+02
   4.0000000e+00   3.3200000e+03   7.0750000e+02   7.5373120e+02   1.6000000e+01   1.0000000e+00   5.4300000e+02
   1.4000000e+01   3.5640000e+03   8.2712900e+02   1.1840020e+03   1.7000000e+01   1.0000000e+00   4.7460000e+03
   1.4000000e+01   3.5650000e+03   8.1388000e+02   1.1798390e+03   1.7000000e+01   1.0000000e+00   4.7460000e+03
   1.4000000e+01   3.5660000e+03   7.9608800e+02   1.1696190e+03   1.7000000e+01   1.0000000e+00   4.7460000e+03
   1.4000000e+01   3.5670000e+03   7.8624600e+02   1.1726470e+03   1.7000000e+01   1.0000000e+00   4.7460000e+03
   1.4000000e+01   3.5680000e+03   7.8586700e+02   1.1756750e+03   2.3000000e+01   1.0000000e+00   4.7460000e+03
   1.4000000e+01   3.5690000e+03   8.1009400e+02   1.1938440e+03   2.3000000e+01   1.0000000e+00   4.7460000e+03
   1.4000000e+01   3.5700000e+03   8.1842200e+02   1.1813530e+03   2.3000000e+01   1.0000000e+00   4.7460000e+03
   1.4000000e+01   3.5710000e+03   8.2145100e+02   1.1726470e+03   2.3000000e+01   1.0000000e+00   4.7460000e+03
   1.4000000e+01   3.5720000e+03   8.0593000e+02   1.1612910e+03   2.3000000e+01   1.0000000e+00   4.7460000e+03
   1.4000000e+01   3.5730000e+03   8.3611900e+02   1.1832450e+03   3.1000000e+01   1.0000000e+00   4.7460000e+03
   1.4000000e+01   3.5740000e+03   8.0574100e+02   1.1977240e+03   3.1000000e+01   1.0000000e+00   4.7460000e+03
   1.4000000e+01   3.5750000e+03   7.9637200e+02   1.1860840e+03   3.1000000e+01   1.0000000e+00   4.7460000e+03
   1.4000000e+01   3.5760000e+03   7.8501500e+02   1.1699030e+03   3.7000000e+01   1.0000000e+00   4.7470000e+03
   1.4000000e+01   3.5770000e+03   7.8302800e+02   1.1906260e+03   4.3000000e+01   1.0000000e+00   4.7440000e+03
   1.4000000e+01   3.5780000e+03   7.6570900e+02   1.1840970e+03   4.3000000e+01   1.0000000e+00   4.7470000e+03
   1.4000000e+01   3.5790000e+03   7.5406900e+02   1.1795550e+03   4.5000000e+01   1.0000000e+00   4.7470000e+03
   1.4000000e+01   3.5800000e+03   7.4044100e+02   1.1886390e+03   4.9000000e+01   1.0000000e+00   4.3660000e+03
   1.4000000e+01   3.5810000e+03   7.3788600e+02   1.1750130e+03   4.9000000e+01   1.0000000e+00   4.3660000e+03
   1.4000000e+01   3.5820000e+03   7.5378500e+02   1.1755800e+03   4.9000000e+01   1.0000000e+00   4.3660000e+03
   1.4000000e+01   3.5830000e+03   7.5378500e+02   1.1826780e+03   5.7000000e+01   1.0000000e+00   4.3670000e+03
   1.4000000e+01   3.5840000e+03   7.8728700e+02   1.1920460e+03   6.5000000e+01   1.0000000e+00   4.3660000e+03
   1.4000000e+01   3.5850000e+03   7.7252300e+02   1.1937490e+03   6.5000000e+01   1.0000000e+00   4.3660000e+03
   1.4000000e+01   3.5860000e+03   7.7167200e+02   1.1838130e+03   6.5000000e+01   1.0000000e+00   4.3660000e+03
   1.4000000e+01   3.5870000e+03   7.4583600e+02   1.1625210e+03   6.5000000e+01   1.0000000e+00   4.3660000e+03
   1.4000000e+01   3.5880000e+03   7.7167200e+02   1.1778510e+03   7.9000000e+01   1.0000000e+00   4.3650000e+03
   1.4000000e+01   3.5890000e+03   7.7025200e+02   1.1690510e+03   7.9000000e+01   1.0000000e+00   4.3650000e+03
   1.4000000e+01   3.5900000e+03   7.7848500e+02   1.2048210e+03   5.9000000e+01   1.0000000e+00   4.3660000e+03
   1.4000000e+01   3.5910000e+03   7.7309100e+02   1.1596830e+03   4.9000000e+01   1.0000000e+00   4.3670000e+03
   1.4000000e+01   3.5920000e+03   7.8955800e+02   1.1625210e+03   4.9000000e+01   1.0000000e+00   4.3670000e+03
   1.4000000e+01   3.5930000e+03   7.8899000e+02   1.1420820e+03   5.7000000e+01   1.0000000e+00   4.3670000e+03
   1.4000000e+01   3.5940000e+03   7.5264900e+02   1.1673480e+03   5.3000000e+01   1.0000000e+00   4.3670000e+03
   1.4000000e+01   3.5950000e+03   8.0261800e+02   1.1480430e+03   2.5000000e+01   1.0000000e+00   4.3820000e+03
   1.4000000e+01   3.5960000e+03   7.8444800e+02   1.1179510e+03   2.5000000e+01   1.0000000e+00   4.3830000e+03
   1.4000000e+01   3.5970000e+03   7.7678200e+02   1.1085830e+03   3.7000000e+01   1.0000000e+00   4.3830000e+03
   1.4000000e+01   3.5980000e+03   8.4208200e+02   1.1361200e+03   2.7000000e+01   1.0000000e+00   4.3800000e+03
   1.4000000e+01   3.5990000e+03   8.5315400e+02   1.1369720e+03   2.9000000e+01   1.0000000e+00   4.3800000e+03
   1.4000000e+01   3.6000000e+03   9.1107200e+02   1.1375390e+03   6.9000000e+01   1.0000000e+00   4.3480000e+03
   1.4000000e+01   3.6010000e+03   8.9432100e+02   1.1276030e+03   7.5000000e+01   1.0000000e+00   4.3480000e+03
   1.4000000e+01   3.6020000e+03   9.0425800e+02   1.1511660e+03   7.5000000e+01   1.0000000e+00   4.3480000e+03
   1.4000000e+01   3.6030000e+03   8.7246000e+02   1.2053890e+03   9.5000000e+01   1.0000000e+00   4.3590000e+03
   1.4000000e+01   3.6040000e+03   8.7700300e+02   1.1982910e+03   9.5000000e+01   1.0000000e+00   4.3590000e+03
   1.4000000e+01   3.6050000e+03   8.8665600e+02   1.1957360e+03   9.5000000e+01   1.0000000e+00   4.3590000e+03
   1.4000000e+01   3.6060000e+03   8.6962100e+02   1.1866520e+03   9.9000000e+01   1.0000000e+00   4.3590000e+03
   1.4000000e+01   3.6070000e+03   8.4804400e+02   1.1838130e+03   9.9000000e+01   1.0000000e+00   4.3590000e+03
   1.4000000e+01   3.6080000e+03   8.5116700e+02   1.1741610e+03   1.0300000e+02   1.0000000e+00   4.3580000e+03
   1.4000000e+01   3.6090000e+03   9.1873800e+02   1.1244800e+03   5.9000000e+01   1.0000000e+00   4.3450000e+03
   9.0000000e+00   3.6100000e+03   9.4201800e+02   8.9084100e+02   1.5700000e+02   1.0000000e+00   2.8400000e+03
   9.0000000e+00   3.6110000e+03   9.6189200e+02   8.7664600e+02   1.5700000e+02   1.0000000e+00   2.8400000e+03
   9.0000000e+00   3.6120000e+03   9.7665600e+02   8.8573100e+02   1.4700000e+02   1.0000000e+00   2.8450000e+03
   9.0000000e+00   3.6130000e+03   8.5457400e+02   8.8743400e+02   1.2300000e+02   1.0000000e+00   2.8500000e+03
   9.0000000e+00   3.6140000e+03   8.6422700e+02   8.8516300e+02   1.2300000e+02   1.0000000e+00   2.8500000e+03
   9.0000000e+00   3.6150000e+03   8.5457400e+02   8.8743400e+02   1.2300000e+02   1.0000000e+00   2.8500000e+03
   1.0000000e+01   3.6160000e+03   8.8334300e+02   9.9001200e+02   1.0100000e+02   1.0000000e+00   3.1140000e+03
   1.0000000e+01   3.6170000e+03   8.8258600e+02   1.0202940e+03   1.0900000e+02   1.0000000e+00   3.1150000e+03
   1.0000000e+01   3.6180000e+03   9.0454200e+02   1.0218080e+03   1.0900000e+02   1.0000000e+00   3.1150000e+03
   1.0000000e+01   3.6190000e+03   8.9924200e+02   1.0070450e+03   1.0900000e+02   1.0000000e+00   3.1150000e+03
   1.0000000e+01   3.6200000e+03   8.7047300e+02   1.0028820e+03   1.0900000e+02   1.0000000e+00   3.1140000e+03
   1.0000000e+01   3.6210000e+03   8.6441600e+02   9.8925500e+02   1.0900000e+02   1.0000000e+00   3.1140000e+03
   1.0000000e+01   3.6220000e+03   8.9621400e+02   9.7903500e+02   1.0900000e+02   1.0000000e+00   3.1140000e+03
   1.0000000e+01   3.6230000e+03   8.7198700e+02   9.7562900e+02   1.0900000e+02   1.0000000e+00   3.1140000e+03
   1.0000000e+01   3.6240000e+03   8.9432100e+02   1.0009890e+03   1.1500000e+02   1.0000000e+00   3.1150000e+03
   1.0000000e+01   3.6250000e+03   8.7804400e+02   9.7411400e+02   1.1500000e+02   1.0000000e+00   3.1130000e+03
   1.0000000e+01   3.6260000e+03   8.8523600e+02   9.9834000e+02   1.2100000e+02   1.0000000e+00   3.1130000e+03
   1.0000000e+01   3.6270000e+03   8.7539400e+02   9.5405300e+02   1.3500000e+02   1.0000000e+00   3.1850000e+03
   1.0000000e+01   3.6280000e+03   8.4548900e+02   9.7487100e+02   1.4300000e+02   1.0000000e+00   3.1410000e+03
   1.0000000e+01   3.6290000e+03   8.7804400e+02   9.3550600e+02   1.4300000e+02   1.0000000e+00   3.1410000e+03
   1.0000000e+01   3.6300000e+03   9.2309100e+02   1.0305140e+03   1.4100000e+02   4.0000000e+00   3.1110000e+03
   1.0000000e+01   3.6310000e+03   9.6473100e+02   1.0573880e+03   1.3300000e+02   4.0000000e+00   3.1980000e+03
   1.0000000e+01   3.6320000e+03   9.6738100e+02   1.0248360e+03   1.3300000e+02   4.0000000e+00   2.9490000e+03
   1.0000000e+01   3.6330000e+03   9.7835900e+02   1.0199150e+03   1.3300000e+02   4.0000000e+00   2.9490000e+03
   1.0000000e+01   3.6340000e+03   8.9167200e+02   1.0509530e+03   1.2500000e+02   4.0000000e+00   2.9510000e+03
   1.0000000e+01   3.6350000e+03   9.2157700e+02   1.0316490e+03   1.2500000e+02   4.0000000e+00   2.9500000e+03
   1.0000000e+01   3.6360000e+03   9.4201800e+02   1.0301350e+03   1.2500000e+02   4.0000000e+00   2.9500000e+03
   1.0000000e+01   3.6370000e+03   8.8675000e+02   1.0448970e+03   1.2700000e+02   4.0000000e+00   2.9510000e+03
   1.0000000e+01   3.6380000e+03   8.9583600e+02   1.0407340e+03   1.2700000e+02   4.0000000e+00   2.9510000e+03
   1.0000000e+01   3.6390000e+03   8.8107200e+02   1.0456540e+03   1.1900000e+02   4.0000000e+00   2.9510000e+03
   1.2000000e+01   3.6400000e+03   8.2523600e+02   1.2424830e+03   1.3100000e+02   4.0000000e+00   3.7250000e+03
   1.2000000e+01   3.6410000e+03   8.3356400e+02   1.2288570e+03   1.3100000e+02   4.0000000e+00   3.7240000e+03
   1.1000000e+01   3.6420000e+03   9.4561500e+02   1.2333990e+03   1.3700000e+02   4.0000000e+00   3.3910000e+03
   1.1000000e+01   3.6430000e+03   9.3425800e+02   1.2924480e+03   1.4500000e+02   4.0000000e+00   3.5150000e+03
   1.5000000e+01   3.6440000e+03   7.7564600e+02   1.4234150e+03   1.4500000e+02   4.0000000e+00   3.7270000e+03
   1.5000000e+01   3.6450000e+03   7.7621400e+02   1.4143300e+03   1.4500000e+02   4.0000000e+00   3.7270000e+03
   1.0000000e+01   3.6460000e+03   8.7160800e+02   1.0583350e+03   1.8700000e+02   4.0000000e+00   3.1950000e+03
   1.0000000e+01   3.6470000e+03   8.8637200e+02   1.0394090e+03   1.8700000e+02   1.0000000e+00   3.1950000e+03
   1.0000000e+01   3.6480000e+03   8.7993600e+02   1.0466010e+03   1.9300000e+02   1.0000000e+00   3.1950000e+03
   1.3000000e+01   3.6490000e+03   6.2261800e+02   1.2630180e+03   2.5000000e+01   1.0000000e+00   4.2880000e+03
   1.3000000e+01   3.6500000e+03   6.1750800e+02   1.2576240e+03   2.5000000e+01   1.0000000e+00   4.2880000e+03
   1.3000000e+01   3.6510000e+03   6.7343800e+02   1.2848770e+03   3.3000000e+01   1.0000000e+00   4.2910000e+03
   1.3000000e+01   3.6520000e+03   6.7741300e+02   1.2794830e+03   3.3000000e+01   1.0000000e+00   4.2910000e+03
   1.3000000e+01   3.6530000e+03   7.0608800e+02   1.2905550e+03   4.1000000e+01   1.0000000e+00   4.2910000e+03
   1.3000000e+01   3.6540000e+03   6.8905300e+02   1.2848770e+03   4.5000000e+01   1.0000000e+00   4.2900000e+03
   1.3000000e+01   3.6550000e+03   6.6123000e+02   1.2542170e+03   6.7000000e+01   4.0000000e+00   4.2920000e+03
   1.3000000e+01   3.6560000e+03   6.6776000e+02   1.2596110e+03   5.5000000e+01   4.0000000e+00   4.2810000e+03
   1.3000000e+01   3.6570000e+03   6.6293300e+02   1.2579080e+03   4.9000000e+01   4.0000000e+00   4.2810000e+03
   1.3000000e+01   3.6580000e+03   6.6946300e+02   1.2686960e+03   4.9000000e+01   4.0000000e+00   4.2810000e+03
   1.3000000e+01   3.6590000e+03   6.6179800e+02   1.2618820e+03   4.1000000e+01   4.0000000e+00   4.2820000e+03
   1.3000000e+01   3.6600000e+03   6.7003100e+02   1.2527980e+03   4.1000000e+01   4.0000000e+00   4.2860000e+03
   1.3000000e+01   3.6610000e+03   6.6094600e+02   1.2505270e+03   4.1000000e+01   4.0000000e+00   4.2860000e+03
   1.3000000e+01   3.6620000e+03   6.4845400e+02   1.2675600e+03   3.5000000e+01   3.0000000e+00   4.2880000e+03
   1.3000000e+01   3.6630000e+03   6.4334400e+02   1.2434300e+03   3.1000000e+01   1.0000000e+00   4.2870000e+03
   1.3000000e+01   3.6640000e+03   6.3454200e+02   1.2388870e+03   3.1000000e+01   1.0000000e+00   4.2870000e+03
   1.3000000e+01   3.6650000e+03   6.7798100e+02   1.2706830e+03   3.3000000e+01   4.0000000e+00   4.2910000e+03
   1.3000000e+01   3.6660000e+03   6.9217600e+02   1.2675600e+03   3.3000000e+01   4.0000000e+00   4.2910000e+03
   1.5000000e+01   3.6670000e+03   8.0914800e+02   1.6510930e+03   4.5000000e+01   1.0000000e+00   3.9040000e+03
   1.5000000e+01   3.6680000e+03   8.2022000e+02   1.6451310e+03   5.1000000e+01   1.0000000e+00   3.9040000e+03
   1.5000000e+01   3.6690000e+03   8.1567800e+02   1.6343430e+03   5.1000000e+01   1.0000000e+00   3.9040000e+03
   1.5000000e+01   3.6700000e+03   7.9381700e+02   1.6363310e+03   5.1000000e+01   1.0000000e+00   3.9040000e+03
   1.5000000e+01   3.6710000e+03   7.9977900e+02   1.6746550e+03   5.5000000e+01   1.0000000e+00   3.9040000e+03
   1.5000000e+01   3.6720000e+03   7.9296500e+02   1.6562030e+03   5.5000000e+01   1.0000000e+00   3.9040000e+03
   1.5000000e+01   3.6730000e+03   7.8813800e+02   1.6434280e+03   5.7000000e+01   1.0000000e+00   3.9040000e+03
   1.5000000e+01   3.6740000e+03   8.1454200e+02   1.6340590e+03   5.7000000e+01   1.0000000e+00   3.9040000e+03
   1.5000000e+01   3.6750000e+03   8.1227100e+02   1.6280980e+03   5.7000000e+01   1.0000000e+00   3.9040000e+03
   1.5000000e+01   3.6760000e+03   7.7167200e+02   1.6692620e+03   6.3000000e+01   1.0000000e+00   3.8200000e+03
   9.0000000e+00   3.6770000e+03   9.3993600e+02   8.1986900e+02   1.3900000e+02   1.0000000e+00   2.8600000e+03
   9.0000000e+00   3.6780000e+03   8.6498400e+02   9.1487700e+02   1.3700000e+02   1.0000000e+00   2.8600000e+03
   9.0000000e+00   3.6790000e+03   8.6839100e+02   9.0617100e+02   1.3700000e+02   1.0000000e+00   2.8500000e+03
   9.0000000e+00   3.6800000e+03   8.9716000e+02   9.0238500e+02   1.4500000e+02   1.0000000e+00   2.8280000e+03
   9.0000000e+00   3.6810000e+03   8.9640300e+02   8.9140800e+02   1.4500000e+02   1.0000000e+00   2.8280000e+03
   9.0000000e+00   3.6820000e+03   8.8429000e+02   8.8535200e+02   1.4500000e+02   1.0000000e+00   2.8280000e+03
   9.0000000e+00   3.6830000e+03   8.9451100e+02   8.7740300e+02   1.4500000e+02   1.0000000e+00   2.8280000e+03
   9.0000000e+00   3.6840000e+03   8.8958900e+02   8.8346000e+02   1.4500000e+02   1.0000000e+00   2.8280000e+03
   9.0000000e+00   3.6850000e+03   9.1343800e+02   8.9632900e+02   1.5100000e+02   1.0000000e+00   2.8270000e+03
