   2.1000000e+02
   1.6300000e+02
   1.7870000e+03
   1.7860000e+03
   1.7850000e+03
   1.2000000e+01
   1.7880000e+03
   6.0000000e+01
   7.1000000e+01
   7.4900000e+02
   5.4000000e+01
   5.5000000e+01
   1.7410000e+03
   1.6780000e+03
   9.1000000e+01
   1.6850000e+03
   1.6970000e+03
   7.4100000e+02
   1.6910000e+03
   2.7200000e+02
   1.7470000e+03
   1.6030000e+03
   4.6000000e+01
   3.8500000e+02
   3.6600000e+02
   1.7940000e+03
   1.7910000e+03
   1.7960000e+03
   1.7440000e+03
   1.7390000e+03
