   7.0000000e+00   1.6060000e+03   1.0456150e+03   5.7580000e+02   6.8000000e+01   4.0000000e+00   1.3300000e+02
   7.0000000e+00   1.6020000e+03   1.1358960e+03   5.9453900e+02   6.3000000e+01   1.0000000e+00   1.3400000e+02
   7.0000000e+00   1.6030000e+03   1.1290830e+03   5.8687300e+02   6.3000000e+01   1.0000000e+00   1.3400000e+02
   7.0000000e+00   1.6040000e+03   1.1245400e+03   6.0362400e+02   6.4000000e+01   4.0000000e+00   1.3400000e+02
   7.0000000e+00   1.5990000e+03   1.1228370e+03   6.0220500e+02   5.7000000e+01   3.0000000e+00   1.3400000e+02
   7.0000000e+00   1.6000000e+03   1.1290830e+03   6.0362400e+02   5.7000000e+01   3.0000000e+00   1.3400000e+02
   7.0000000e+00   1.6010000e+03   1.1126160e+03   6.0106900e+02   5.7000000e+01   3.0000000e+00   1.3400000e+02
   7.0000000e+00   1.6050000e+03   1.1296510e+03   6.0248900e+02   6.0000000e+01   4.0000000e+00   1.3400000e+02
   7.0000000e+00   1.5980000e+03   1.1072220e+03   6.0759900e+02   5.7000000e+01   3.0000000e+00   1.3400000e+02
   7.0000000e+00   1.5870000e+03   1.1614480e+03   6.4167000e+02   5.4000000e+01   1.0000000e+00   1.4300000e+02
   7.0000000e+00   1.5880000e+03   1.1574730e+03   6.3258500e+02   5.4000000e+01   1.0000000e+00   1.4300000e+02
   7.0000000e+00   1.5890000e+03   1.1617320e+03   6.2463500e+02   5.4000000e+01   1.0000000e+00   1.4300000e+02
   7.0000000e+00   1.5900000e+03   1.1705330e+03   6.2066000e+02   5.8000000e+01   1.0000000e+00   1.4300000e+02
   7.0000000e+00   1.5910000e+03   1.1657060e+03   6.2463500e+02   5.8000000e+01   1.0000000e+00   1.4300000e+02
   7.0000000e+00   1.5920000e+03   1.1637190e+03   6.1753700e+02   5.8000000e+01   1.0000000e+00   1.4300000e+02
   7.0000000e+00   1.5930000e+03   1.1515110e+03   6.5018800e+02   5.7000000e+01   1.0000000e+00   1.4300000e+02
   7.0000000e+00   1.5940000e+03   1.1605960e+03   6.5132400e+02   5.5000000e+01   1.0000000e+00   1.4300000e+02
   7.0000000e+00   1.5950000e+03   1.1614480e+03   6.3570800e+02   5.7000000e+01   1.0000000e+00   1.4300000e+02
   7.0000000e+00   1.5960000e+03   1.1168750e+03   6.1526500e+02   5.7000000e+01   1.0000000e+00   1.4300000e+02
   7.0000000e+00   1.5970000e+03   1.1023960e+03   6.2207900e+02   5.7000000e+01   3.0000000e+00   1.4800000e+02
   7.0000000e+00   1.6070000e+03   1.0589590e+03   5.7068900e+02   6.8000000e+01   4.0000000e+00   1.5400000e+02
   7.0000000e+00   1.6080000e+03   1.0830900e+03   5.8460100e+02   6.8000000e+01   4.0000000e+00   1.5400000e+02
   7.0000000e+00   1.6090000e+03   1.0657720e+03   5.6699800e+02   6.8000000e+01   4.0000000e+00   1.5400000e+02
   7.0000000e+00   1.6100000e+03   1.0637850e+03   5.7324400e+02   7.2000000e+01   4.0000000e+00   1.5400000e+02
   7.0000000e+00   1.6120000e+03   1.0640690e+03   5.6387500e+02   7.1000000e+01   4.0000000e+00   1.5400000e+02
   7.0000000e+00   1.6110000e+03   1.0927430e+03   5.7267600e+02   7.5000000e+01   4.0000000e+00   1.5400000e+02
   7.0000000e+00   1.6130000e+03   1.1269060e+03   5.5819600e+02   7.7000000e+01   4.0000000e+00   1.5500000e+02
   7.0000000e+00   1.6150000e+03   1.1499970e+03   5.6501000e+02   7.8000000e+01   4.0000000e+00   1.5500000e+02
   7.0000000e+00   1.6160000e+03   1.1484830e+03   5.5857500e+02   7.8000000e+01   4.0000000e+00   1.5500000e+02
   7.0000000e+00   1.6140000e+03   1.1636240e+03   5.6766000e+02   7.8000000e+01   4.0000000e+00   1.5500000e+02
   7.0000000e+00   1.6200000e+03   1.1643810e+03   5.7901700e+02   8.5000000e+01   4.0000000e+00   1.5500000e+02
   7.0000000e+00   1.6210000e+03   1.1556750e+03   5.7144600e+02   8.5000000e+01   4.0000000e+00   1.5500000e+02
   7.0000000e+00   1.6180000e+03   1.1655170e+03   5.8696700e+02   8.3000000e+01   4.0000000e+00   1.5500000e+02
   7.0000000e+00   1.6170000e+03   1.1833080e+03   5.9264600e+02   7.8000000e+01   4.0000000e+00   1.5500000e+02
   7.0000000e+00   1.6190000e+03   1.1859580e+03   5.6955300e+02   8.4000000e+01   4.0000000e+00   1.5500000e+02
   9.0000000e+00   1.7590000e+03   1.3428620e+03   4.8702600e+02   6.3000000e+01   1.0000000e+00   1.6400000e+02
   9.0000000e+00   1.7390000e+03   1.2978160e+03   4.9573300e+02   6.1000000e+01   1.0000000e+00   1.6400000e+02
   9.0000000e+00   1.7400000e+03   1.2857030e+03   4.9611100e+02   6.1000000e+01   1.0000000e+00   1.6400000e+02
   9.0000000e+00   1.7410000e+03   1.3122000e+03   4.9459700e+02   5.0000000e+01   1.0000000e+00   1.6400000e+02
   9.0000000e+00   1.7420000e+03   1.3175000e+03   5.0709000e+02   5.0000000e+01   1.0000000e+00   1.6400000e+02
   9.0000000e+00   1.7430000e+03   1.3262060e+03   5.0633300e+02   5.0000000e+01   1.0000000e+00   1.6400000e+02
   9.0000000e+00   1.7440000e+03   1.3012230e+03   5.0557600e+02   5.0000000e+01   1.0000000e+00   1.6400000e+02
   9.0000000e+00   1.7450000e+03   1.2966800e+03   4.9876100e+02   5.0000000e+01   1.0000000e+00   1.6400000e+02
   9.0000000e+00   1.7460000e+03   1.3182570e+03   4.7566900e+02   5.0000000e+01   1.0000000e+00   1.6400000e+02
   9.0000000e+00   1.7470000e+03   1.3163640e+03   4.8475400e+02   5.5000000e+01   1.0000000e+00   1.6400000e+02
   9.0000000e+00   1.7480000e+03   1.3190140e+03   4.7226200e+02   5.5000000e+01   1.0000000e+00   1.6400000e+02
   9.0000000e+00   1.7490000e+03   1.3383190e+03   4.8475400e+02   5.5000000e+01   1.0000000e+00   1.6400000e+02
   9.0000000e+00   1.7500000e+03   1.3133360e+03   5.0671100e+02   5.5000000e+01   1.0000000e+00   1.6400000e+02
   9.0000000e+00   1.7510000e+03   1.3129570e+03   4.9951900e+02   5.5000000e+01   1.0000000e+00   1.6400000e+02
   9.0000000e+00   1.7520000e+03   1.3239350e+03   4.9535400e+02   5.7000000e+01   1.0000000e+00   1.6400000e+02
   9.0000000e+00   1.7530000e+03   1.3352910e+03   4.6961200e+02   5.3000000e+01   1.0000000e+00   1.6400000e+02
   9.0000000e+00   1.7540000e+03   1.3394550e+03   4.7718300e+02   5.7000000e+01   1.0000000e+00   1.6400000e+02
   9.0000000e+00   1.7550000e+03   1.3424830e+03   4.8172600e+02   6.0000000e+01   1.0000000e+00   1.6400000e+02
   9.0000000e+00   1.7560000e+03   1.3273420e+03   4.7869700e+02   6.0000000e+01   1.0000000e+00   1.6400000e+02
   9.0000000e+00   1.7570000e+03   1.3394550e+03   4.7264000e+02   6.2000000e+01   1.0000000e+00   1.6400000e+02
   9.0000000e+00   1.7580000e+03   1.3216640e+03   4.7983300e+02   6.2000000e+01   1.0000000e+00   1.6400000e+02
   9.0000000e+00   1.7600000e+03   1.3754160e+03   5.0216800e+02   5.7000000e+01   1.0000000e+00   1.6800000e+02
   9.0000000e+00   1.7610000e+03   1.3564890e+03   4.9156900e+02   6.2000000e+01   1.0000000e+00   1.6800000e+02
   9.0000000e+00   1.7620000e+03   1.3572460e+03   5.0709000e+02   6.4000000e+01   1.0000000e+00   1.6800000e+02
   9.0000000e+00   1.7630000e+03   1.3587600e+03   5.2185400e+02   7.1000000e+01   1.0000000e+00   1.6800000e+02
   9.0000000e+00   1.7640000e+03   1.3466470e+03   5.1882500e+02   7.1000000e+01   1.0000000e+00   1.6800000e+02
   9.0000000e+00   1.7650000e+03   1.3860150e+03   4.9724700e+02   7.1000000e+01   1.0000000e+00   1.6800000e+02
   9.0000000e+00   1.7660000e+03   1.3780660e+03   5.1541800e+02   7.1000000e+01   1.0000000e+00   1.6800000e+02
   9.0000000e+00   1.7670000e+03   1.3871510e+03   4.9005400e+02   7.1000000e+01   1.0000000e+00   1.6800000e+02
   9.0000000e+00   1.7680000e+03   1.3337770e+03   5.2147500e+02   7.1000000e+01   1.0000000e+00   1.6800000e+02
   9.0000000e+00   1.7690000e+03   1.3799580e+03   5.1617500e+02   7.6000000e+01   8.0000000e+00   1.6800000e+02
   9.0000000e+00   1.7700000e+03   1.3886650e+03   4.9270400e+02   7.6000000e+01   8.0000000e+00   1.6800000e+02
   9.0000000e+00   1.7710000e+03   1.3697380e+03   5.6122500e+02   7.0000000e+01   1.0000000e+00   1.7000000e+02
   9.0000000e+00   1.7720000e+03   1.3845010e+03   5.3964700e+02   5.7000000e+01   1.0000000e+00   1.7000000e+02
   9.0000000e+00   1.7730000e+03   1.3890430e+03   5.2866800e+02   5.7000000e+01   1.0000000e+00   1.7000000e+02
   9.0000000e+00   1.7000000e+03   1.3576250e+03   6.0438100e+02   6.4000000e+01   1.0000000e+00   1.7500000e+02
   9.0000000e+00   1.7010000e+03   1.3614100e+03   6.3656000e+02   7.0000000e+01   1.0000000e+00   1.7500000e+02
   9.0000000e+00   1.7020000e+03   1.3455120e+03   6.4110200e+02   6.2000000e+01   1.0000000e+00   1.7500000e+02
   9.0000000e+00   1.7030000e+03   1.3682240e+03   6.3542400e+02   6.5000000e+01   1.0000000e+00   1.7500000e+02
   9.0000000e+00   1.7040000e+03   1.3655740e+03   6.2558100e+02   6.5000000e+01   1.0000000e+00   1.7500000e+02
   9.0000000e+00   1.7050000e+03   1.3587600e+03   6.5359500e+02   6.5000000e+01   1.0000000e+00   1.7500000e+02
   9.0000000e+00   1.7060000e+03   1.3595170e+03   6.3656000e+02   6.9000000e+01   1.0000000e+00   1.7500000e+02
   9.0000000e+00   1.7070000e+03   1.3617890e+03   6.1384600e+02   6.2000000e+01   3.0000000e+00   1.7500000e+02
   9.0000000e+00   1.7170000e+03   1.3939640e+03   5.9037400e+02   6.6000000e+01   1.0000000e+00   1.7700000e+02
   9.0000000e+00   1.7180000e+03   1.3977500e+03   5.9794600e+02   6.3000000e+01   3.0000000e+00   1.7800000e+02
   9.0000000e+00   1.7080000e+03   1.3951000e+03   5.8204600e+02   5.2000000e+01   1.0000000e+00   1.7800000e+02
   9.0000000e+00   1.7090000e+03   1.3860150e+03   5.9075300e+02   5.2000000e+01   1.0000000e+00   1.7800000e+02
   9.0000000e+00   1.7100000e+03   1.3814730e+03   5.7977500e+02   5.2000000e+01   1.0000000e+00   1.7800000e+02
   9.0000000e+00   1.7110000e+03   1.3837440e+03   5.7144600e+02   5.5000000e+01   1.0000000e+00   1.7800000e+02
   9.0000000e+00   1.7120000e+03   1.3969930e+03   5.9794600e+02   5.8000000e+01   1.0000000e+00   1.7800000e+02
   9.0000000e+00   1.7130000e+03   1.4003990e+03   6.0589600e+02   6.1000000e+01   1.0000000e+00   1.7800000e+02
   9.0000000e+00   1.7140000e+03   1.4079700e+03   6.0513900e+02   6.1000000e+01   1.0000000e+00   1.7800000e+02
   9.0000000e+00   1.7150000e+03   1.4072130e+03   5.8848200e+02   6.1000000e+01   1.0000000e+00   1.7800000e+02
   9.0000000e+00   1.7160000e+03   1.4178120e+03   5.9340300e+02   6.4000000e+01   1.0000000e+00   1.7800000e+02
   9.0000000e+00   1.7190000e+03   1.3882860e+03   5.7636700e+02   7.1000000e+01   1.0000000e+00   1.8000000e+02
   9.0000000e+00   1.7200000e+03   1.3739020e+03   5.9264600e+02   7.1000000e+01   1.0000000e+00   1.8000000e+02
   9.0000000e+00   1.7210000e+03   1.3981280e+03   5.9491700e+02   7.3000000e+01   1.0000000e+00   1.8000000e+02
   9.0000000e+00   1.6940000e+03   1.3693590e+03   6.2331000e+02   5.6000000e+01   1.0000000e+00   1.8100000e+02
   9.0000000e+00   1.6950000e+03   1.3591390e+03   6.2596000e+02   5.6000000e+01   1.0000000e+00   1.8100000e+02
   9.0000000e+00   1.6960000e+03   1.3701170e+03   6.3428800e+02   5.8000000e+01   1.0000000e+00   1.8100000e+02
   9.0000000e+00   1.6970000e+03   1.3576250e+03   6.2406700e+02   5.8000000e+01   1.0000000e+00   1.8100000e+02
   9.0000000e+00   1.6980000e+03   1.3485400e+03   6.1876700e+02   5.8000000e+01   1.0000000e+00   1.8100000e+02
   9.0000000e+00   1.6990000e+03   1.3477830e+03   6.0589600e+02   5.8000000e+01   1.0000000e+00   1.8100000e+02
   9.0000000e+00   1.6720000e+03   1.3375620e+03   5.9226700e+02   6.3000000e+01   3.0000000e+00   1.8200000e+02
   9.0000000e+00   1.6830000e+03   1.3027370e+03   6.4261700e+02   6.2000000e+01   1.0000000e+00   1.8300000e+02
   9.0000000e+00   1.6840000e+03   1.3008440e+03   6.5208100e+02   6.2000000e+01   1.0000000e+00   1.8300000e+02
   9.0000000e+00   1.6850000e+03   1.2853240e+03   6.5018800e+02   6.2000000e+01   1.0000000e+00   1.8300000e+02
   9.0000000e+00   1.6860000e+03   1.3065220e+03   6.4148100e+02   6.5000000e+01   1.0000000e+00   1.8300000e+02
   9.0000000e+00   1.6870000e+03   1.2883520e+03   6.4602400e+02   6.5000000e+01   1.0000000e+00   1.8300000e+02
   9.0000000e+00   1.6880000e+03   1.2963020e+03   6.4980900e+02   6.5000000e+01   1.0000000e+00   1.8300000e+02
   9.0000000e+00   1.6890000e+03   1.3016010e+03   6.3656000e+02   6.9000000e+01   1.0000000e+00   1.8300000e+02
   9.0000000e+00   1.6900000e+03   1.3031150e+03   6.4564500e+02   6.9000000e+01   1.0000000e+00   1.8300000e+02
   9.0000000e+00   1.6910000e+03   1.2788890e+03   6.3656000e+02   5.7000000e+01   1.0000000e+00   1.8300000e+02
   9.0000000e+00   1.6920000e+03   1.2966800e+03   6.1081700e+02   6.6000000e+01   1.0000000e+00   1.8300000e+02
   9.0000000e+00   1.6930000e+03   1.2838100e+03   6.1422400e+02   6.6000000e+01   1.0000000e+00   1.8300000e+02
   9.0000000e+00   1.6710000e+03   1.3326410e+03   6.0286700e+02   5.8000000e+01   1.0000000e+00   1.8400000e+02
   9.0000000e+00   1.6730000e+03   1.3205280e+03   5.9037400e+02   5.7000000e+01   3.0000000e+00   1.8400000e+02
   9.0000000e+00   1.6740000e+03   1.3061440e+03   6.2898800e+02   4.9000000e+01   1.0000000e+00   1.8500000e+02
   9.0000000e+00   1.6750000e+03   1.2910020e+03   6.4034500e+02   4.9000000e+01   1.0000000e+00   1.8500000e+02
   9.0000000e+00   1.6760000e+03   1.2997090e+03   6.4564500e+02   4.9000000e+01   1.0000000e+00   1.8500000e+02
   9.0000000e+00   1.6770000e+03   1.3265850e+03   6.3239500e+02   4.9000000e+01   1.0000000e+00   1.8500000e+02
   9.0000000e+00   1.6780000e+03   1.3057650e+03   6.5889500e+02   5.2000000e+01   1.0000000e+00   1.8500000e+02
   9.0000000e+00   1.6790000e+03   1.3246920e+03   6.3353100e+02   5.2000000e+01   1.0000000e+00   1.8500000e+02
   9.0000000e+00   1.6800000e+03   1.3129570e+03   6.5245900e+02   5.6000000e+01   1.0000000e+00   1.8500000e+02
   9.0000000e+00   1.6810000e+03   1.3061440e+03   6.4337400e+02   5.6000000e+01   1.0000000e+00   1.8500000e+02
   9.0000000e+00   1.6820000e+03   1.3031150e+03   6.5473100e+02   5.6000000e+01   1.0000000e+00   1.8500000e+02
   9.0000000e+00   1.6610000e+03   1.2894880e+03   6.1952400e+02   4.4000000e+01   1.0000000e+00   1.8600000e+02
   9.0000000e+00   1.6620000e+03   1.2898670e+03   6.0362400e+02   4.4000000e+01   1.0000000e+00   1.8600000e+02
   9.0000000e+00   1.6630000e+03   1.2917590e+03   5.9567400e+02   4.4000000e+01   1.0000000e+00   1.8600000e+02
   9.0000000e+00   1.6640000e+03   1.3000870e+03   6.0248900e+02   4.4000000e+01   1.0000000e+00   1.8600000e+02
   9.0000000e+00   1.6650000e+03   1.3322630e+03   5.8507500e+02   4.9000000e+01   1.0000000e+00   1.8600000e+02
   9.0000000e+00   1.6660000e+03   1.3175000e+03   5.8318200e+02   4.9000000e+01   1.0000000e+00   1.8600000e+02
   9.0000000e+00   1.6670000e+03   1.3050080e+03   5.8923900e+02   4.9000000e+01   1.0000000e+00   1.8600000e+02
   9.0000000e+00   1.6680000e+03   1.2819170e+03   5.9983900e+02   4.9000000e+01   1.0000000e+00   1.8600000e+02
   9.0000000e+00   1.6690000e+03   1.2853240e+03   6.1346700e+02   4.9000000e+01   1.0000000e+00   1.8600000e+02
   9.0000000e+00   1.6700000e+03   1.3103080e+03   5.8772400e+02   5.1000000e+01   1.0000000e+00   1.8600000e+02
   9.0000000e+00   1.7250000e+03   1.2701830e+03   4.9989700e+02   4.9000000e+01   1.0000000e+00   1.8800000e+02
   9.0000000e+00   1.7260000e+03   1.2796460e+03   5.2034000e+02   5.2000000e+01   1.0000000e+00   1.8800000e+02
   9.0000000e+00   1.7270000e+03   1.2709400e+03   5.1617500e+02   5.2000000e+01   1.0000000e+00   1.8800000e+02
   9.0000000e+00   1.7280000e+03   1.2474700e+03   5.1920400e+02   5.3000000e+01   1.0000000e+00   1.8800000e+02
   9.0000000e+00   1.7290000e+03   1.2906240e+03   5.0709000e+02   5.3000000e+01   1.0000000e+00   1.8800000e+02
   9.0000000e+00   1.7300000e+03   1.2501200e+03   5.1352500e+02   5.7000000e+01   1.0000000e+00   1.8800000e+02
   9.0000000e+00   1.7310000e+03   1.2845670e+03   5.0065400e+02   5.7000000e+01   1.0000000e+00   1.8800000e+02
   9.0000000e+00   1.7320000e+03   1.2894880e+03   5.1390400e+02   5.7000000e+01   1.0000000e+00   1.8800000e+02
   9.0000000e+00   1.7330000e+03   1.2690470e+03   5.1314700e+02   6.0000000e+01   1.0000000e+00   1.8800000e+02
   9.0000000e+00   1.7340000e+03   1.2595840e+03   5.1806800e+02   6.0000000e+01   1.0000000e+00   1.8800000e+02
   9.0000000e+00   1.7350000e+03   1.2819170e+03   5.1390400e+02   6.3000000e+01   1.0000000e+00   1.8800000e+02
   9.0000000e+00   1.7360000e+03   1.2773750e+03   5.1882500e+02   6.3000000e+01   1.0000000e+00   1.8800000e+02
   9.0000000e+00   1.7370000e+03   1.2622330e+03   5.0444000e+02   5.9000000e+01   1.0000000e+00   1.8800000e+02
   9.0000000e+00   1.7380000e+03   1.2535270e+03   5.4078200e+02   5.9000000e+01   1.0000000e+00   1.8800000e+02
   9.0000000e+00   1.6520000e+03   1.2728320e+03   5.8166700e+02   4.1000000e+01   1.0000000e+00   1.8900000e+02
   9.0000000e+00   1.6530000e+03   1.2989510e+03   5.7371800e+02   4.4000000e+01   1.0000000e+00   1.8900000e+02
   9.0000000e+00   1.6540000e+03   1.2694260e+03   5.5592500e+02   4.8000000e+01   1.0000000e+00   1.8900000e+02
   9.0000000e+00   1.6550000e+03   1.2637480e+03   5.6614600e+02   5.3000000e+01   1.0000000e+00   1.8900000e+02
   9.0000000e+00   1.6560000e+03   1.2735890e+03   5.7561000e+02   5.3000000e+01   1.0000000e+00   1.8900000e+02
   9.0000000e+00   1.6570000e+03   1.3095500e+03   5.6841800e+02   5.1000000e+01   1.0000000e+00   1.8900000e+02
   9.0000000e+00   1.6580000e+03   1.2754820e+03   5.8053200e+02   5.8000000e+01   1.0000000e+00   1.8900000e+02
   9.0000000e+00   1.6590000e+03   1.2872170e+03   5.8204600e+02   5.8000000e+01   1.0000000e+00   1.8900000e+02
   9.0000000e+00   1.6600000e+03   1.2826740e+03   5.8204600e+02   6.4000000e+01   1.0000000e+00   1.8900000e+02
   9.0000000e+00   1.7220000e+03   1.3216640e+03   5.5630300e+02   4.6000000e+01   1.0000000e+00   1.8900000e+02
   9.0000000e+00   1.7230000e+03   1.2951660e+03   5.2488200e+02   4.9000000e+01   1.0000000e+00   1.8900000e+02
   9.0000000e+00   1.7240000e+03   1.2902450e+03   5.2564000e+02   4.6000000e+01   1.0000000e+00   1.8900000e+02
   9.0000000e+00   1.8030000e+03   1.3723880e+03   7.6565100e+02   9.5000000e+01   1.0000000e+00   2.4200000e+02
   9.0000000e+00   1.8040000e+03   1.3648170e+03   7.7322200e+02   9.5000000e+01   1.0000000e+00   2.4200000e+02
   9.0000000e+00   1.8050000e+03   1.3655740e+03   7.3574400e+02   1.0200000e+02   1.0000000e+00   2.4200000e+02
   9.0000000e+00   1.8060000e+03   1.3625460e+03   7.2173700e+02   1.0600000e+02   1.0000000e+00   2.4200000e+02
   9.0000000e+00   1.7950000e+03   1.4348460e+03   6.9713000e+02   1.0000000e+02   1.0000000e+00   2.4700000e+02
   9.0000000e+00   1.7960000e+03   1.4306830e+03   7.2173700e+02   1.0300000e+02   1.0000000e+00   2.4700000e+02
   9.0000000e+00   1.7970000e+03   1.4552870e+03   7.1605900e+02   1.0600000e+02   1.0000000e+00   2.4700000e+02
   9.0000000e+00   1.7980000e+03   1.4197050e+03   6.7858000e+02   1.0600000e+02   1.0000000e+00   2.4700000e+02
   9.0000000e+00   1.7990000e+03   1.4246260e+03   7.1681600e+02   1.0600000e+02   1.0000000e+00   2.4700000e+02
   9.0000000e+00   1.8000000e+03   1.4303040e+03   7.3498700e+02   1.0800000e+02   1.0000000e+00   2.4700000e+02
   9.0000000e+00   1.8010000e+03   1.4197050e+03   7.2552300e+02   1.0800000e+02   1.0000000e+00   2.4700000e+02
   9.0000000e+00   1.8020000e+03   1.4234900e+03   6.9675200e+02   1.1000000e+02   1.0000000e+00   2.4700000e+02
   9.0000000e+00   1.7850000e+03   1.4250040e+03   7.2855100e+02   9.3000000e+01   1.0000000e+00   2.4800000e+02
   9.0000000e+00   1.7870000e+03   1.4265190e+03   7.2249400e+02   9.3000000e+01   1.0000000e+00   2.4800000e+02
   9.0000000e+00   1.7880000e+03   1.4374960e+03   7.4142200e+02   9.3000000e+01   1.0000000e+00   2.4800000e+02
   9.0000000e+00   1.7890000e+03   1.4291680e+03   7.4748000e+02   9.3000000e+01   1.0000000e+00   2.4800000e+02
   9.0000000e+00   1.7900000e+03   1.4166770e+03   7.3385100e+02   9.3000000e+01   1.0000000e+00   2.4800000e+02
   9.0000000e+00   1.7910000e+03   1.4132700e+03   7.2060100e+02   9.3000000e+01   1.0000000e+00   2.4800000e+02
   9.0000000e+00   1.7920000e+03   1.4299250e+03   7.3574400e+02   9.7000000e+01   1.0000000e+00   2.4800000e+02
   9.0000000e+00   1.7930000e+03   1.4303040e+03   7.5542900e+02   9.8000000e+01   1.0000000e+00   2.4800000e+02
   9.0000000e+00   1.7940000e+03   1.4178120e+03   7.3612300e+02   1.0100000e+02   1.0000000e+00   2.4800000e+02
   9.0000000e+00   1.7740000e+03   1.4325750e+03   6.9031600e+02   7.5000000e+01   1.0000000e+00   2.4900000e+02
   9.0000000e+00   1.7750000e+03   1.4189480e+03   7.0091600e+02   7.5000000e+01   1.0000000e+00   2.4900000e+02
   9.0000000e+00   1.7760000e+03   1.4056990e+03   7.0318700e+02   8.0000000e+01   1.0000000e+00   2.4900000e+02
   9.0000000e+00   1.7770000e+03   1.4284110e+03   7.0205200e+02   7.7000000e+01   1.0000000e+00   2.4900000e+02
   9.0000000e+00   1.7780000e+03   1.4231120e+03   6.8047300e+02   7.8000000e+01   1.0000000e+00   2.4900000e+02
   9.0000000e+00   1.7790000e+03   1.4064560e+03   7.0583700e+02   7.9000000e+01   1.0000000e+00   2.4900000e+02
   9.0000000e+00   1.7800000e+03   1.4314400e+03   7.1378700e+02   8.6000000e+01   1.0000000e+00   2.4900000e+02
   9.0000000e+00   1.7810000e+03   1.4632370e+03   7.1151600e+02   8.2000000e+01   1.0000000e+00   2.4900000e+02
   9.0000000e+00   1.7820000e+03   1.4568020e+03   7.0243000e+02   8.2000000e+01   1.0000000e+00   2.4900000e+02
   9.0000000e+00   1.7830000e+03   1.4393890e+03   7.3158000e+02   8.9000000e+01   1.0000000e+00   2.4900000e+02
   9.0000000e+00   1.7840000e+03   1.4621010e+03   7.0243000e+02   8.9000000e+01   1.0000000e+00   2.4900000e+02
   9.0000000e+00   1.7860000e+03   1.4450670e+03   7.0470200e+02   9.3000000e+01   1.0000000e+00   2.4900000e+02
   9.0000000e+00   1.6510000e+03   1.2245690e+03   6.7990500e+02   8.3000000e+01   1.0000000e+00   2.5400000e+02
   9.0000000e+00   1.6400000e+03   1.2166200e+03   6.8444800e+02   8.6000000e+01   1.0000000e+00   2.5400000e+02
   9.0000000e+00   1.6460000e+03   1.2154840e+03   7.0716200e+02   7.9000000e+01   1.0000000e+00   2.5400000e+02
   9.0000000e+00   1.6470000e+03   1.1946640e+03   7.0829800e+02   8.1000000e+01   1.0000000e+00   2.5500000e+02
   9.0000000e+00   1.6340000e+03   1.1795230e+03   6.8937000e+02   7.7000000e+01   8.0000000e+00   2.5500000e+02
   9.0000000e+00   1.6350000e+03   1.1409120e+03   6.8747700e+02   8.2000000e+01   8.0000000e+00   2.5500000e+02
   9.0000000e+00   1.6360000e+03   1.1371270e+03   7.0678400e+02   8.2000000e+01   8.0000000e+00   2.5500000e+02
   9.0000000e+00   1.6370000e+03   1.1689240e+03   6.8142000e+02   7.5000000e+01   1.0000000e+00   2.5500000e+02
   9.0000000e+00   1.6380000e+03   1.1867150e+03   6.8558400e+02   8.4000000e+01   1.0000000e+00   2.5500000e+02
   9.0000000e+00   1.6390000e+03   1.1946640e+03   6.8066300e+02   8.6000000e+01   1.0000000e+00   2.5500000e+02
   9.0000000e+00   1.6410000e+03   1.1787660e+03   6.9126200e+02   8.9000000e+01   1.0000000e+00   2.5500000e+02
   9.0000000e+00   1.6420000e+03   1.1836870e+03   6.8066300e+02   8.9000000e+01   1.0000000e+00   2.5500000e+02
   9.0000000e+00   1.6430000e+03   1.1908790e+03   7.0337700e+02   9.4000000e+01   1.0000000e+00   2.5500000e+02
   9.0000000e+00   1.6440000e+03   1.1878510e+03   6.9391200e+02   9.4000000e+01   1.0000000e+00   2.5500000e+02
   9.0000000e+00   1.6450000e+03   1.1844440e+03   7.0034800e+02   9.4000000e+01   1.0000000e+00   2.5500000e+02
   9.0000000e+00   1.6490000e+03   1.2052630e+03   7.2874100e+02   8.6000000e+01   1.0000000e+00   2.5700000e+02
   9.0000000e+00   1.6500000e+03   1.1973140e+03   7.3328300e+02   8.6000000e+01   1.0000000e+00   2.5700000e+02
   9.0000000e+00   1.6480000e+03   1.1973140e+03   7.3744800e+02   8.2000000e+01   1.0000000e+00   2.5800000e+02
   9.0000000e+00   1.6230000e+03   1.1420480e+03   7.2154800e+02   6.6000000e+01   1.0000000e+00   2.6100000e+02
   9.0000000e+00   1.6240000e+03   1.1541610e+03   7.3971900e+02   6.6000000e+01   1.0000000e+00   2.6100000e+02
   9.0000000e+00   1.6250000e+03   1.1674100e+03   7.4085500e+02   6.6000000e+01   1.0000000e+00   2.6100000e+02
   9.0000000e+00   1.6260000e+03   1.1545390e+03   7.4615500e+02   7.0000000e+01   1.0000000e+00   2.6100000e+02
   9.0000000e+00   1.6270000e+03   1.1446970e+03   7.2987600e+02   7.2000000e+01   1.0000000e+00   2.6100000e+02
   9.0000000e+00   1.6280000e+03   1.1621100e+03   7.2798300e+02   7.2000000e+01   1.0000000e+00   2.6100000e+02
   9.0000000e+00   1.6290000e+03   1.1632460e+03   7.3782600e+02   7.2000000e+01   1.0000000e+00   2.6100000e+02
   9.0000000e+00   1.6300000e+03   1.1772520e+03   7.3896200e+02   7.2000000e+01   1.0000000e+00   2.6100000e+02
   9.0000000e+00   1.6310000e+03   1.1852010e+03   7.2836200e+02   7.2000000e+01   1.0000000e+00   2.6100000e+02
   9.0000000e+00   1.6220000e+03   1.1787660e+03   7.8628300e+02   6.1000000e+01   1.0000000e+00   2.6300000e+02
   9.0000000e+00   2.0170000e+03   1.1456440e+03   7.8192900e+02   7.2000000e+01   1.0000000e+00   2.6300000e+02
   7.0000000e+00   1.8220000e+03   1.1295560e+03   5.4873200e+02   8.8000000e+01   5.0000000e+00   2.8200000e+02
   7.0000000e+00   1.8230000e+03   1.1238780e+03   5.3434700e+02   8.8000000e+01   5.0000000e+00   2.8200000e+02
   7.0000000e+00   1.8260000e+03   1.0871600e+03   4.8854000e+02   8.6000000e+01   5.0000000e+00   2.8400000e+02
   7.0000000e+00   1.8270000e+03   1.0845100e+03   4.8096900e+02   8.6000000e+01   5.0000000e+00   2.8400000e+02
   7.0000000e+00   1.8280000e+03   1.0799680e+03   4.7301900e+02   9.2000000e+01   4.0000000e+00   2.8400000e+02
   7.0000000e+00   1.8290000e+03   1.0819550e+03   4.6450100e+02   9.2000000e+01   4.0000000e+00   2.8400000e+02
   7.0000000e+00   1.8300000e+03   1.0734380e+03   4.5598300e+02   9.4000000e+01   4.0000000e+00   2.8400000e+02
   7.0000000e+00   1.8310000e+03   1.0845100e+03   4.5711900e+02   9.4000000e+01   4.0000000e+00   2.8400000e+02
   7.0000000e+00   1.8320000e+03   1.0842260e+03   4.4065100e+02   1.0000000e+02   4.0000000e+00   2.8500000e+02
   7.0000000e+00   1.8330000e+03   1.0853620e+03   4.3043000e+02   1.0000000e+02   4.0000000e+00   2.8500000e+02
   7.0000000e+00   1.8340000e+03   1.0782640e+03   4.3383700e+02   1.0000000e+02   4.0000000e+00   2.8500000e+02
   7.0000000e+00   1.8350000e+03   1.0657720e+03   4.1964100e+02   1.0700000e+02   3.0000000e+00   3.0100000e+02
   7.0000000e+00   1.8360000e+03   1.0609460e+03   4.1850500e+02   1.1100000e+02   3.0000000e+00   3.0100000e+02
   8.0000000e+00   1.8070000e+03   1.1176320e+03   4.6033700e+02   1.3500000e+02   1.0000000e+00   3.3300000e+02
   8.0000000e+00   1.8080000e+03   1.1168750e+03   4.6639400e+02   1.3000000e+02   1.0000000e+00   3.3300000e+02
   8.0000000e+00   1.8090000e+03   1.1350450e+03   4.4708700e+02   1.3000000e+02   1.0000000e+00   3.3300000e+02
   8.0000000e+00   1.8100000e+03   1.1202820e+03   4.5011600e+02   1.3000000e+02   1.0000000e+00   3.3300000e+02
   8.0000000e+00   1.8110000e+03   1.1115750e+03   4.5503700e+02   1.3000000e+02   1.0000000e+00   3.3300000e+02
   8.0000000e+00   1.8120000e+03   1.1187680e+03   4.5693000e+02   1.2500000e+02   1.0000000e+00   3.3300000e+02
   8.0000000e+00   1.8130000e+03   1.0797780e+03   4.5276600e+02   1.2500000e+02   1.0000000e+00   3.3300000e+02
   8.0000000e+00   1.8140000e+03   1.0843210e+03   4.5238700e+02   1.2200000e+02   1.0000000e+00   3.3300000e+02
   8.0000000e+00   1.8150000e+03   1.1229310e+03   4.7737200e+02   1.1500000e+02   1.0000000e+00   3.3300000e+02
   8.0000000e+00   1.8210000e+03   1.0854560e+03   4.5314400e+02   1.2800000e+02   1.0000000e+00   3.3300000e+02
   8.0000000e+00   1.8160000e+03   1.1448870e+03   4.6525800e+02   1.1500000e+02   1.0000000e+00   3.3400000e+02
   8.0000000e+00   1.8170000e+03   1.1558640e+03   4.7396500e+02   1.1800000e+02   1.0000000e+00   3.3400000e+02
   8.0000000e+00   1.8180000e+03   1.1388300e+03   4.7434400e+02   1.2000000e+02   1.0000000e+00   3.3400000e+02
   8.0000000e+00   1.8190000e+03   1.1399660e+03   5.2052900e+02   1.2200000e+02   1.0000000e+00   3.3400000e+02
   8.0000000e+00   1.8200000e+03   1.1403440e+03   5.2242200e+02   1.1700000e+02   1.0000000e+00   3.3400000e+02
   8.0000000e+00   1.8510000e+03   1.0078560e+03   5.5876400e+02   1.2500000e+02   3.0000000e+00   3.4000000e+02
   8.0000000e+00   1.8550000e+03   9.8372400e+02   5.4882700e+02   1.3200000e+02   3.0000000e+00   3.4100000e+02
   8.0000000e+00   1.8520000e+03   9.7520700e+02   5.6671400e+02   1.2900000e+02   3.0000000e+00   3.4200000e+02
   8.0000000e+00   1.8530000e+03   9.7918200e+02   5.6245500e+02   1.2900000e+02   3.0000000e+00   3.4200000e+02
   8.0000000e+00   1.8540000e+03   9.7435600e+02   5.5649300e+02   1.3200000e+02   3.0000000e+00   3.4200000e+02
   8.0000000e+00   1.8390000e+03   9.1454700e+02   5.7769200e+02   1.2500000e+02   1.0000000e+00   3.4600000e+02
   8.0000000e+00   1.8400000e+03   9.6299900e+02   6.1403500e+02   1.3100000e+02   1.0000000e+00   3.4600000e+02
   8.0000000e+00   1.8410000e+03   9.4293700e+02   6.0873500e+02   1.3200000e+02   1.0000000e+00   3.4600000e+02
   8.0000000e+00   1.8420000e+03   9.5694300e+02   6.1782100e+02   1.3200000e+02   1.0000000e+00   3.4600000e+02
   8.0000000e+00   1.8430000e+03   9.1000400e+02   6.1517100e+02   1.3200000e+02   1.0000000e+00   3.4600000e+02
   8.0000000e+00   1.8440000e+03   9.1246500e+02   6.0163700e+02   1.3500000e+02   1.0000000e+00   3.4600000e+02
   8.0000000e+00   1.8450000e+03   9.1473600e+02   5.9255100e+02   1.3500000e+02   1.0000000e+00   3.4600000e+02
   8.0000000e+00   1.8460000e+03   9.4199100e+02   5.8914400e+02   1.3700000e+02   1.0000000e+00   3.4600000e+02
   8.0000000e+00   1.8470000e+03   9.3602900e+02   5.9368700e+02   1.3900000e+02   1.0000000e+00   3.4600000e+02
   8.0000000e+00   1.8480000e+03   9.2949900e+02   5.9425500e+02   1.3900000e+02   1.0000000e+00   3.4600000e+02
   8.0000000e+00   1.8490000e+03   9.2382100e+02   5.8914400e+02   1.3900000e+02   1.0000000e+00   3.4600000e+02
   8.0000000e+00   1.8560000e+03   1.0121150e+03   5.1276800e+02   1.3100000e+02   1.0000000e+00   3.4900000e+02
   8.0000000e+00   1.8570000e+03   1.0194960e+03   5.0538600e+02   1.3100000e+02   1.0000000e+00   3.4900000e+02
   8.0000000e+00   1.8580000e+03   1.0155210e+03   4.9601700e+02   1.3100000e+02   1.0000000e+00   3.4900000e+02
   7.0000000e+00   1.8240000e+03   1.1200920e+03   5.3661800e+02   9.5000000e+01   5.0000000e+00   3.7800000e+02
   7.0000000e+00   1.8250000e+03   1.1121430e+03   5.5971100e+02   9.5000000e+01   5.0000000e+00   3.7800000e+02
   6.0000000e+00   2.1550000e+03   9.0167600e+02   7.9499000e+02   1.0400000e+02   1.0000000e+00   5.4100000e+02
   6.0000000e+00   2.1560000e+03   8.8804900e+02   8.0596800e+02   1.0400000e+02   1.0000000e+00   5.4100000e+02
   6.0000000e+00   2.1570000e+03   9.0584000e+02   8.0256100e+02   1.0900000e+02   1.0000000e+00   5.4100000e+02
   6.0000000e+00   2.1580000e+03   8.9864800e+02   7.9953200e+02   1.0900000e+02   1.0000000e+00   5.4100000e+02
   6.0000000e+00   2.1590000e+03   9.0432600e+02   8.1467500e+02   1.0900000e+02   1.0000000e+00   5.4100000e+02
   6.0000000e+00   2.1600000e+03   8.9032000e+02   8.2603200e+02   1.0900000e+02   1.0000000e+00   5.4100000e+02
   6.0000000e+00   2.1460000e+03   9.1341100e+02   8.6805300e+02   9.6000000e+01   1.0000000e+00   5.4200000e+02
   6.0000000e+00   2.1470000e+03   9.3688000e+02   8.5858900e+02   9.6000000e+01   1.0000000e+00   5.4200000e+02
   6.0000000e+00   2.1480000e+03   9.4218000e+02   8.5177500e+02   9.6000000e+01   1.0000000e+00   5.4200000e+02
   6.0000000e+00   2.1490000e+03   9.5012900e+02   8.4912500e+02   9.6000000e+01   1.0000000e+00   5.4200000e+02
   6.0000000e+00   2.1500000e+03   9.4142300e+02   8.5556000e+02   1.0100000e+02   1.0000000e+00   5.4200000e+02
   6.0000000e+00   2.1510000e+03   9.4520800e+02   8.3511800e+02   1.0100000e+02   1.0000000e+00   5.4200000e+02
   6.0000000e+00   2.1520000e+03   9.2363100e+02   8.4231000e+02   1.0100000e+02   1.0000000e+00   5.4200000e+02
   6.0000000e+00   2.1530000e+03   9.3347300e+02   8.4950300e+02   1.0100000e+02   1.0000000e+00   5.4200000e+02
   6.0000000e+00   2.1540000e+03   9.2968800e+02   8.5631700e+02   1.0100000e+02   1.0000000e+00   5.4200000e+02
   6.0000000e+00   2.1710000e+03   1.0394640e+03   7.7776500e+02   1.2800000e+02   1.0000000e+00   5.6500000e+02
   6.0000000e+00   2.1720000e+03   1.0250800e+03   7.6602900e+02   1.2800000e+02   1.0000000e+00   5.6500000e+02
   6.0000000e+00   2.1730000e+03   1.0114520e+03   7.7435800e+02   1.2800000e+02   1.0000000e+00   5.6500000e+02
   6.0000000e+00   2.1740000e+03   1.0159950e+03   7.8495800e+02   1.2800000e+02   1.0000000e+00   5.6500000e+02
   6.0000000e+00   2.1750000e+03   9.8344000e+02   7.7587200e+02   1.2900000e+02   1.0000000e+00   5.6500000e+02
   6.0000000e+00   2.1760000e+03   1.0277290e+03   7.7814300e+02   1.2200000e+02   1.0000000e+00   5.6500000e+02
   6.0000000e+00   2.1770000e+03   1.0099380e+03   7.9517900e+02   1.1900000e+02   1.0000000e+00   5.6500000e+02
   6.0000000e+00   2.1780000e+03   1.0042600e+03   7.8760800e+02   1.1900000e+02   1.0000000e+00   5.6500000e+02
   6.0000000e+00   2.1610000e+03   9.4445100e+02   8.0786100e+02   1.1000000e+02   1.0000000e+00   5.6600000e+02
   6.0000000e+00   2.1620000e+03   9.6148500e+02   8.2943900e+02   1.1100000e+02   1.0000000e+00   5.6600000e+02
   6.0000000e+00   2.1630000e+03   9.5656400e+02   8.4193200e+02   1.1100000e+02   1.0000000e+00   5.6600000e+02
   6.0000000e+00   2.1640000e+03   9.4596500e+02   8.1808200e+02   1.1800000e+02   1.0000000e+00   5.6600000e+02
   6.0000000e+00   2.1650000e+03   9.2438900e+02   8.1581100e+02   1.1800000e+02   1.0000000e+00   5.6600000e+02
   6.0000000e+00   2.1660000e+03   9.2098200e+02   8.2073200e+02   1.1800000e+02   1.0000000e+00   5.6600000e+02
   6.0000000e+00   2.1790000e+03   9.2363100e+02   8.1562200e+02   1.1900000e+02   1.0000000e+00   5.6600000e+02
   6.0000000e+00   2.1800000e+03   9.1946800e+02   8.1902900e+02   1.1900000e+02   1.0000000e+00   5.6600000e+02
   6.0000000e+00   2.1670000e+03   8.2142600e+02   7.5353700e+02   9.6000000e+01   5.0000000e+00   5.8300000e+02
   6.0000000e+00   2.1680000e+03   8.4868100e+02   7.5315800e+02   1.1100000e+02   1.0000000e+00   5.8500000e+02
   6.0000000e+00   2.1690000e+03   8.6950100e+02   7.5202200e+02   1.1700000e+02   8.0000000e+00   5.8500000e+02
   6.0000000e+00   2.1700000e+03   8.3656800e+02   7.4975100e+02   1.1700000e+02   8.0000000e+00   5.8500000e+02
   5.0000000e+00   2.0210000e+03   1.1614480e+03   7.5325300e+02   3.7000000e+01   5.0000000e+00   5.9400000e+02
   5.0000000e+00   2.0220000e+03   1.1813210e+03   7.5325300e+02   3.4000000e+01   5.0000000e+00   5.9400000e+02
   5.0000000e+00   2.0230000e+03   1.1762110e+03   7.6659700e+02   3.4000000e+01   5.0000000e+00   5.9400000e+02
   5.0000000e+00   2.0240000e+03   1.1696810e+03   7.6716500e+02   3.4000000e+01   5.0000000e+00   5.9400000e+02
   5.0000000e+00   2.0180000e+03   1.1963680e+03   7.4643800e+02   4.1000000e+01   5.0000000e+00   5.9400000e+02
   5.0000000e+00   2.0190000e+03   1.1881350e+03   7.4814200e+02   4.1000000e+01   5.0000000e+00   5.9400000e+02
   5.0000000e+00   2.0200000e+03   1.2063040e+03   7.7994200e+02   3.7000000e+01   5.0000000e+00   5.9400000e+02
   5.0000000e+00   2.0440000e+03   1.2838100e+03   7.9612500e+02   3.4000000e+01   5.0000000e+00   5.9500000e+02
   5.0000000e+00   2.0450000e+03   1.2971530e+03   7.9470600e+02   3.4000000e+01   5.0000000e+00   5.9500000e+02
   5.0000000e+00   2.0460000e+03   1.3124840e+03   8.2650500e+02   3.9000000e+01   5.0000000e+00   6.2900000e+02
   5.0000000e+00   2.0470000e+03   1.3062380e+03   7.9357000e+02   3.9000000e+01   5.0000000e+00   6.2900000e+02
   5.0000000e+00   2.0510000e+03   1.3249760e+03   8.0464300e+02   4.1000000e+01   5.0000000e+00   6.3000000e+02
   5.0000000e+00   2.0480000e+03   1.3366160e+03   8.2991200e+02   4.1000000e+01   5.0000000e+00   6.3000000e+02
   5.0000000e+00   2.0490000e+03   1.3457010e+03   8.2934500e+02   4.1000000e+01   5.0000000e+00   6.3000000e+02
   5.0000000e+00   2.0500000e+03   1.3482560e+03   8.1486400e+02   4.1000000e+01   5.0000000e+00   6.3000000e+02
   5.0000000e+00   2.0520000e+03   1.3885700e+03   8.3502300e+02   4.6000000e+01   5.0000000e+00   6.3000000e+02
   5.0000000e+00   2.0530000e+03   1.3939640e+03   8.4155300e+02   4.6000000e+01   5.0000000e+00   6.3000000e+02
   5.0000000e+00   2.0540000e+03   1.4007780e+03   8.5205900e+02   4.7000000e+01   5.0000000e+00   6.3000000e+02
   5.0000000e+00   2.0550000e+03   1.3848790e+03   8.3502300e+02   5.2000000e+01   5.0000000e+00   6.3000000e+02
   5.0000000e+00   2.0560000e+03   1.3916930e+03   8.5461400e+02   5.7000000e+01   5.0000000e+00   6.3000000e+02
   5.0000000e+00   2.0570000e+03   1.3880020e+03   8.6256400e+02   5.7000000e+01   5.0000000e+00   6.3000000e+02
   5.0000000e+00   2.0580000e+03   1.3908410e+03   8.7023000e+02   5.7000000e+01   5.0000000e+00   6.3000000e+02
   5.0000000e+00   2.0590000e+03   1.4274650e+03   8.8792800e+02   5.9000000e+01   5.0000000e+00   6.3100000e+02
   5.0000000e+00   2.0600000e+03   1.4096740e+03   8.9814900e+02   6.2000000e+01   5.0000000e+00   6.3100000e+02
   5.0000000e+00   2.0610000e+03   1.4153520e+03   9.0307000e+02   6.1000000e+01   5.0000000e+00   6.3100000e+02
   5.0000000e+00   2.0620000e+03   1.4655080e+03   9.4830900e+02   5.3000000e+01   1.0000000e+00   6.3600000e+02
   5.0000000e+00   2.0630000e+03   1.4496090e+03   9.4972900e+02   5.3000000e+01   1.0000000e+00   6.3600000e+02
   5.0000000e+00   2.0640000e+03   1.4606820e+03   9.3127400e+02   5.4000000e+01   1.0000000e+00   6.3600000e+02
   5.0000000e+00   2.0650000e+03   1.4555710e+03   9.3354500e+02   5.8000000e+01   1.0000000e+00   6.3600000e+02
   5.0000000e+00   2.0660000e+03   1.4464860e+03   9.3695200e+02   5.8000000e+01   1.0000000e+00   6.3600000e+02
   5.0000000e+00   2.0670000e+03   1.4720380e+03   9.5853000e+02   6.2000000e+01   1.0000000e+00   6.3600000e+02
   5.0000000e+00   2.0680000e+03   1.4657920e+03   9.5853000e+02   6.2000000e+01   1.0000000e+00   6.3600000e+02
   5.0000000e+00   2.0870000e+03   1.4609660e+03   9.0884400e+02   6.6000000e+01   5.0000000e+00   6.4000000e+02
   5.0000000e+00   2.0890000e+03   1.4510290e+03   8.8698100e+02   7.1000000e+01   5.0000000e+00   6.4000000e+02
   5.0000000e+00   2.0900000e+03   1.4464860e+03   8.9436300e+02   7.1000000e+01   5.0000000e+00   6.4000000e+02
   5.0000000e+00   2.0880000e+03   1.4774320e+03   9.0685600e+02   6.9000000e+01   5.0000000e+00   6.4000000e+02
   5.0000000e+00   2.0910000e+03   1.4731730e+03   9.0174500e+02   7.4000000e+01   5.0000000e+00   6.4000000e+02
   5.0000000e+00   2.1010000e+03   1.5214370e+03   8.6000800e+02   5.5000000e+01   1.0000000e+00   6.4300000e+02
   5.0000000e+00   2.1020000e+03   1.5151910e+03   8.5546600e+02   5.5000000e+01   1.0000000e+00   6.4300000e+02
   5.0000000e+00   2.1030000e+03   1.5012800e+03   8.6000800e+02   5.7000000e+01   1.0000000e+00   6.4300000e+02
   5.0000000e+00   2.1040000e+03   1.5327930e+03   8.7278500e+02   5.7000000e+01   1.0000000e+00   6.4300000e+02
   5.0000000e+00   2.0960000e+03   1.5083770e+03   9.0146100e+02   5.1000000e+01   1.0000000e+00   6.4400000e+02
   5.0000000e+00   2.0970000e+03   1.5009960e+03   9.0004200e+02   5.4000000e+01   1.0000000e+00   6.4400000e+02
   5.0000000e+00   2.0980000e+03   1.4987250e+03   8.9010400e+02   5.6000000e+01   1.0000000e+00   6.4400000e+02
   5.0000000e+00   2.0990000e+03   1.5154750e+03   9.0912700e+02   6.1000000e+01   1.0000000e+00   6.4400000e+02
   5.0000000e+00   2.1000000e+03   1.4987250e+03   9.0856000e+02   6.1000000e+01   1.0000000e+00   6.4400000e+02
   5.0000000e+00   2.1080000e+03   1.4013460e+03   9.6704800e+02   9.0000000e+01   1.0000000e+00   6.5800000e+02
   5.0000000e+00   2.1090000e+03   1.4124180e+03   9.4518600e+02   9.0000000e+01   1.0000000e+00   6.5800000e+02
   5.0000000e+00   2.1100000e+03   1.3987910e+03   9.4007500e+02   9.0000000e+01   1.0000000e+00   6.5800000e+02
   5.0000000e+00   2.1110000e+03   1.4141210e+03   9.5938200e+02   9.2000000e+01   1.0000000e+00   6.5800000e+02
   5.0000000e+00   2.1050000e+03   1.4422280e+03   9.6420900e+02   9.7000000e+01   1.0000000e+00   6.6300000e+02
   5.0000000e+00   2.1060000e+03   1.4351300e+03   9.8607100e+02   9.3000000e+01   1.0000000e+00   6.6300000e+02
   5.0000000e+00   2.1070000e+03   1.4237740e+03   9.8209600e+02   9.3000000e+01   1.0000000e+00   6.6300000e+02
   5.0000000e+00   2.0760000e+03   1.3556370e+03   8.8471000e+02   7.1000000e+01   1.0000000e+00   6.6900000e+02
   5.0000000e+00   2.0770000e+03   1.3655740e+03   8.8613000e+02   7.4000000e+01   1.0000000e+00   6.6900000e+02
   5.0000000e+00   2.0780000e+03   1.3479720e+03   8.8669700e+02   7.4000000e+01   1.0000000e+00   6.6900000e+02
   5.0000000e+00   2.0790000e+03   1.3437140e+03   8.9606700e+02   7.4000000e+01   1.0000000e+00   6.6900000e+02
   5.0000000e+00   2.0800000e+03   1.3377520e+03   8.8726500e+02   7.4000000e+01   1.0000000e+00   6.6900000e+02
   5.0000000e+00   2.0810000e+03   1.3556370e+03   8.7676000e+02   7.7000000e+01   1.0000000e+00   6.6900000e+02
   5.0000000e+00   2.0820000e+03   1.3678450e+03   8.9663500e+02   8.2000000e+01   1.0000000e+00   6.6900000e+02
   5.0000000e+00   2.0830000e+03   1.4232060e+03   8.4552800e+02   7.9000000e+01   1.0000000e+00   6.7000000e+02
   5.0000000e+00   2.0840000e+03   1.4379690e+03   8.5518200e+02   8.4000000e+01   1.0000000e+00   6.7000000e+02
   5.0000000e+00   2.0850000e+03   1.4161090e+03   8.7164900e+02   8.4000000e+01   1.0000000e+00   6.7000000e+02
   5.0000000e+00   2.0860000e+03   1.4317230e+03   8.8357400e+02   8.4000000e+01   1.0000000e+00   6.7000000e+02
   5.0000000e+00   2.0430000e+03   1.3192980e+03   8.1600000e+02   3.4000000e+01   5.0000000e+00   6.7200000e+02
   5.0000000e+00   2.0390000e+03   1.3192980e+03   7.8107700e+02   3.0000000e+01   5.0000000e+00   6.7200000e+02
   5.0000000e+00   2.0400000e+03   1.3153230e+03   7.8987900e+02   3.0000000e+01   5.0000000e+00   6.7200000e+02
   5.0000000e+00   2.0350000e+03   1.3508110e+03   7.9527400e+02   2.3000000e+01   5.0000000e+00   6.7300000e+02
   5.0000000e+00   2.0380000e+03   1.3621670e+03   7.9357000e+02   2.5000000e+01   5.0000000e+00   6.7300000e+02
   5.0000000e+00   2.0410000e+03   1.3547860e+03   8.1401300e+02   3.0000000e+01   5.0000000e+00   6.7300000e+02
   5.0000000e+00   2.0420000e+03   1.3678450e+03   7.9357000e+02   3.0000000e+01   5.0000000e+00   6.7300000e+02
   5.0000000e+00   2.0360000e+03   1.3445650e+03   7.8618800e+02   2.3000000e+01   5.0000000e+00   7.0700000e+02
   5.0000000e+00   2.0370000e+03   1.3275310e+03   7.8931100e+02   2.3000000e+01   5.0000000e+00   7.0700000e+02
   5.0000000e+00   2.0340000e+03   1.3366160e+03   8.1088900e+02   2.3000000e+01   5.0000000e+00   7.0700000e+02
   5.0000000e+00   2.0250000e+03   1.2832420e+03   7.3479800e+02   3.5000000e+01   5.0000000e+00   7.1200000e+02
   5.0000000e+00   2.0260000e+03   1.2909080e+03   7.2940300e+02   3.5000000e+01   5.0000000e+00   7.1200000e+02
   5.0000000e+00   2.0270000e+03   1.2982890e+03   7.3337800e+02   3.5000000e+01   5.0000000e+00   7.1200000e+02
   5.0000000e+00   2.0280000e+03   1.3570570e+03   7.2344100e+02   3.5000000e+01   5.0000000e+00   7.1400000e+02
   5.0000000e+00   2.0290000e+03   1.3542180e+03   7.3962400e+02   3.5000000e+01   5.0000000e+00   7.1400000e+02
   5.0000000e+00   2.0300000e+03   1.3638710e+03   7.3990800e+02   3.5000000e+01   5.0000000e+00   7.1400000e+02
   5.0000000e+00   2.0310000e+03   1.3721040e+03   7.2855100e+02   3.5000000e+01   5.0000000e+00   7.1400000e+02
   5.0000000e+00   1.9940000e+03   1.0998410e+03   8.4694800e+02   3.8000000e+01   1.0000000e+00   7.7000000e+02
   5.0000000e+00   1.9950000e+03   1.0927430e+03   8.5035500e+02   3.8000000e+01   1.0000000e+00   7.7000000e+02
   5.0000000e+00   1.9960000e+03   1.1211330e+03   8.4212100e+02   4.1000000e+01   1.0000000e+00   7.7000000e+02
   5.0000000e+00   1.9970000e+03   1.1103450e+03   8.4013400e+02   4.1000000e+01   1.0000000e+00   7.7000000e+02
   5.0000000e+00   1.9980000e+03   1.1083580e+03   8.3019600e+02   4.1000000e+01   1.0000000e+00   7.7000000e+02
   5.0000000e+00   1.9990000e+03   1.1157390e+03   8.4723200e+02   4.4000000e+01   1.0000000e+00   7.7000000e+02
   5.0000000e+00   2.0000000e+03   1.0845100e+03   8.3644300e+02   4.6000000e+01   1.0000000e+00   7.7000000e+02
   5.0000000e+00   2.0010000e+03   1.1168750e+03   8.4950300e+02   4.9000000e+01   1.0000000e+00   7.7000000e+02
   5.0000000e+00   2.0020000e+03   1.0847940e+03   8.4467600e+02   4.9000000e+01   1.0000000e+00   7.7000000e+02
   5.0000000e+00   2.0030000e+03   1.1197140e+03   8.4808400e+02   5.2000000e+01   1.0000000e+00   7.7000000e+02
   5.0000000e+00   2.0040000e+03   1.0899040e+03   8.7590800e+02   5.3000000e+01   1.0000000e+00   7.7000000e+02
   5.0000000e+00   2.0050000e+03   1.0691790e+03   8.7647600e+02   5.5000000e+01   1.0000000e+00   7.7000000e+02
   5.0000000e+00   2.0060000e+03   1.0907560e+03   9.0288100e+02   5.7000000e+01   1.0000000e+00   7.7000000e+02
   5.0000000e+00   2.0070000e+03   1.0893360e+03   8.8329000e+02   5.7000000e+01   1.0000000e+00   7.7000000e+02
   5.0000000e+00   2.0080000e+03   1.0796840e+03   8.9266000e+02   5.8000000e+01   1.0000000e+00   7.7000000e+02
   5.0000000e+00   2.0090000e+03   1.0757090e+03   9.0202900e+02   5.8000000e+01   1.0000000e+00   7.7000000e+02
   5.0000000e+00   2.0100000e+03   1.0924590e+03   8.8754900e+02   5.8000000e+01   1.0000000e+00   7.7000000e+02
   5.0000000e+00   2.0110000e+03   1.1305020e+03   8.4921900e+02   5.0000000e+01   1.0000000e+00   7.7000000e+02
   5.0000000e+00   2.0120000e+03   1.1299340e+03   8.4240500e+02   5.6000000e+01   1.0000000e+00   7.7000000e+02
   5.0000000e+00   2.0130000e+03   1.1038150e+03   8.3956600e+02   5.6000000e+01   1.0000000e+00   7.7000000e+02
   5.0000000e+00   2.0140000e+03   1.1029640e+03   8.3360300e+02   5.6000000e+01   1.0000000e+00   7.7000000e+02
   5.0000000e+00   2.0150000e+03   1.1103450e+03   8.1685200e+02   5.6000000e+01   1.0000000e+00   7.7000000e+02
   5.0000000e+00   2.0160000e+03   1.1103450e+03   8.1685200e+02   5.6000000e+01   1.0000000e+00   7.7000000e+02
   5.0000000e+00   1.9880000e+03   1.1168750e+03   9.2540600e+02   2.7000000e+01   1.0000000e+00   7.7200000e+02
   5.0000000e+00   1.9890000e+03   1.1089260e+03   9.1177700e+02   2.7000000e+01   1.0000000e+00   7.7200000e+02
   5.0000000e+00   1.9900000e+03   1.1032480e+03   9.1215600e+02   2.7000000e+01   1.0000000e+00   7.7200000e+02
   5.0000000e+00   1.9910000e+03   1.1028690e+03   9.0344900e+02   3.0000000e+01   1.0000000e+00   7.7200000e+02
   5.0000000e+00   1.9920000e+03   1.1183890e+03   9.2502700e+02   2.9000000e+01   1.0000000e+00   7.7200000e+02
   5.0000000e+00   1.9770000e+03   1.0423030e+03   9.3032700e+02   2.1000000e+01   1.0000000e+00   7.7300000e+02
   5.0000000e+00   1.9780000e+03   1.0699360e+03   9.2162000e+02   2.1000000e+01   1.0000000e+00   7.7300000e+02
   5.0000000e+00   1.9790000e+03   1.0809140e+03   9.3562700e+02   2.1000000e+01   1.0000000e+00   7.7300000e+02
   5.0000000e+00   1.9800000e+03   1.0737220e+03   9.3903400e+02   2.1000000e+01   1.0000000e+00   7.7300000e+02
   5.0000000e+00   1.9810000e+03   1.0574450e+03   9.1669900e+02   2.6000000e+01   1.0000000e+00   7.7300000e+02
   5.0000000e+00   1.9820000e+03   1.0506310e+03   9.1669900e+02   2.6000000e+01   1.0000000e+00   7.7300000e+02
   5.0000000e+00   1.9830000e+03   1.0396530e+03   9.5796300e+02   2.6000000e+01   1.0000000e+00   7.7300000e+02
   5.0000000e+00   1.9840000e+03   1.0343540e+03   9.4622700e+02   2.6000000e+01   1.0000000e+00   7.7300000e+02
   5.0000000e+00   1.9850000e+03   1.0741000e+03   9.2578400e+02   2.8000000e+01   1.0000000e+00   7.7300000e+02
   5.0000000e+00   1.9860000e+03   1.0294330e+03   9.2578400e+02   2.9000000e+01   1.0000000e+00   7.7300000e+02
   5.0000000e+00   1.9870000e+03   1.1168750e+03   9.1934900e+02   2.7000000e+01   1.0000000e+00   7.7300000e+02
   5.0000000e+00   1.9760000e+03   1.0555520e+03   8.8187100e+02   1.8000000e+01   1.0000000e+00   7.7400000e+02
   5.0000000e+00   1.9930000e+03   1.0873490e+03   8.8982100e+02   3.0000000e+01   1.0000000e+00   7.7400000e+02
   4.0000000e+00   1.4500000e+03   8.8946900e+02   5.4456800e+02   1.8000000e+01   3.0000000e+00   7.9100000e+02
   4.0000000e+00   1.4610000e+03   8.3495900e+02   5.6898500e+02   1.4000000e+01   1.0000000e+00   7.9300000e+02
   4.0000000e+00   1.4620000e+03   8.3723000e+02   5.5166600e+02   1.4000000e+01   1.0000000e+00   7.9300000e+02
   4.0000000e+00   1.4630000e+03   8.3212000e+02   5.8062600e+02   1.4000000e+01   1.0000000e+00   7.9300000e+02
   4.0000000e+00   1.4640000e+03   8.3978500e+02   5.9311900e+02   1.4000000e+01   1.0000000e+00   7.9300000e+02
   4.0000000e+00   1.4650000e+03   8.2956500e+02   5.8914400e+02   1.4000000e+01   1.0000000e+00   7.9300000e+02
   4.0000000e+00   1.4660000e+03   8.2104800e+02   5.9709400e+02   1.4000000e+01   1.0000000e+00   7.9300000e+02
   4.0000000e+00   1.4670000e+03   8.2672600e+02   5.5535700e+02   1.6000000e+01   1.0000000e+00   7.9300000e+02
   4.0000000e+00   1.4680000e+03   8.3410700e+02   5.4683900e+02   1.6000000e+01   1.0000000e+00   7.9300000e+02
   4.0000000e+00   1.4690000e+03   8.3751400e+02   5.5649300e+02   1.6000000e+01   1.0000000e+00   7.9300000e+02
   4.0000000e+00   1.4700000e+03   8.2331900e+02   5.7239300e+02   1.6000000e+01   1.0000000e+00   7.9300000e+02
   4.0000000e+00   1.4710000e+03   8.3240400e+02   5.8233000e+02   1.6000000e+01   2.0000000e+00   7.9300000e+02
   4.0000000e+00   1.4720000e+03   8.3410700e+02   5.6728200e+02   1.6000000e+01   2.0000000e+00   7.9300000e+02
   4.0000000e+00   1.4730000e+03   8.3325600e+02   5.5762800e+02   2.0000000e+01   1.0000000e+00   7.9300000e+02
   4.0000000e+00   1.4740000e+03   8.2672600e+02   5.6160300e+02   2.0000000e+01   1.0000000e+00   7.9300000e+02
   4.0000000e+00   1.4750000e+03   8.3268800e+02   5.8318200e+02   2.0000000e+01   1.0000000e+00   7.9300000e+02
   4.0000000e+00   1.4760000e+03   8.3978500e+02   5.8147800e+02   2.4000000e+01   1.0000000e+00   7.9300000e+02
   4.0000000e+00   1.4770000e+03   8.3978500e+02   5.8829200e+02   2.4000000e+01   1.0000000e+00   7.9300000e+02
   4.0000000e+00   1.4780000e+03   8.5256100e+02   5.9056400e+02   2.4000000e+01   1.0000000e+00   7.9300000e+02
   4.0000000e+00   1.4790000e+03   8.6476900e+02   5.8772400e+02   2.5000000e+01   1.0000000e+00   7.9300000e+02
   4.0000000e+00   1.4800000e+03   8.5170900e+02   5.7920700e+02   2.7000000e+01   1.0000000e+00   7.9300000e+02
   4.0000000e+00   1.4810000e+03   8.5341300e+02   5.8829200e+02   2.7000000e+01   1.0000000e+00   7.9300000e+02
   4.0000000e+00   1.4820000e+03   8.5426500e+02   5.7466400e+02   3.0000000e+01   1.0000000e+00   7.9300000e+02
   4.0000000e+00   1.4420000e+03   9.0546200e+02   5.8545300e+02   4.0000000e+00   1.0000000e+00   7.9400000e+02
   4.0000000e+00   1.4430000e+03   9.0319000e+02   5.6728200e+02   4.0000000e+00   1.0000000e+00   7.9400000e+02
   4.0000000e+00   1.4440000e+03   9.1416800e+02   5.8621000e+02   7.0000000e+00   1.0000000e+00   7.9400000e+02
   4.0000000e+00   1.4450000e+03   9.0129800e+02   5.6311800e+02   7.0000000e+00   1.0000000e+00   7.9400000e+02
   4.0000000e+00   1.4460000e+03   9.1151800e+02   5.7409600e+02   9.0000000e+00   1.0000000e+00   7.9400000e+02
   4.0000000e+00   1.4470000e+03   9.0016200e+02   5.8886000e+02   1.1000000e+01   2.0000000e+00   7.9400000e+02
   4.0000000e+00   1.4480000e+03   8.9287500e+02   5.8062600e+02   1.4000000e+01   2.0000000e+00   7.9400000e+02
   4.0000000e+00   1.4490000e+03   9.0196000e+02   5.7750300e+02   1.4000000e+01   2.0000000e+00   7.9400000e+02
   4.0000000e+00   1.4520000e+03   8.5454800e+02   5.5393700e+02   7.0000000e+00   1.0000000e+00   7.9400000e+02
   4.0000000e+00   1.4530000e+03   8.6136200e+02   5.5620900e+02   7.0000000e+00   1.0000000e+00   7.9400000e+02
   4.0000000e+00   1.4540000e+03   8.6562100e+02   5.6188700e+02   7.0000000e+00   1.0000000e+00   7.9400000e+02
   4.0000000e+00   1.4550000e+03   8.7215000e+02   5.5762800e+02   7.0000000e+00   1.0000000e+00   7.9400000e+02
   4.0000000e+00   1.4560000e+03   8.7158300e+02   5.4911100e+02   7.0000000e+00   1.0000000e+00   7.9400000e+02
   4.0000000e+00   1.4570000e+03   8.6704000e+02   5.5507300e+02   1.1000000e+01   1.0000000e+00   7.9400000e+02
   4.0000000e+00   1.4580000e+03   8.7498900e+02   5.5166600e+02   1.1000000e+01   1.0000000e+00   7.9400000e+02
   4.0000000e+00   1.4590000e+03   8.6959500e+02   5.4229700e+02   1.1000000e+01   1.0000000e+00   7.9400000e+02
   4.0000000e+00   1.4600000e+03   8.5823900e+02   5.4116100e+02   1.1000000e+01   1.0000000e+00   7.9400000e+02
   4.0000000e+00   1.4510000e+03   8.9174000e+02   5.4059300e+02   2.0000000e+01   3.0000000e+00   7.9500000e+02
   4.0000000e+00   1.5560000e+03   9.3347300e+02   4.9346100e+02   1.5000000e+01   1.0000000e+00   7.9800000e+02
   4.0000000e+00   1.5570000e+03   9.1530400e+02   4.8437600e+02   1.7000000e+01   1.0000000e+00   7.9800000e+02
   4.0000000e+00   1.5580000e+03   9.3158100e+02   4.8607900e+02   1.7000000e+01   1.0000000e+00   7.9800000e+02
   4.0000000e+00   1.5590000e+03   9.2382100e+02   4.7188300e+02   2.3000000e+01   1.0000000e+00   7.9800000e+02
   4.0000000e+00   1.5600000e+03   9.3498800e+02   4.8854000e+02   2.5000000e+01   1.0000000e+00   7.9800000e+02
   4.0000000e+00   1.5610000e+03   9.1927800e+02   4.8607900e+02   2.9000000e+01   1.0000000e+00   7.9800000e+02
   4.0000000e+00   1.5620000e+03   9.1908900e+02   4.7604700e+02   2.9000000e+01   1.0000000e+00   7.9800000e+02
   4.0000000e+00   1.5630000e+03   8.8350700e+02   5.0084300e+02   3.1000000e+01   2.0000000e+00   8.0000000e+02
   4.0000000e+00   1.5640000e+03   8.8748100e+02   5.1882500e+02   3.3000000e+01   2.0000000e+00   8.0000000e+02
   4.0000000e+00   1.5650000e+03   8.7082600e+02   5.1560800e+02   3.3000000e+01   2.0000000e+00   8.0000000e+02
   4.0000000e+00   1.5660000e+03   8.6987900e+02   4.9213600e+02   3.3000000e+01   2.0000000e+00   8.0100000e+02
   4.0000000e+00   1.5670000e+03   8.7991000e+02   5.2734300e+02   3.3000000e+01   2.0000000e+00   8.0100000e+02
   4.0000000e+00   1.5680000e+03   8.8748100e+02   5.3434700e+02   3.3000000e+01   2.0000000e+00   8.0100000e+02
   4.0000000e+00   1.5690000e+03   8.8161400e+02   5.1201100e+02   3.7000000e+01   2.0000000e+00   8.0100000e+02
   4.0000000e+00   1.5700000e+03   9.0716500e+02   5.1939300e+02   3.5000000e+01   2.0000000e+00   8.0100000e+02
   4.0000000e+00   1.5710000e+03   9.1227500e+02   5.2980400e+02   3.7000000e+01   1.0000000e+00   8.0100000e+02
   4.0000000e+00   1.5820000e+03   9.0243300e+02   4.8532200e+02   1.2000000e+01   1.0000000e+00   8.0200000e+02
   4.0000000e+00   1.5860000e+03   8.8918500e+02   4.4633000e+02   1.9000000e+01   1.0000000e+00   8.0200000e+02
   4.0000000e+00   1.5720000e+03   8.7953200e+02   5.1693300e+02   8.0000000e+00   1.0000000e+00   8.0300000e+02
   4.0000000e+00   1.5730000e+03   8.7385400e+02   5.0652200e+02   9.0000000e+00   1.0000000e+00   8.0300000e+02
   4.0000000e+00   1.5740000e+03   8.4281400e+02   5.0273600e+02   9.0000000e+00   1.0000000e+00   8.0300000e+02
   4.0000000e+00   1.5750000e+03   8.6741900e+02   4.9819300e+02   1.1000000e+01   1.0000000e+00   8.0300000e+02
   4.0000000e+00   1.5760000e+03   8.5852300e+02   5.1428300e+02   1.3000000e+01   1.0000000e+00   8.0300000e+02
   4.0000000e+00   1.5770000e+03   8.4300300e+02   4.8986500e+02   1.3000000e+01   1.0000000e+00   8.0300000e+02
   4.0000000e+00   1.5780000e+03   8.5019500e+02   4.8910800e+02   1.3000000e+01   1.0000000e+00   8.0300000e+02
   4.0000000e+00   1.5790000e+03   8.7480000e+02   5.0235800e+02   1.6000000e+01   1.0000000e+00   8.0300000e+02
   4.0000000e+00   1.5800000e+03   8.6817600e+02   4.8551200e+02   1.6000000e+01   1.0000000e+00   8.0300000e+02
   4.0000000e+00   1.5810000e+03   8.5360200e+02   4.9800400e+02   2.0000000e+01   1.0000000e+00   8.0300000e+02
   4.0000000e+00   1.5830000e+03   8.9713400e+02   5.0008600e+02   1.5000000e+01   3.0000000e+00   8.0300000e+02
   4.0000000e+00   1.5840000e+03   9.0319000e+02   5.0652200e+02   1.7000000e+01   3.0000000e+00   8.0300000e+02
   4.0000000e+00   1.5850000e+03   8.9486300e+02   4.4992600e+02   1.6000000e+01   1.0000000e+00   8.0300000e+02
   4.0000000e+00   1.5270000e+03   9.4823600e+02   5.3321100e+02   2.6000000e+01   1.0000000e+00   8.0500000e+02
   4.0000000e+00   1.5280000e+03   9.4199100e+02   5.2791100e+02   2.6000000e+01   1.0000000e+00   8.0500000e+02
   4.0000000e+00   1.5290000e+03   9.4426200e+02   5.1825800e+02   2.6000000e+01   1.0000000e+00   8.0500000e+02
   4.0000000e+00   1.5300000e+03   9.3460900e+02   5.1977200e+02   2.6000000e+01   1.0000000e+00   8.0500000e+02
   4.0000000e+00   1.5310000e+03   9.7284100e+02   5.1182200e+02   2.6000000e+01   1.0000000e+00   8.0500000e+02
   4.0000000e+00   1.5320000e+03   9.5410400e+02   5.0349300e+02   2.6000000e+01   1.0000000e+00   8.0500000e+02
   4.0000000e+00   1.5330000e+03   9.4842600e+02   5.3169700e+02   3.0000000e+01   1.0000000e+00   8.0500000e+02
   4.0000000e+00   1.5340000e+03   9.5561800e+02   5.3283200e+02   3.0000000e+01   1.0000000e+00   8.0500000e+02
   4.0000000e+00   1.5350000e+03   9.5656400e+02   5.2242200e+02   3.0000000e+01   1.0000000e+00   8.0500000e+02
   4.0000000e+00   1.5360000e+03   9.4539700e+02   5.2071800e+02   3.0000000e+01   1.0000000e+00   8.0500000e+02
   4.0000000e+00   1.5370000e+03   9.6091700e+02   5.1276800e+02   3.0000000e+01   1.0000000e+00   8.0500000e+02
   4.0000000e+00   1.5380000e+03   9.5050800e+02   5.0216800e+02   3.0000000e+01   1.0000000e+00   8.0500000e+02
   4.0000000e+00   1.5390000e+03   9.4729000e+02   5.0652200e+02   3.3000000e+01   1.0000000e+00   8.0500000e+02
   4.0000000e+00   1.5400000e+03   9.5145400e+02   5.0254700e+02   3.3000000e+01   1.0000000e+00   8.0500000e+02
   4.0000000e+00   1.5410000e+03   9.5751100e+02   5.0216800e+02   3.3000000e+01   1.0000000e+00   8.0500000e+02
   4.0000000e+00   1.5420000e+03   9.4691200e+02   5.0633300e+02   8.0000000e+00   1.0000000e+00   8.0500000e+02
   4.0000000e+00   1.5430000e+03   9.5050800e+02   4.9895100e+02   8.0000000e+00   1.0000000e+00   8.0500000e+02
   4.0000000e+00   1.5440000e+03   9.6186400e+02   4.9478600e+02   8.0000000e+00   1.0000000e+00   8.0500000e+02
   4.0000000e+00   1.5450000e+03   9.6394600e+02   4.8418700e+02   8.0000000e+00   1.0000000e+00   8.0500000e+02
   4.0000000e+00   1.5460000e+03   9.7227400e+02   4.9232600e+02   8.0000000e+00   1.0000000e+00   8.0500000e+02
   4.0000000e+00   1.5470000e+03   9.6811000e+02   4.8986500e+02   1.3000000e+01   1.0000000e+00   8.0500000e+02
   4.0000000e+00   1.5480000e+03   9.5221100e+02   4.8418700e+02   1.3000000e+01   1.0000000e+00   8.0500000e+02
   4.0000000e+00   1.5490000e+03   9.6924500e+02   4.7301900e+02   1.5000000e+01   1.0000000e+00   8.0500000e+02
   4.0000000e+00   1.5500000e+03   9.7662700e+02   4.7718300e+02   1.5000000e+01   1.0000000e+00   8.0500000e+02
   4.0000000e+00   1.5510000e+03   9.4729000e+02   5.0349300e+02   1.5000000e+01   1.0000000e+00   8.0500000e+02
   4.0000000e+00   1.5520000e+03   9.5315700e+02   4.8872900e+02   1.5000000e+01   1.0000000e+00   8.0500000e+02
   4.0000000e+00   1.5530000e+03   9.7189500e+02   4.8797200e+02   1.7000000e+01   1.0000000e+00   8.0500000e+02
   4.0000000e+00   1.5540000e+03   9.5523900e+02   4.7301900e+02   1.7000000e+01   1.0000000e+00   8.0500000e+02
   4.0000000e+00   1.5550000e+03   9.4615500e+02   4.9970800e+02   1.7000000e+01   1.0000000e+00   8.0500000e+02
   4.0000000e+00   1.4830000e+03   9.6896100e+02   5.5223400e+02   4.0000000e+00   1.0000000e+00   8.0800000e+02
   4.0000000e+00   1.4840000e+03   9.8514400e+02   5.5422100e+02   8.0000000e+00   1.0000000e+00   8.0800000e+02
   4.0000000e+00   1.4850000e+03   9.8145300e+02   5.6614600e+02   8.0000000e+00   1.0000000e+00   8.0800000e+02
   4.0000000e+00   1.4860000e+03   9.3915200e+02   5.9084800e+02   8.0000000e+00   1.0000000e+00   8.0800000e+02
   4.0000000e+00   1.4870000e+03   9.4653300e+02   5.8971200e+02   9.0000000e+00   1.0000000e+00   8.0800000e+02
   4.0000000e+00   1.4880000e+03   9.6555500e+02   5.8602100e+02   9.0000000e+00   1.0000000e+00   8.0800000e+02
   4.0000000e+00   1.4890000e+03   9.5135900e+02   6.0106900e+02   1.0000000e+01   1.0000000e+00   8.0800000e+02
   4.0000000e+00   1.4900000e+03   9.7747800e+02   5.6614600e+02   1.2000000e+01   1.0000000e+00   8.0800000e+02
   4.0000000e+00   1.4910000e+03   9.8258900e+02   5.5450500e+02   1.2000000e+01   1.0000000e+00   8.0800000e+02
   4.0000000e+00   1.4920000e+03   1.0044490e+03   5.8516900e+02   1.2000000e+01   1.0000000e+00   8.0800000e+02
   4.0000000e+00   1.4930000e+03   9.9763600e+02   5.9624200e+02   1.2000000e+01   1.0000000e+00   8.0800000e+02
   4.0000000e+00   1.4940000e+03   9.8968600e+02   5.8715700e+02   1.3000000e+01   1.0000000e+00   8.0800000e+02
   4.0000000e+00   1.4270000e+03   9.8306200e+02   6.2331000e+02   2.0000000e+01   1.0000000e+00   8.1100000e+02
   4.0000000e+00   1.4280000e+03   9.7738400e+02   6.1536000e+02   2.0000000e+01   1.0000000e+00   8.1100000e+02
   4.0000000e+00   1.4290000e+03   9.8646900e+02   6.0513900e+02   2.5000000e+01   1.0000000e+00   8.1100000e+02
   4.0000000e+00   1.4300000e+03   9.8344000e+02   6.0930300e+02   2.5000000e+01   1.0000000e+00   8.1100000e+02
   4.0000000e+00   1.4310000e+03   9.9971800e+02   5.8848200e+02   3.2000000e+01   1.0000000e+00   8.1200000e+02
   4.0000000e+00   1.4320000e+03   1.0152380e+03   5.8393900e+02   3.2000000e+01   1.0000000e+00   8.1200000e+02
   4.0000000e+00   1.4330000e+03   1.0129660e+03   6.1384600e+02   3.2000000e+01   1.0000000e+00   8.1200000e+02
   4.0000000e+00   1.4340000e+03   1.0322720e+03   6.1119600e+02   3.2000000e+01   1.0000000e+00   8.1200000e+02
   4.0000000e+00   1.4350000e+03   1.0428710e+03   6.1233100e+02   3.2000000e+01   1.0000000e+00   8.1200000e+02
   4.0000000e+00   1.4360000e+03   1.0228080e+03   6.1763100e+02   3.4000000e+01   1.0000000e+00   8.1200000e+02
   4.0000000e+00   1.4370000e+03   1.0000960e+03   5.8280300e+02   3.5000000e+01   1.0000000e+00   8.1200000e+02
   4.0000000e+00   1.4380000e+03   1.0228080e+03   5.8015300e+02   3.7000000e+01   1.0000000e+00   8.1200000e+02
   4.0000000e+00   1.4390000e+03   1.0095600e+03   5.9908100e+02   3.5000000e+01   1.0000000e+00   8.1200000e+02
   4.0000000e+00   1.4400000e+03   1.0387070e+03   6.0513900e+02   3.6000000e+01   1.0000000e+00   8.1200000e+02
   4.0000000e+00   1.4410000e+03   1.0462780e+03   5.9908100e+02   3.6000000e+01   1.0000000e+00   8.1200000e+02
   4.0000000e+00   1.4950000e+03   9.9763600e+02   5.9340300e+02   1.7000000e+01   1.0000000e+00   8.1400000e+02
   4.0000000e+00   1.4960000e+03   1.0234710e+03   5.5024600e+02   1.2000000e+01   1.0000000e+00   8.1400000e+02
   4.0000000e+00   1.4970000e+03   1.0206320e+03   5.5677700e+02   1.2000000e+01   1.0000000e+00   8.1400000e+02
   4.0000000e+00   1.4980000e+03   1.0058690e+03   5.6870200e+02   1.3000000e+01   1.0000000e+00   8.1400000e+02
   4.0000000e+00   1.4990000e+03   1.0209160e+03   5.4939500e+02   1.6000000e+01   1.0000000e+00   8.1400000e+02
   4.0000000e+00   1.5000000e+03   1.0064370e+03   5.5223400e+02   1.4000000e+01   1.0000000e+00   8.1400000e+02
   4.0000000e+00   1.5010000e+03   1.0163730e+03   5.5592500e+02   1.9000000e+01   1.0000000e+00   8.1400000e+02
   4.0000000e+00   1.5040000e+03   9.9621600e+02   5.3747000e+02   2.6000000e+01   1.0000000e+00   8.1400000e+02
   4.0000000e+00   1.5050000e+03   1.0075720e+03   5.3576600e+02   2.6000000e+01   1.0000000e+00   8.1400000e+02
   4.0000000e+00   1.5060000e+03   1.0504420e+03   5.5734500e+02   2.6000000e+01   1.0000000e+00   8.1400000e+02
   4.0000000e+00   1.5090000e+03   1.0075720e+03   5.5961600e+02   2.9000000e+01   1.0000000e+00   8.1400000e+02
   4.0000000e+00   1.5100000e+03   1.0288650e+03   5.5848000e+02   2.9000000e+01   1.0000000e+00   8.1400000e+02
   4.0000000e+00   1.5110000e+03   1.0004750e+03   5.3179100e+02   3.2000000e+01   1.0000000e+00   8.1400000e+02
   4.0000000e+00   1.5120000e+03   9.9962300e+02   5.3803800e+02   3.2000000e+01   1.0000000e+00   8.1400000e+02
   4.0000000e+00   1.5130000e+03   1.0033140e+03   5.4172900e+02   3.2000000e+01   1.0000000e+00   8.1400000e+02
   4.0000000e+00   1.5140000e+03   1.0115470e+03   5.4201300e+02   3.2000000e+01   1.0000000e+00   8.1400000e+02
   4.0000000e+00   1.5150000e+03   1.0109790e+03   5.5791200e+02   3.2000000e+01   1.0000000e+00   8.1400000e+02
   4.0000000e+00   1.5160000e+03   1.0024620e+03   5.5990000e+02   3.2000000e+01   1.0000000e+00   8.1400000e+02
   4.0000000e+00   1.5170000e+03   1.0126820e+03   5.4371600e+02   3.5000000e+01   1.0000000e+00   8.1400000e+02
   4.0000000e+00   1.5180000e+03   1.0030300e+03   5.4967900e+02   3.5000000e+01   1.0000000e+00   8.1400000e+02
   4.0000000e+00   1.5190000e+03   9.8116900e+02   5.7352800e+02   1.5000000e+01   1.0000000e+00   8.1400000e+02
   4.0000000e+00   1.5200000e+03   9.8060100e+02   5.7835500e+02   1.5000000e+01   1.0000000e+00   8.1400000e+02
   4.0000000e+00   1.5210000e+03   9.7605900e+02   5.6841800e+02   1.5000000e+01   1.0000000e+00   8.1400000e+02
   4.0000000e+00   1.5220000e+03   9.8202100e+02   5.6472700e+02   1.5000000e+01   1.0000000e+00   8.1400000e+02
   4.0000000e+00   1.5230000e+03   9.8940200e+02   5.6472700e+02   1.5000000e+01   1.0000000e+00   8.1400000e+02
   4.0000000e+00   1.5240000e+03   9.8684700e+02   5.7721900e+02   2.0000000e+01   1.0000000e+00   8.1400000e+02
   4.0000000e+00   1.5250000e+03   9.8031800e+02   5.7750300e+02   2.0000000e+01   1.0000000e+00   8.1400000e+02
   4.0000000e+00   1.5260000e+03   9.5770000e+02   5.2961500e+02   2.6000000e+01   1.0000000e+00   8.1400000e+02
   4.0000000e+00   1.5020000e+03   1.0501580e+03   5.6103600e+02   2.3000000e+01   1.0000000e+00   8.1500000e+02
   4.0000000e+00   1.5030000e+03   1.0399370e+03   5.6870200e+02   2.6000000e+01   1.0000000e+00   8.1500000e+02
   4.0000000e+00   1.5070000e+03   1.0294330e+03   5.6217100e+02   2.6000000e+01   2.0000000e+00   8.1500000e+02
   4.0000000e+00   1.5080000e+03   9.9933900e+02   5.5422100e+02   2.6000000e+01   2.0000000e+00   8.1500000e+02
   4.0000000e+00   1.4100000e+03   9.2893100e+02   6.2785300e+02   3.1000000e+01   1.0000000e+00   8.1700000e+02
   4.0000000e+00   1.4070000e+03   9.2325300e+02   6.4867400e+02   3.9000000e+01   1.0000000e+00   8.1900000e+02
   4.0000000e+00   1.4080000e+03   9.3650200e+02   6.2709500e+02   3.8000000e+01   1.0000000e+00   8.1900000e+02
   4.0000000e+00   1.4090000e+03   9.2401000e+02   6.2217400e+02   3.8000000e+01   1.0000000e+00   8.1900000e+02
   4.0000000e+00   1.4040000e+03   9.2325300e+02   6.4678100e+02   4.7000000e+01   1.0000000e+00   8.2000000e+02
   4.0000000e+00   1.4050000e+03   9.2287400e+02   6.3807400e+02   4.4000000e+01   1.0000000e+00   8.2000000e+02
   4.0000000e+00   1.4060000e+03   9.1151800e+02   6.4791700e+02   4.1000000e+01   1.0000000e+00   8.2000000e+02
   4.0000000e+00   1.4160000e+03   9.3763700e+02   5.7826000e+02   3.5000000e+01   1.0000000e+00   8.2200000e+02
   4.0000000e+00   1.4170000e+03   9.3650200e+02   5.7106800e+02   3.5000000e+01   1.0000000e+00   8.2200000e+02
   4.0000000e+00   1.4180000e+03   9.4596500e+02   5.6841800e+02   3.5000000e+01   1.0000000e+00   8.2200000e+02
   4.0000000e+00   1.4190000e+03   9.6035000e+02   5.6917500e+02   3.5000000e+01   1.0000000e+00   8.2200000e+02
   4.0000000e+00   1.4200000e+03   9.7019200e+02   5.6803900e+02   3.5000000e+01   1.0000000e+00   8.2200000e+02
   4.0000000e+00   1.4210000e+03   9.5921400e+02   5.8393900e+02   3.5000000e+01   1.0000000e+00   8.2200000e+02
   4.0000000e+00   1.4220000e+03   9.4823600e+02   5.8318200e+02   3.5000000e+01   1.0000000e+00   8.2200000e+02
   4.0000000e+00   1.4230000e+03   9.5164300e+02   5.9908100e+02   3.5000000e+01   1.0000000e+00   8.2200000e+02
   4.0000000e+00   1.4240000e+03   9.5770000e+02   5.6538900e+02   3.1000000e+01   1.0000000e+00   8.2200000e+02
   4.0000000e+00   1.4250000e+03   9.6375700e+02   5.7144600e+02   3.4000000e+01   1.0000000e+00   8.2200000e+02
   4.0000000e+00   1.4260000e+03   9.5088600e+02   6.0703100e+02   3.6000000e+01   1.0000000e+00   8.2200000e+02
   4.0000000e+00   1.4110000e+03   9.7738400e+02   6.0741000e+02   4.0000000e+01   1.0000000e+00   8.2300000e+02
   4.0000000e+00   1.4120000e+03   9.6678500e+02   5.7750300e+02   4.0000000e+01   1.0000000e+00   8.2300000e+02
   4.0000000e+00   1.4130000e+03   9.3423100e+02   5.6728200e+02   4.0000000e+01   1.0000000e+00   8.2300000e+02
   4.0000000e+00   1.4140000e+03   9.2628100e+02   5.6879600e+02   4.0000000e+01   1.0000000e+00   8.2300000e+02
   4.0000000e+00   1.4150000e+03   9.2022500e+02   5.7220300e+02   4.0000000e+01   1.0000000e+00   8.2300000e+02
   4.0000000e+00   1.9220000e+03   9.3091800e+02   8.0237200e+02   2.9000000e+01   3.0000000e+00   8.6000000e+02
   4.0000000e+00   1.9230000e+03   9.2921500e+02   8.1259300e+02   3.1000000e+01   3.0000000e+00   8.6000000e+02
   4.0000000e+00   1.9190000e+03   9.3716400e+02   8.2565400e+02   3.2000000e+01   3.0000000e+00   8.6200000e+02
   4.0000000e+00   1.9200000e+03   9.3290600e+02   8.3814600e+02   3.2000000e+01   3.0000000e+00   8.6200000e+02
   4.0000000e+00   1.9210000e+03   9.2438900e+02   8.3076400e+02   3.2000000e+01   3.0000000e+00   8.6200000e+02
   4.0000000e+00   1.8970000e+03   9.6186400e+02   8.1742000e+02   1.6000000e+01   1.0000000e+00   8.6300000e+02
   4.0000000e+00   1.9240000e+03   9.3631300e+02   8.3786200e+02   2.6000000e+01   3.0000000e+00   8.6400000e+02
   4.0000000e+00   1.9250000e+03   9.1700700e+02   8.3076400e+02   2.8000000e+01   1.0000000e+00   8.6400000e+02
   4.0000000e+00   1.9440000e+03   9.4057100e+02   8.6398300e+02   1.4000000e+01   1.0000000e+00   8.6400000e+02
   4.0000000e+00   1.9450000e+03   9.3233800e+02   8.6597100e+02   1.4000000e+01   1.0000000e+00   8.6400000e+02
   4.0000000e+00   1.9460000e+03   9.3233800e+02   8.6341600e+02   1.7000000e+01   1.0000000e+00   8.6400000e+02
   4.0000000e+00   1.9470000e+03   9.3035100e+02   8.8300600e+02   2.4000000e+01   1.0000000e+00   8.6400000e+02
   4.0000000e+00   1.9480000e+03   9.2211700e+02   8.8130300e+02   2.4000000e+01   1.0000000e+00   8.6400000e+02
   4.0000000e+00   1.9490000e+03   9.1416800e+02   8.8016700e+02   2.4000000e+01   1.0000000e+00   8.6400000e+02
   4.0000000e+00   1.9500000e+03   9.0934200e+02   8.6909400e+02   2.6000000e+01   1.0000000e+00   8.6400000e+02
   4.0000000e+00   1.9510000e+03   9.0763800e+02   8.5262600e+02   2.6000000e+01   1.0000000e+00   8.6400000e+02
   4.0000000e+00   1.9520000e+03   9.1871100e+02   8.7023000e+02   3.1000000e+01   1.0000000e+00   8.6400000e+02
   4.0000000e+00   1.9530000e+03   9.1587100e+02   8.5660100e+02   3.1000000e+01   1.0000000e+00   8.6400000e+02
   4.0000000e+00   1.9540000e+03   9.5164300e+02   8.6568700e+02   2.7000000e+01   1.0000000e+00   8.6400000e+02
   4.0000000e+00   1.9550000e+03   9.5249500e+02   8.7874700e+02   2.9000000e+01   1.0000000e+00   8.6400000e+02
   4.0000000e+00   1.9560000e+03   8.9032000e+02   8.3104800e+02   3.2000000e+01   3.0000000e+00   8.6500000e+02
   4.0000000e+00   1.9570000e+03   9.0054100e+02   8.3133200e+02   2.8000000e+01   3.0000000e+00   8.6500000e+02
   4.0000000e+00   1.9180000e+03   9.2893100e+02   8.1202500e+02   3.2000000e+01   3.0000000e+00   8.6600000e+02
   4.0000000e+00   1.9260000e+03   9.4426200e+02   8.0464300e+02   3.6000000e+01   1.0000000e+00   8.6600000e+02
   4.0000000e+00   1.9270000e+03   9.6129600e+02   7.9839700e+02   3.6000000e+01   1.0000000e+00   8.6600000e+02
   4.0000000e+00   1.9280000e+03   9.5221100e+02   8.0294000e+02   4.1000000e+01   1.0000000e+00   8.6600000e+02
   4.0000000e+00   1.9290000e+03   9.3744800e+02   7.9328600e+02   4.1000000e+01   1.0000000e+00   8.6600000e+02
   4.0000000e+00   1.9300000e+03   9.3375700e+02   8.2139500e+02   4.6000000e+01   1.0000000e+00   8.6600000e+02
   4.0000000e+00   1.9310000e+03   9.2580800e+02   8.1628400e+02   4.6000000e+01   1.0000000e+00   8.6600000e+02
   4.0000000e+00   1.9320000e+03   9.2098200e+02   8.0776600e+02   4.6000000e+01   1.0000000e+00   8.6600000e+02
   4.0000000e+00   1.9330000e+03   9.3517700e+02   8.0606300e+02   4.9000000e+01   1.0000000e+00   8.6600000e+02
   4.0000000e+00   1.9340000e+03   9.3546100e+02   8.3360300e+02   3.7000000e+01   1.0000000e+00   8.6600000e+02
   4.0000000e+00   1.9350000e+03   9.3631300e+02   8.4041800e+02   4.2000000e+01   1.0000000e+00   8.6600000e+02
   4.0000000e+00   1.9580000e+03   9.0565100e+02   7.8420000e+02   2.5000000e+01   3.0000000e+00   8.6700000e+02
   4.0000000e+00   1.9590000e+03   9.0423100e+02   7.7000400e+02   2.5000000e+01   3.0000000e+00   8.6700000e+02
   4.0000000e+00   1.9610000e+03   9.2155000e+02   7.9215000e+02   3.6000000e+01   1.0000000e+00   8.7000000e+02
   4.0000000e+00   1.9620000e+03   9.1842700e+02   7.9782900e+02   3.6000000e+01   1.0000000e+00   8.7000000e+02
   4.0000000e+00   1.9630000e+03   9.2155000e+02   7.9442200e+02   4.0000000e+01   1.0000000e+00   8.7000000e+02
   4.0000000e+00   1.9640000e+03   9.1416800e+02   8.0208800e+02   4.0000000e+01   1.0000000e+00   8.7000000e+02
   4.0000000e+00   1.9650000e+03   8.9287500e+02   8.0549500e+02   4.0000000e+01   1.0000000e+00   8.7000000e+02
   4.0000000e+00   1.9660000e+03   8.9883700e+02   7.7341100e+02   4.0000000e+01   1.0000000e+00   8.7000000e+02
   4.0000000e+00   1.9670000e+03   9.0224400e+02   7.8050900e+02   4.0000000e+01   1.0000000e+00   8.7000000e+02
   4.0000000e+00   1.9680000e+03   8.9855300e+02   7.9044700e+02   4.3000000e+01   1.0000000e+00   8.7000000e+02
   4.0000000e+00   1.9690000e+03   9.1473600e+02   7.8675600e+02   4.5000000e+01   1.0000000e+00   8.7000000e+02
   4.0000000e+00   1.9700000e+03   9.0025700e+02   8.0208800e+02   4.5000000e+01   1.0000000e+00   8.7000000e+02
   4.0000000e+00   1.9710000e+03   8.9457900e+02   8.0407500e+02   4.2000000e+01   1.0000000e+00   8.7000000e+02
   4.0000000e+00   1.9720000e+03   9.0167600e+02   8.0861800e+02   4.2000000e+01   1.0000000e+00   8.7000000e+02
   4.0000000e+00   1.9730000e+03   9.1473600e+02   8.0237200e+02   4.2000000e+01   1.0000000e+00   8.7000000e+02
   4.0000000e+00   1.9600000e+03   8.9514700e+02   7.7397900e+02   2.5000000e+01   3.0000000e+00   8.7100000e+02
   4.0000000e+00   1.9740000e+03   8.5823900e+02   7.7085600e+02   1.8000000e+01   1.0000000e+00   8.7100000e+02
   4.0000000e+00   1.9750000e+03   8.4773500e+02   7.7511500e+02   2.1000000e+01   1.0000000e+00   8.7100000e+02
   4.0000000e+00   1.9360000e+03   8.9372700e+02   7.8902700e+02   3.0000000e+00   1.0000000e+00   8.7400000e+02
   4.0000000e+00   1.9370000e+03   8.8123500e+02   7.6943600e+02   4.0000000e+00   1.0000000e+00   8.7400000e+02
   4.0000000e+00   1.9380000e+03   8.9883700e+02   8.1543200e+02   4.0000000e+00   1.0000000e+00   8.7400000e+02
   4.0000000e+00   1.9390000e+03   8.9032000e+02   8.1770400e+02   6.0000000e+00   1.0000000e+00   8.7400000e+02
   4.0000000e+00   1.9400000e+03   8.8265500e+02   7.9640900e+02   9.0000000e+00   1.0000000e+00   8.7400000e+02
   4.0000000e+00   1.9410000e+03   8.9230800e+02   7.9499000e+02   9.0000000e+00   1.0000000e+00   8.7400000e+02
   4.0000000e+00   1.9420000e+03   8.9514700e+02   8.1713600e+02   1.0000000e+01   1.0000000e+00   8.7400000e+02
   4.0000000e+00   1.9430000e+03   8.8691300e+02   8.1174100e+02   1.0000000e+01   1.0000000e+00   8.7400000e+02
   4.0000000e+00   1.8920000e+03   1.0257420e+03   7.7426300e+02   1.6000000e+01   1.0000000e+00   8.8100000e+02
   4.0000000e+00   1.8930000e+03   1.0146700e+03   7.6830100e+02   2.1000000e+01   1.0000000e+00   8.8100000e+02
   4.0000000e+00   1.8860000e+03   1.0169410e+03   7.5438800e+02   1.1000000e+01   1.0000000e+00   8.8200000e+02
   4.0000000e+00   1.8870000e+03   1.0123990e+03   7.5978300e+02   1.1000000e+01   1.0000000e+00   8.8200000e+02
   4.0000000e+00   1.8880000e+03   1.0041650e+03   7.5609200e+02   1.1000000e+01   1.0000000e+00   8.8200000e+02
   4.0000000e+00   1.8890000e+03   1.0229030e+03   7.4899400e+02   1.2000000e+01   1.0000000e+00   8.8200000e+02
   4.0000000e+00   1.8900000e+03   1.0271620e+03   7.6319000e+02   1.2000000e+01   1.0000000e+00   8.8200000e+02
   4.0000000e+00   1.8910000e+03   1.0177930e+03   7.6688100e+02   1.2000000e+01   1.0000000e+00   8.8200000e+02
   4.0000000e+00   1.8940000e+03   1.0041650e+03   7.7057200e+02   2.1000000e+01   1.0000000e+00   8.8300000e+02
   4.0000000e+00   1.8760000e+03   9.9139000e+02   8.3757800e+02   3.0000000e+00   1.0000000e+00   8.8500000e+02
   4.0000000e+00   1.8770000e+03   9.9479700e+02   8.4666400e+02   7.0000000e+00   1.0000000e+00   8.8500000e+02
   4.0000000e+00   1.8810000e+03   9.7918200e+02   8.1883900e+02   5.0000000e+00   1.0000000e+00   8.8500000e+02
   4.0000000e+00   1.8840000e+03   9.7407200e+02   8.2735700e+02   1.1000000e+01   1.0000000e+00   8.8500000e+02
   4.0000000e+00   1.8850000e+03   9.7520700e+02   8.0322300e+02   1.1000000e+01   1.0000000e+00   8.8500000e+02
   4.0000000e+00   1.8720000e+03   9.6148500e+02   7.6943600e+02   3.0000000e+00   1.0000000e+00   8.8600000e+02
   4.0000000e+00   1.8730000e+03   9.7359800e+02   7.8079300e+02   3.0000000e+00   1.0000000e+00   8.8600000e+02
   4.0000000e+00   1.8740000e+03   9.7208400e+02   7.9186600e+02   5.0000000e+00   1.0000000e+00   8.8600000e+02
   4.0000000e+00   1.8750000e+03   9.9309300e+02   7.7312700e+02   7.0000000e+00   1.0000000e+00   8.8600000e+02
   4.0000000e+00   1.8780000e+03   9.7520700e+02   8.0066800e+02   4.0000000e+00   1.0000000e+00   8.8600000e+02
   4.0000000e+00   1.8790000e+03   9.9167400e+02   8.0634700e+02   4.0000000e+00   1.0000000e+00   8.8600000e+02
   4.0000000e+00   1.8800000e+03   9.9479700e+02   8.1883900e+02   5.0000000e+00   1.0000000e+00   8.8600000e+02
   4.0000000e+00   1.8820000e+03   9.6498700e+02   8.0322300e+02   6.0000000e+00   1.0000000e+00   8.8600000e+02
   4.0000000e+00   1.8830000e+03   9.9905500e+02   8.1883900e+02   7.0000000e+00   1.0000000e+00   8.8600000e+02
   3.0000000e+00   1.8590000e+03   7.1146100e+02   5.0292600e+02   3.7000000e+01   1.0000000e+00   9.8100000e+02
   3.0000000e+00   1.8600000e+03   7.1903200e+02   5.0065400e+02   4.0000000e+01   1.0000000e+00   9.8100000e+02
   3.0000000e+00   1.8610000e+03   7.3038800e+02   4.9762600e+02   4.0000000e+01   1.0000000e+00   9.8100000e+02
   3.0000000e+00   1.8620000e+03   7.3341600e+02   5.0746800e+02   4.0000000e+01   1.0000000e+00   9.8100000e+02
   3.0000000e+00   1.8630000e+03   7.2736000e+02   5.2715400e+02   4.2000000e+01   1.0000000e+00   9.8200000e+02
   3.0000000e+00   1.8640000e+03   7.2206000e+02   5.1920400e+02   4.2000000e+01   1.0000000e+00   9.8200000e+02
   3.0000000e+00   1.8650000e+03   7.2925300e+02   5.0292600e+02   4.2000000e+01   1.0000000e+00   9.8200000e+02
   3.0000000e+00   1.8660000e+03   7.4590800e+02   4.9005400e+02   4.2000000e+01   1.0000000e+00   9.8200000e+02
   3.0000000e+00   1.8670000e+03   7.1827500e+02   5.0784700e+02   4.3000000e+01   1.0000000e+00   9.8200000e+02
   3.0000000e+00   1.8680000e+03   7.2622400e+02   5.1806800e+02   4.4000000e+01   1.0000000e+00   9.8200000e+02
   3.0000000e+00   1.8690000e+03   8.1063800e+02   5.8185700e+02   2.5000000e+01   1.0000000e+00   9.9900000e+02
   3.0000000e+00   1.8700000e+03   8.0155300e+02   5.8072100e+02   2.5000000e+01   1.0000000e+00   9.9900000e+02
   3.0000000e+00   1.8710000e+03   7.9360400e+02   5.9586400e+02   2.8000000e+01   1.0000000e+00   9.9900000e+02
   1.0000000e+00   1.3960000e+03   4.2755800e+02   6.4413100e+02   8.7000000e+01   4.0000000e+00   1.3220000e+03
   1.0000000e+00   1.3970000e+03   4.3096500e+02   6.6003100e+02   8.7000000e+01   4.0000000e+00   1.3220000e+03
   1.0000000e+00   1.3980000e+03   4.1582300e+02   6.7100900e+02   8.7000000e+01   4.0000000e+00   1.3260000e+03
   1.0000000e+00   1.3990000e+03   4.2831500e+02   6.7706600e+02   8.7000000e+01   4.0000000e+00   1.3260000e+03
   1.0000000e+00   1.4000000e+03   4.6541200e+02   6.9031600e+02   1.0400000e+02   3.0000000e+00   1.3290000e+03
   1.0000000e+00   1.4010000e+03   4.7903900e+02   6.5170200e+02   1.0600000e+02   3.0000000e+00   1.3290000e+03
   1.0000000e+00   1.4020000e+03   4.8926000e+02   6.5359500e+02   1.0600000e+02   4.0000000e+00   1.3290000e+03
   1.0000000e+00   1.4030000e+03   4.6579000e+02   6.8388000e+02   1.0900000e+02   4.0000000e+00   1.3330000e+03
   1.0000000e+00   1.3780000e+03   4.7487500e+02   5.4343200e+02   6.6000000e+01   1.0000000e+00   1.3620000e+03
   1.0000000e+00   1.3790000e+03   4.7222600e+02   5.2488200e+02   6.6000000e+01   1.0000000e+00   1.3620000e+03
   1.0000000e+00   1.3800000e+03   4.5973400e+02   5.4418900e+02   6.6000000e+01   1.0000000e+00   1.3620000e+03
   1.0000000e+00   1.3810000e+03   4.5822000e+02   5.2185400e+02   6.8000000e+01   1.0000000e+00   1.3620000e+03
   1.0000000e+00   1.3820000e+03   4.5102700e+02   5.2601800e+02   6.8000000e+01   1.0000000e+00   1.3620000e+03
   1.0000000e+00   1.3830000e+03   4.5140600e+02   5.3472500e+02   6.8000000e+01   1.0000000e+00   1.3620000e+03
   1.0000000e+00   1.3840000e+03   4.5027000e+02   5.2564000e+02   7.2000000e+01   1.0000000e+00   1.3620000e+03
   1.0000000e+00   1.3850000e+03   4.6086900e+02   5.4418900e+02   7.2000000e+01   1.0000000e+00   1.3620000e+03
   1.0000000e+00   1.3860000e+03   4.7903900e+02   5.2677500e+02   7.2000000e+01   1.0000000e+00   1.3620000e+03
   1.0000000e+00   1.3870000e+03   4.6238400e+02   5.2412500e+02   7.2000000e+01   1.0000000e+00   1.3620000e+03
   1.0000000e+00   1.3880000e+03   4.7638900e+02   5.4002500e+02   7.2000000e+01   1.0000000e+00   1.3620000e+03
   1.0000000e+00   1.3890000e+03   4.5746300e+02   5.2412500e+02   7.6000000e+01   1.0000000e+00   1.3620000e+03
   1.0000000e+00   1.3900000e+03   4.5027000e+02   5.3699700e+02   7.6000000e+01   1.0000000e+00   1.3620000e+03
   1.0000000e+00   1.3910000e+03   4.7033300e+02   5.2564000e+02   7.4000000e+01   2.0000000e+00   1.3620000e+03
   1.0000000e+00   1.3920000e+03   4.8339200e+02   5.7125700e+02   7.6000000e+01   1.0000000e+00   1.3620000e+03
   1.0000000e+00   1.3930000e+03   4.9020600e+02   5.7352800e+02   7.6000000e+01   1.0000000e+00   1.3620000e+03
   1.0000000e+00   1.3940000e+03   4.9967000e+02   5.7087800e+02   7.6000000e+01   1.0000000e+00   1.3620000e+03
   1.0000000e+00   1.3950000e+03   4.9588400e+02   5.6444300e+02   7.6000000e+01   1.0000000e+00   1.3620000e+03
   1.0000000e+00   1.3620000e+03   4.6427600e+02   5.8393900e+02   5.4000000e+01   1.0000000e+00   1.3660000e+03
   1.0000000e+00   1.3630000e+03   4.5670500e+02   5.8204600e+02   5.4000000e+01   1.0000000e+00   1.3660000e+03
   1.0000000e+00   1.3640000e+03   4.5443400e+02   5.7031000e+02   5.4000000e+01   1.0000000e+00   1.3660000e+03
   1.0000000e+00   1.3650000e+03   4.6541200e+02   5.7068900e+02   5.7000000e+01   1.0000000e+00   1.3660000e+03
   1.0000000e+00   1.3660000e+03   4.6276200e+02   5.7674600e+02   6.0000000e+01   1.0000000e+00   1.3660000e+03
   1.0000000e+00   1.3670000e+03   4.5784100e+02   5.9264600e+02   6.0000000e+01   1.0000000e+00   1.3660000e+03
   1.0000000e+00   1.3680000e+03   4.4005000e+02   5.9832400e+02   6.1000000e+01   1.0000000e+00   1.3660000e+03
   1.0000000e+00   1.3690000e+03   4.4610600e+02   6.0476000e+02   6.6000000e+01   1.0000000e+00   1.3660000e+03
   1.0000000e+00   1.3700000e+03   4.2642200e+02   5.5857500e+02   6.0000000e+01   3.0000000e+00   1.3660000e+03
   1.0000000e+00   1.3710000e+03   4.2755800e+02   5.4759600e+02   6.0000000e+01   3.0000000e+00   1.3670000e+03
   1.0000000e+00   1.3720000e+03   4.3891400e+02   5.2677500e+02   6.0000000e+01   3.0000000e+00   1.3670000e+03
   1.0000000e+00   1.3730000e+03   4.3967100e+02   5.3813200e+02   6.0000000e+01   3.0000000e+00   1.3670000e+03
   1.0000000e+00   1.3740000e+03   4.3929300e+02   5.4721800e+02   6.0000000e+01   3.0000000e+00   1.3670000e+03
   1.0000000e+00   1.3750000e+03   4.4913500e+02   5.3813200e+02   6.1000000e+01   2.0000000e+00   1.3670000e+03
   1.0000000e+00   1.3760000e+03   4.3285800e+02   5.4418900e+02   6.4000000e+01   3.0000000e+00   1.3670000e+03
   1.0000000e+00   1.3770000e+03   4.0295300e+02   5.4456800e+02   6.4000000e+01   1.0000000e+00   1.3670000e+03
   2.0000000e+00   2.1330000e+03   8.0231000e+02   9.7670200e+02   5.2000000e+01   1.0000000e+00   1.5940000e+03
   2.0000000e+00   2.1340000e+03   7.8754700e+02   9.5938200e+02   5.2000000e+01   1.0000000e+00   1.5940000e+03
   2.0000000e+00   2.1350000e+03   7.9464500e+02   9.5114800e+02   5.2000000e+01   1.0000000e+00   1.5940000e+03
   2.0000000e+00   2.1360000e+03   8.0287800e+02   9.6335700e+02   5.4000000e+01   1.0000000e+00   1.5940000e+03
   2.0000000e+00   2.1270000e+03   8.6391700e+02   9.1707700e+02   4.7000000e+01   3.0000000e+00   1.5950000e+03
   2.0000000e+00   2.1280000e+03   8.6334900e+02   9.0458500e+02   4.7000000e+01   3.0000000e+00   1.5950000e+03
   2.0000000e+00   2.1290000e+03   8.6959500e+02   8.9407900e+02   4.7000000e+01   3.0000000e+00   1.5950000e+03
   2.0000000e+00   2.1300000e+03   8.7896400e+02   9.1736100e+02   4.7000000e+01   3.0000000e+00   1.5950000e+03
   2.0000000e+00   2.1320000e+03   8.6760800e+02   9.1111500e+02   5.8000000e+01   1.0000000e+00   1.5950000e+03
   2.0000000e+00   2.1310000e+03   8.4234100e+02   8.9691900e+02   4.7000000e+01   3.0000000e+00   1.5960000e+03
   2.0000000e+00   2.1120000e+03   7.5944100e+02   1.0173030e+03   2.3000000e+01   1.0000000e+00   1.5980000e+03
   2.0000000e+00   2.1130000e+03   7.6909400e+02   1.0459790e+03   2.3000000e+01   1.0000000e+00   1.5980000e+03
   2.0000000e+00   2.1140000e+03   7.7903000e+02   1.0394490e+03   2.6000000e+01   1.0000000e+00   1.5980000e+03
   2.0000000e+00   2.1190000e+03   7.5291100e+02   9.9004600e+02   4.1000000e+01   1.0000000e+00   1.5980000e+03
   2.0000000e+00   2.1200000e+03   7.4808500e+02   9.8947800e+02   4.2000000e+01   1.0000000e+00   1.5980000e+03
   2.0000000e+00   2.1210000e+03   7.4212300e+02   9.9260100e+02   4.2000000e+01   1.0000000e+00   1.5980000e+03
   2.0000000e+00   2.1150000e+03   8.0231000e+02   9.8635500e+02   2.5000000e+01   3.0000000e+00   1.5990000e+03
   2.0000000e+00   2.1160000e+03   8.0060700e+02   9.8919400e+02   3.1000000e+01   3.0000000e+00   1.5990000e+03
   2.0000000e+00   2.1170000e+03   7.9152200e+02   9.9203400e+02   3.1000000e+01   3.0000000e+00   1.5990000e+03
   2.0000000e+00   2.1180000e+03   7.8783100e+02   9.7414600e+02   3.1000000e+01   3.0000000e+00   1.5990000e+03
   2.0000000e+00   2.1370000e+03   7.7477200e+02   9.3354500e+02   5.5000000e+01   3.0000000e+00   1.6010000e+03
   2.0000000e+00   2.1390000e+03   7.8073400e+02   9.0856000e+02   5.6000000e+01   1.0000000e+00   1.6010000e+03
   2.0000000e+00   2.1400000e+03   7.8981900e+02   9.2531100e+02   5.6000000e+01   1.0000000e+00   1.6010000e+03
   2.0000000e+00   2.1410000e+03   8.0798800e+02   9.1821300e+02   6.1000000e+01   1.0000000e+00   1.6010000e+03
   2.0000000e+00   2.1420000e+03   7.9436100e+02   9.4887700e+02   6.6000000e+01   1.0000000e+00   1.6010000e+03
   2.0000000e+00   2.1430000e+03   7.7988200e+02   9.4745700e+02   6.5000000e+01   1.0000000e+00   1.6010000e+03
   2.0000000e+00   2.1380000e+03   7.6767400e+02   9.4177900e+02   5.5000000e+01   3.0000000e+00   1.6020000e+03
   2.0000000e+00   2.1440000e+03   7.5347900e+02   9.5143200e+02   5.9000000e+01   1.0000000e+00   1.6020000e+03
   2.0000000e+00   2.1450000e+03   7.4297400e+02   9.5767900e+02   5.9000000e+01   1.0000000e+00   1.6020000e+03
   4.0000000e+00   1.8950000e+03   1.0070040e+03   7.7937400e+02   2.3000000e+01   1.0000000e+00   1.7210000e+03
   4.0000000e+00   1.8960000e+03   1.0033140e+03   7.8931100e+02   2.3000000e+01   1.0000000e+00   1.7210000e+03
   8.0000000e+00   1.8500000e+03   9.4255800e+02   5.2355700e+02   1.2200000e+02   1.0000000e+00   1.7420000e+03
   8.0000000e+00   1.8370000e+03   9.6035000e+02   5.3870000e+02   1.1200000e+02   1.0000000e+00   1.7430000e+03
   8.0000000e+00   1.8380000e+03   9.5467200e+02   5.3529300e+02   1.1600000e+02   1.0000000e+00   1.7430000e+03
   4.0000000e+00   1.9070000e+03   9.7577500e+02   8.1997500e+02   2.6000000e+01   1.0000000e+00   1.7440000e+03
   4.0000000e+00   1.9080000e+03   9.6754200e+02   8.2139500e+02   2.6000000e+01   1.0000000e+00   1.7440000e+03
   4.0000000e+00   1.9090000e+03   9.5987600e+02   8.1685200e+02   2.6000000e+01   1.0000000e+00   1.7440000e+03
   4.0000000e+00   1.9100000e+03   9.7407200e+02   8.3161600e+02   2.6000000e+01   1.0000000e+00   1.7440000e+03
   4.0000000e+00   1.9110000e+03   9.6498700e+02   8.3530700e+02   2.9000000e+01   1.0000000e+00   1.7440000e+03
   4.0000000e+00   1.9120000e+03   9.7691100e+02   8.3672700e+02   3.2000000e+01   1.0000000e+00   1.7440000e+03
   4.0000000e+00   1.9130000e+03   9.8599600e+02   8.1883900e+02   3.4000000e+01   1.0000000e+00   1.7440000e+03
   4.0000000e+00   1.9140000e+03   9.6669000e+02   8.1827100e+02   3.8000000e+01   1.0000000e+00   1.7440000e+03
   4.0000000e+00   1.9150000e+03   9.7520700e+02   8.2934500e+02   3.6000000e+01   1.0000000e+00   1.7440000e+03
   4.0000000e+00   1.9160000e+03   9.6782600e+02   8.3019600e+02   3.6000000e+01   1.0000000e+00   1.7440000e+03
   4.0000000e+00   1.9170000e+03   9.5817300e+02   8.3871400e+02   3.2000000e+01   3.0000000e+00   1.7440000e+03
   4.0000000e+00   1.8980000e+03   9.5022400e+02   8.0492700e+02   1.6000000e+01   1.0000000e+00   1.7450000e+03
   4.0000000e+00   1.8990000e+03   9.4426200e+02   8.0521100e+02   1.6000000e+01   1.0000000e+00   1.7450000e+03
   4.0000000e+00   1.9000000e+03   9.4057100e+02   8.1855500e+02   1.6000000e+01   1.0000000e+00   1.7450000e+03
   4.0000000e+00   1.9010000e+03   9.4937200e+02   8.2167900e+02   1.7000000e+01   1.0000000e+00   1.7450000e+03
   4.0000000e+00   1.9020000e+03   9.5561800e+02   8.0123600e+02   1.9000000e+01   1.0000000e+00   1.7450000e+03
   4.0000000e+00   1.9030000e+03   9.5874100e+02   8.1117300e+02   2.0000000e+01   1.0000000e+00   1.7450000e+03
   4.0000000e+00   1.9040000e+03   9.3830000e+02   8.0890200e+02   2.0000000e+01   1.0000000e+00   1.7450000e+03
   4.0000000e+00   1.9050000e+03   9.5192700e+02   8.1202500e+02   2.3000000e+01   1.0000000e+00   1.7450000e+03
   4.0000000e+00   1.9060000e+03   9.4341000e+02   8.0947000e+02   2.3000000e+01   1.0000000e+00   1.7450000e+03
   5.0000000e+00   2.0690000e+03   1.3800530e+03   9.0997900e+02   6.8000000e+01   1.0000000e+00   1.7460000e+03
   5.0000000e+00   2.0700000e+03   1.3877180e+03   9.1480600e+02   7.2000000e+01   1.0000000e+00   1.7460000e+03
   5.0000000e+00   2.0710000e+03   1.3834600e+03   9.0941100e+02   7.2000000e+01   1.0000000e+00   1.7460000e+03
   5.0000000e+00   2.0720000e+03   1.3928290e+03   9.0884400e+02   7.5000000e+01   1.0000000e+00   1.7460000e+03
   5.0000000e+00   2.0730000e+03   1.4092950e+03   8.9862200e+02   7.5000000e+01   1.0000000e+00   1.7460000e+03
   5.0000000e+00   2.0740000e+03   1.4047530e+03   8.9436300e+02   7.8000000e+01   1.0000000e+00   1.7460000e+03
   5.0000000e+00   2.0750000e+03   1.3953840e+03   9.0344900e+02   8.2000000e+01   1.0000000e+00   1.7460000e+03
   5.0000000e+00   2.0920000e+03   1.5608990e+03   9.5086400e+02   5.0000000e+01   1.0000000e+00   1.7480000e+03
   5.0000000e+00   2.0930000e+03   1.5384710e+03   9.7159100e+02   6.2000000e+01   1.0000000e+00   1.7480000e+03
   5.0000000e+00   2.0940000e+03   1.5376190e+03   9.6392500e+02   6.2000000e+01   1.0000000e+00   1.7480000e+03
   5.0000000e+00   2.0950000e+03   1.5555050e+03   9.6875200e+02   7.0000000e+01   1.0000000e+00   1.7480000e+03
   2.0000000e+00   2.1220000e+03   8.7811200e+02   9.5342000e+02   3.8000000e+01   3.0000000e+00   1.7500000e+03
   2.0000000e+00   2.1230000e+03   8.6533700e+02   9.5058000e+02   3.8000000e+01   3.0000000e+00   1.7500000e+03
   2.0000000e+00   2.1240000e+03   8.6675600e+02   9.4461800e+02   3.8000000e+01   3.0000000e+00   1.7500000e+03
   2.0000000e+00   2.1250000e+03   8.9032000e+02   9.6534500e+02   3.5000000e+01   1.0000000e+00   1.7500000e+03
   2.0000000e+00   2.1260000e+03   8.7726100e+02   9.7159100e+02   3.5000000e+01   1.0000000e+00   1.7500000e+03
