1	1	922.94	564.251	108	4
1	2	936.568	568.037	108	4
1	3	942.625	583.747	108	4
1	4	961.932	582.044	108	4
1	5	971.585	582.611	108	4
1	6	938.65	574.094	111	4
1	7	930.132	582.611	111	4
1	8	918.776	586.586	111	4
1	9	926.725	602.486	111	4
1	10	947.736	587.722	111	4
1	11	967.042	588.29	111	4
1	12	973.289	565.008	111	4
1	13	929.565	600.215	113	4
1	14	913.665	583.179	113	4
1	15	936.947	574.662	113	4
1	16	968.178	555.923	113	4
1	17	982.374	565.576	113	4
1	18	1053.355	524.123	111	4
1	19	1060.737	512.766	113	4
1	20	1069.823	512.198	113	4
1	21	1079.476	520.716	113	4
1	22	1049.38	517.877	116	4
1	23	1062.441	526.395	116	4
1	24	1057.898	516.173	116	4
1	25	1064.144	508.791	116	4
1	26	1072.662	504.816	116	4
1	27	1081.18	507.656	116	4
1	28	1080.044	516.173	116	4
1	29	1080.044	526.395	116	4
1	30	1057.898	530.37	119	4
1	31	1065.848	525.259	119	4
1	32	1068.119	515.605	119	4
1	33	1063.009	508.791	119	4
1	34	1079.476	501.409	119	4
1	35	1077.773	527.53	119	4
1	36	1109.004	494.027	117	4
1	37	1121.497	493.459	119	4
1	38	1114.683	504.816	119	4
1	39	1113.547	498.002	121	4
1	40	1114.115	490.62	121	4
1	41	1124.336	486.645	113	4
1	42	1115.25	495.731	113	4
1	43	1133.989	496.867	113	4
1	44	958.903	652.078	106	4
1	45	950.575	639.207	106	4
1	46	949.061	600.593	103	4
1	47	915.747	604.379	103	4
1	48	921.047	606.65	99	4
1	49	954.361	602.865	99	4
1	50	965.717	637.693	102	4
1	51	977.074	682.363	102	4
1	52	997.517	668.735	102	4
1	53	1001.303	683.878	102	4
1	54	1021.745	674.792	102	4
1	55	1015.688	687.663	102	4
1	56	1026.288	702.806	102	4
1	57	1043.702	686.906	102	4
1	58	998.274	687.663	99	4
1	59	991.46	664.192	99	4
1	60	1010.388	677.821	99	4
1	61	1011.145	692.206	99	4
1	62	1026.288	680.849	99	4
1	63	991.46	662.678	95	4
1	64	996.003	673.278	95	4
1	65	990.703	708.863	95	4
1	66	961.175	717.948	93	4
1	67	971.017	715.677	93	4
1	68	978.589	707.349	97	4
1	69	1039.159	692.206	99	4
1	70	1038.402	712.649	99	4
1	71	1049.002	688.42	99	4
1	72	1065.28	698.452	104	4
1	73	1073.798	705.834	104	4
1	74	1101.622	693.342	104	4
1	75	1107.868	695.613	104	4
1	76	1077.205	697.885	107	4
1	77	1088.562	700.156	107	4
1	78	1099.351	703.563	107	4
1	79	1093.672	691.638	107	4
2	80	986.917	667.789	124	4
2	81	985.214	676.874	124	4
2	82	983.51	666.085	121	4
2	83	978.967	671.764	128	4
2	84	1010.199	685.96	128	4
2	85	1006.792	694.477	128	4
2	86	1020.42	700.724	128	4
2	87	1014.174	690.502	131	4
2	88	1024.963	692.774	131	4
2	89	1032.345	701.292	131	4
2	90	993.163	710.945	131	4
2	91	985.214	706.402	131	4
2	92	1066.416	731.955	135	4
2	93	1077.205	743.88	135	4
2	94	1079.476	727.413	135	4
2	95	1090.265	737.634	135	4
2	96	1091.401	724.005	135	4
2	97	1075.501	729.116	139	4
2	98	1073.798	745.016	139	4
2	99	1087.426	736.498	139	4
2	100	1105.029	742.177	139	4
2	101	1117.522	739.337	139	4
2	102	1094.24	757.508	139	4
2	103	1105.597	765.458	139	4
2	104	1115.25	764.89	139	4
2	105	1123.768	768.865	139	4
2	106	1134.557	746.152	139	4
2	107	1140.236	755.237	139	4
2	108	1136.829	769.433	139	4
2	109	1148.185	768.298	139	4
2	110	1140.236	768.298	142	4
2	111	1140.236	758.644	142	4
2	112	1151.025	758.644	142	4
2	113	1160.678	750.126	142	4
2	114	1152.16	771.705	142	4
2	115	1118.657	769.433	142	4
2	116	1125.472	763.187	142	4
2	117	1103.326	756.941	142	4
2	118	1096.511	751.83	142	4
2	119	1150.457	748.423	137	4
2	120	1149.321	768.865	137	4
2	121	1160.11	766.026	137	4
2	122	1170.899	763.755	137	4
2	123	1157.839	773.976	134	4
2	124	1174.306	766.594	134	4
2	125	1174.874	778.519	134	4
2	126	1156.703	786.469	134	4
2	127	1152.728	780.79	131	4
2	128	1153.864	792.715	131	4
2	129	1166.924	772.273	131	4
2	130	1174.874	772.273	131	4
2	131	1177.713	782.494	131	4
2	132	1177.713	779.655	128	4
2	133	1187.367	767.73	136	4
2	134	1209.513	800.097	142	4
2	135	1211.784	810.886	142	4
2	136	1221.438	815.429	142	4
2	137	1232.795	810.886	142	4
2	138	1249.073	827.164	145	4
2	139	1266.865	819.972	145	4
2	140	1244.909	823	149	4
2	141	1262.323	818.836	149	4
2	142	1259.673	812.779	152	4
2	143	1269.515	806.722	152	4
2	144	1258.916	801.043	152	4
2	145	1288.065	787.794	152	4
2	146	1293.365	793.851	152	4
2	147	1298.665	782.872	152	4
2	148	1306.993	789.686	152	4
2	149	1300.936	792.715	152	4
2	150	1305.858	797.258	152	4
2	151	1261.944	807.858	155	4
2	152	1258.158	799.529	155	4
2	153	1252.48	793.851	155	4
2	154	1295.258	801.801	152	4
2	155	1300.179	801.801	152	4
2	156	1256.266	838.143	145	4
2	157	1256.266	844.2	145	4
2	158	1252.48	849.5	145	4
2	159	1263.458	853.664	145	4
2	160	1257.401	858.207	145	3
2	161	1250.587	857.45	145	3
2	162	1247.18	863.128	145	3
2	163	1242.637	865.399	145	1
2	164	1236.58	860.478	145	1
2	165	1231.28	865.778	145	1
2	166	1226.738	873.349	145	1
2	167	1239.23	873.349	145	1
2	168	1252.101	855.557	142	1
2	169	1232.795	862.75	142	1
2	170	1262.701	896.82	142	1
2	171	1265.351	898.713	140	1
2	172	1256.644	904.392	140	1
2	173	1251.723	905.527	140	1
2	174	1252.858	856.692	140	1
2	175	1246.044	858.207	140	1
2	176	1226.738	891.899	140	1
2	177	1220.681	889.249	140	1
2	178	1213.866	882.435	140	1
2	179	1212.731	874.864	140	1
2	180	1217.652	868.428	140	1
2	181	1228.252	869.564	140	1
2	182	1229.388	886.599	140	1
2	183	1224.088	872.971	136	1
2	184	1215.759	876.378	136	1
2	185	1214.623	886.221	136	1
2	186	1224.088	894.549	136	1
2	187	1232.795	893.792	136	1
2	188	1261.187	893.035	136	1
2	189	1264.973	899.849	136	1
2	190	1229.388	879.028	133	1
2	191	1231.659	886.599	133	1
2	192	1239.987	890.385	133	1
2	193	1235.445	880.542	133	1
2	194	1300.936	855.557	134	3
2	195	1297.15	857.071	137	3
2	196	1308.507	849.121	137	3
2	197	1306.615	858.207	137	3
2	198	1304.722	852.528	140	3
2	199	1312.293	850.635	140	3
2	200	1301.693	844.957	140	3
2	201	1291.851	847.986	140	3
2	202	1298.665	837.007	140	3
2	203	1306.993	832.843	140	3
2	204	1305.858	840.414	140	3
2	205	1311.157	874.107	140	3
2	206	1321	869.942	140	3
2	207	1308.129	851.771	143	3
2	208	1290.715	847.986	143	3
2	209	1313.05	873.349	143	3
2	210	1322.136	870.321	143	3
2	211	1302.45	845.714	146	3
2	212	1292.608	833.221	146	2
2	213	1299.8	827.922	146	2
2	214	1301.693	835.114	146	2
2	215	1316.457	838.521	143	2
2	216	1320.243	823	140	2
2	217	1249.451	816.943	151	4
2	218	1251.723	794.229	158	4
2	219	1098.215	689.935	143	4
2	220	1102.379	679.713	143	4
2	221	1112.6	669.871	143	4
2	222	1122.822	675.171	143	4
2	223	1115.629	681.985	146	4
2	224	1139.1	694.099	146	4
2	225	1145.157	688.042	146	4
2	226	1150.457	686.528	146	4
2	227	1150.835	673.278	146	4
2	228	1137.207	685.392	149	4
2	229	1134.557	692.585	149	4
2	230	1146.671	673.278	149	4
2	231	1153.485	688.042	149	4
2	232	1147.807	695.235	149	4
2	233	1142.507	698.642	149	4
2	234	1137.586	678.199	152	4
2	235	1130.772	685.392	152	4
2	236	1117.522	687.285	152	4
2	237	1120.55	678.578	152	4
2	238	1125.85	688.42	152	4
2	239	1140.614	699.777	152	4
2	240	1146.671	704.699	152	4
2	241	1151.593	708.484	152	4
2	242	1156.135	704.32	152	4
2	243	1145.536	680.092	152	4
2	244	1116.765	691.827	155	4
2	245	1109.95	684.635	155	4
2	246	1116.386	668.735	155	4
2	247	1114.872	674.413	155	4
2	248	1123.957	681.606	155	4
2	249	1131.529	680.471	155	4
2	250	1139.1	681.985	155	4
2	251	1148.185	683.499	155	4
2	252	1130.772	694.477	155	4
2	253	1139.857	702.427	155	4
2	254	1124.336	682.363	158	4
2	255	1113.736	672.142	158	4
2	256	1118.279	681.606	160	4
2	257	1159.542	702.427	155	4
2	258	1168.628	698.642	155	4
2	259	1176.199	709.62	155	4
2	260	1186.042	711.134	155	4
2	261	1167.114	717.57	155	4
2	262	1172.035	720.977	155	4
2	263	1171.278	716.813	158	4
2	264	1165.221	709.62	158	4
2	265	1162.571	699.02	158	4
2	266	1169.007	699.02	158	4
2	267	1188.692	711.891	158	4
2	268	1195.885	710.377	158	4
2	269	1184.149	709.62	161	4
2	270	1193.613	712.27	161	4
2	271	1201.942	703.184	161	3
2	272	1209.134	708.106	161	3
2	273	1189.07	716.813	164	3
2	274	1191.342	708.106	164	3
2	275	1202.32	702.806	164	3
2	276	1202.32	709.62	164	3
2	277	1207.62	709.241	164	3
2	278	1186.799	708.863	146	3
2	279	1181.499	712.27	146	3
2	280	1175.821	713.027	149	3
2	281	1184.149	709.999	149	3
2	282	1179.985	720.22	149	3
2	283	1179.606	719.841	152	3
3	284	1049.948	962.501	113	4
3	285	1057.898	973.291	113	4
3	286	1063.576	978.969	113	4
3	287	1044.08	972.155	110	4
3	288	1049.38	964.205	110	4
3	289	1108.058	988.055	113	4
3	290	1099.729	973.669	110	4
3	291	1106.922	990.704	110	4
3	292	1089.887	1008.497	110	4
3	293	1082.694	992.219	108	4
3	294	1086.101	977.076	108	4
3	295	1091.022	1006.226	108	4
3	296	1093.294	1020.611	108	4
3	297	1090.265	1028.182	105	4
3	298	1104.272	1038.404	105	4
3	299	1096.322	1034.997	102	4
3	300	1103.136	1034.997	102	4
3	301	1110.329	1033.482	102	4
3	302	1093.294	1026.29	99	4
3	303	1101.244	1031.211	99	4
3	304	1111.086	1032.347	99	4
3	305	1117.9	1028.561	99	4
3	306	1101.244	1028.561	96	4
3	307	1104.272	1021.368	96	4
3	308	1102.001	1014.554	96	4
3	309	1103.893	1026.29	93	4
3	310	1103.893	1015.69	93	4
3	311	1113.358	1019.097	93	4
3	312	1110.329	998.654	109	4
3	313	1092.915	982.755	106	4
3	314	1105.408	985.026	106	4
3	315	1108.815	1000.169	106	4
3	316	1116.765	1009.254	106	4
3	317	1120.929	1018.34	106	4
3	318	1096.701	1007.361	103	4
3	319	1106.922	1000.926	103	4
3	320	1113.736	1007.74	103	4
3	321	1119.036	1015.311	103	4
3	322	1119.415	1025.911	103	4
3	323	1101.244	1006.983	100	4
3	324	1114.115	1003.197	100	4
3	325	1104.272	999.79	100	4
3	326	1115.25	1019.854	100	4
3	327	1122.065	1018.718	100	4
3	328	1128.122	1018.718	100	4
3	329	1093.294	1008.876	97	4
3	330	1098.594	1002.44	97	4
3	331	1106.922	1001.304	97	4
3	332	1115.629	996.004	97	4
3	333	1122.443	996.004	97	4
3	334	1108.436	1003.576	94	4
3	335	1114.115	1000.169	94	4
3	336	1122.443	994.869	94	4
3	337	1129.636	992.219	94	4
3	338	1123.579	998.654	91	4
3	339	1129.257	992.597	91	4
3	340	1126.607	1013.797	89	4
3	341	1136.071	1020.99	89	4
3	342	1145.157	1016.447	89	4
3	343	1146.671	1010.011	89	4
3	344	1126.986	1011.526	92	4
3	345	1133.8	1015.311	92	4
3	346	1148.185	1014.933	92	4
3	347	1146.293	1020.611	92	4
3	348	1148.185	1029.318	92	4
3	349	1127.743	1021.747	92	4
3	350	1119.415	1018.34	92	4
3	351	1127.364	1025.911	95	4
3	352	1133.421	1026.668	95	4
3	353	1142.128	1028.561	95	4
3	354	1149.321	1026.29	95	4
3	355	1156.135	1031.211	95	4
3	356	1163.328	1034.239	95	4
3	357	1133.043	1027.425	98	4
3	358	1141.75	1027.804	98	4
3	359	1151.971	1027.047	98	4
3	360	1161.435	1032.725	98	4
3	361	1164.464	1037.268	98	4
3	362	1135.693	1026.29	101	4
3	363	1144.4	1017.204	101	4
3	364	1154.621	1021.747	101	4
3	365	1162.192	1032.347	101	4
3	366	1173.171	1037.268	101	4
3	367	1168.249	1022.504	101	4
3	368	1129.636	1010.011	101	4
3	369	1135.314	1005.09	101	4
3	370	1144.021	1010.768	101	4
3	371	1142.507	1002.061	101	4
3	372	1139.857	1010.768	104	4
3	373	1140.614	1000.547	104	4
3	374	1147.05	1003.576	92	4
3	375	1147.428	1001.304	94	4
3	376	1155.378	1007.361	94	4
3	377	1141.75	994.49	94	4
3	378	1140.614	983.89	94	4
3	379	1153.864	1006.983	97	4
3	380	1145.914	995.626	97	4
3	381	1139.1	983.89	97	4
3	382	1131.907	974.805	97	4
3	383	1159.542	1017.961	97	4
3	384	1155	1023.64	100	4
3	385	1139.1	986.54	100	4
3	386	1134.557	971.776	100	4
3	387	1126.607	981.619	100	4
3	388	1147.807	976.319	100	4
3	389	1146.293	982.376	100	4
3	390	1142.886	966.855	100	4
3	391	1142.886	986.919	103	4
3	392	1127.743	981.998	103	4
3	393	1138.721	977.833	103	4
3	394	1134.179	971.398	103	4
3	395	1142.886	966.476	103	4
3	396	1154.621	972.912	103	4
3	397	1157.271	969.126	103	4
3	398	1126.229	994.869	100	4
3	399	1114.493	961.555	101	4
3	400	1105.029	941.87	101	4
3	401	1090.644	945.655	101	4
3	402	1080.801	939.598	101	4
3	403	1073.987	932.784	101	4
3	404	1075.88	922.563	101	4
3	405	1095.186	946.791	104	4
3	406	1083.072	946.412	104	4
3	407	1081.937	938.463	104	4
3	408	1083.451	935.434	107	4
3	409	1076.637	932.784	99	4
3	410	1078.151	926.727	99	4
3	411	1073.608	918.02	99	4
3	412	1063.387	919.534	96	4
3	413	1071.337	918.777	96	4
3	414	1117.9	960.419	104	4
3	415	1108.058	967.991	109	4
3	416	1116.765	978.212	109	4
3	417	1130.772	975.562	109	4
3	418	1122.065	967.233	109	4
3	419	1130.014	964.583	109	4
3	420	1118.657	977.833	112	4
3	421	1112.6	980.105	112	4
3	422	1128.879	982.376	112	4
3	423	1109.572	966.476	112	4
3	424	1116.765	962.691	112	4
3	425	1122.822	967.612	112	4
3	426	1128.5	962.312	112	4
3	427	1136.829	966.855	112	4
3	428	1109.95	972.912	115	4
3	429	1120.55	969.505	115	4
3	430	1136.45	966.098	115	4
3	431	1130.393	971.776	115	4
3	432	1137.586	979.348	115	4
3	433	1127.364	974.048	118	4
3	434	1135.314	981.24	118	4
3	435	1167.114	960.419	101	4
3	436	1181.878	962.691	101	4
3	437	1189.07	947.927	101	4
3	438	1169.007	1021.368	98	4
3	439	1175.442	1019.854	98	4
3	440	1179.228	1025.911	98	4
3	441	1193.045	1034.902	96	4
3	442	1198.156	1033.766	96	4
3	443	1201.847	1030.643	96	4
3	444	1204.402	1041.432	96	4
3	445	1214.623	1040.013	96	4
3	446	1206.958	1028.656	96	4
3	447	1212.352	1028.656	96	4
3	448	1209.513	1026.952	91	4
3	449	1203.267	1032.347	99	4
3	450	1208.661	1040.58	99	4
3	451	1222.573	1035.47	95	4
3	452	1219.45	1018.718	95	4
3	453	1229.388	1015.879	95	4
3	454	1229.671	1026.668	95	4
3	455	1232.795	1032.631	95	4
3	456	1229.388	1040.297	95	4
3	457	1234.782	1042.284	95	4
3	458	1241.028	1040.58	95	4
3	459	1227.116	1042.568	92	4
3	460	1226.264	1021.841	92	4
3	461	1231.091	1016.731	92	4
3	462	1217.747	1041.432	90	4
3	463	1210.932	1024.965	90	4
3	464	1218.882	1035.754	88	4
3	465	1210.365	1023.261	88	4
3	466	1221.154	1037.741	85	4
3	467	1217.463	1028.656	85	4
3	468	1221.154	1034.902	82	4
3	469	1231.943	1049.95	79	4
3	470	1209.229	1061.591	83	1
3	471	1201.279	1042.568	83	1
3	472	1227.684	1047.962	107	1
3	473	1221.722	1040.013	107	1
3	474	1197.588	1055.628	107	1
3	475	1216.327	1063.862	107	1
3	476	1228.82	1042.852	107	1
3	477	1219.166	1039.445	104	3
3	478	1236.77	1031.779	104	3
3	479	1228.252	1026.668	104	3
3	480	1233.646	1022.977	104	3
3	481	1226.264	1034.05	101	3
3	482	1243.016	1026.668	101	3
3	483	1231.375	1019.57	101	3
3	484	1235.918	1039.161	101	3
3	485	1232.795	1041.148	98	3
3	486	1232.227	1033.766	98	3
3	487	1233.93	1026.384	98	3
3	488	1240.744	1027.804	98	3
3	489	1244.719	1045.691	97	3
3	490	1220.302	1049.95	99	1
3	491	1208.093	1057.048	102	1
3	492	1153.296	1102.76	102	4
3	493	1162.098	1104.179	102	4
3	494	1164.369	1110.994	102	4
3	495	1168.912	1114.685	102	4
3	496	1166.64	1120.931	99	4
3	497	1167.776	1108.154	99	4
3	498	1171.183	1114.685	99	4
3	499	1160.962	1105.883	99	4
3	500	1161.814	1099.637	99	4
3	501	1176.862	1110.426	99	4
3	502	1185.379	1118.092	99	4
3	503	1160.11	1122.634	97	4
3	504	1182.54	1110.426	97	4
3	505	1176.294	1107.87	94	4
3	506	1189.07	1106.167	94	4
3	507	1200.711	1107.586	94	4
3	508	1188.219	1109.006	92	4
3	509	1201.847	1107.019	92	4
3	510	1204.686	1112.981	92	4
3	511	1212.352	1122.634	92	4
3	512	1196.736	1115.252	90	4
3	513	1206.39	1115.536	90	4
3	514	1210.649	1122.918	90	4
3	515	1206.106	1115.82	87	4
3	516	1198.724	1120.931	87	4
3	517	1194.465	1127.461	87	4
3	518	1205.254	1107.87	85	4
3	519	1212.352	1106.735	85	4
3	520	1204.402	1105.315	82	4
3	521	1211.784	1104.747	82	4
3	522	1205.822	1105.599	79	4
3	523	1231.091	1112.697	79	4
3	524	1225.413	1117.524	79	4
3	525	1219.166	1115.82	79	4
3	526	1212.352	1116.388	79	4
3	527	1204.118	1115.82	79	4
3	528	1203.267	1117.808	79	4
3	529	1213.772	1122.35	82	4
3	530	1204.402	1126.893	82	4
3	531	1202.131	1120.363	82	4
3	532	1198.44	1115.536	82	4
3	533	1218.031	1123.77	84	4
3	534	1203.55	1133.707	86	4
3	535	1194.749	1128.597	86	4
3	536	1199.292	1134.275	86	4
3	537	1210.932	1134.275	86	4
3	538	1213.204	1129.165	86	1
3	539	1209.229	1135.979	88	4
3	540	1188.219	1132.856	90	4
3	541	1191.342	1141.373	90	4
3	542	1187.935	1146.768	90	4
3	543	1208.093	1133.423	90	4
3	544	1201.847	1145.632	90	4
3	545	1190.49	1127.745	93	4
3	546	1199.292	1104.463	97	4
3	547	1197.304	1126.893	97	4
3	548	1201.563	1121.215	97	4
3	549	1210.365	1113.833	97	4
3	550	1204.402	1116.956	94	4
3	551	1206.674	1125.474	94	4
3	552	1227.968	1139.386	91	4
3	553	1239.041	1142.793	91	4
3	554	1222.005	1141.373	88	4
3	555	1231.659	1135.695	88	4
3	556	1224.561	1128.881	88	4
3	557	1237.053	1140.238	93	4
3	558	1245.855	1142.509	93	4
3	559	1247.843	1149.039	93	4
3	560	1183.96	1174.592	80	1
3	561	1174.874	1159.544	80	1
3	562	1168.344	1162.384	80	1
3	563	1185.095	1181.691	95	1
3	564	1189.07	1183.678	94	1
3	565	1176.862	1151.595	88	1
3	566	1174.59	1160.964	88	1
3	567	1161.246	1183.962	77	1
3	568	1191.058	1146.768	78	3
3	569	1191.058	1158.409	78	3
3	570	1189.354	1157.273	80	3
3	571	1202.415	1153.866	80	3
3	572	1183.676	1166.359	80	3
3	573	1190.774	1160.964	83	3
3	574	1178.565	1162.668	83	3
3	575	1179.985	1151.311	83	3
3	576	1192.194	1151.879	83	3
3	577	1187.935	1174.876	86	3
3	578	1191.342	1167.21	86	3
3	579	1179.985	1150.743	86	3
3	580	1193.897	1147.336	86	3
3	581	1185.379	1174.309	88	3
3	582	1189.922	1155.57	90	3
3	583	1179.701	1155.286	90	3
3	584	1187.367	1176.864	93	3
3	585	1181.972	1172.037	93	3
3	586	1176.01	1177.148	93	3
3	587	1180.269	1173.457	90	3
3	588	1244.152	1125.758	91	3
3	589	1259.483	1127.461	91	3
3	590	1244.435	1145.348	94	3
3	591	1246.139	1151.027	94	3
3	592	1268.853	1144.78	82	1
3	593	1254.373	1149.039	82	1
3	594	1245.287	1135.979	82	1
3	595	1257.78	1125.474	82	1
3	596	1258.064	1126.041	85	1
3	597	1266.581	1145.916	85	1
3	598	1252.385	1146.484	85	1
3	599	1260.051	1147.336	85	1
3	600	1244.719	1131.72	85	1
3	601	1246.139	1141.941	85	1
3	602	1263.458	1123.77	88	1
3	603	1251.534	1125.19	91	1
3	604	1247.559	1124.622	94	1
3	605	1261.471	1126.893	94	1
3	606	1253.237	1114.401	94	1
3	607	1256.36	1105.031	94	1
3	608	1268.853	1114.685	97	1
3	609	1257.496	1104.179	97	1
3	610	1273.112	1118.092	84	1
3	611	1280.494	1125.474	84	1
3	612	1284.753	1124.622	88	1
3	613	1284.753	1132.572	91	1
3	614	1280.21	1130.016	91	1
3	615	1279.074	1145.348	91	1
3	616	1272.544	1145.632	91	1
3	617	1279.358	1125.474	94	1
3	618	1284.753	1128.313	94	1
3	619	1273.963	1141.373	94	1
3	620	1268.285	1135.127	94	1
3	621	1260.335	1149.891	96	1
3	622	1261.187	1151.595	98	1
3	623	1258.348	1141.089	98	1
3	624	1249.262	1138.534	80	1
3	625	1260.335	1135.411	80	1
3	626	1201.847	1103.328	72	1
3	627	1204.402	1098.501	72	1
3	628	1218.314	1115.536	72	1
3	629	1224.277	1120.931	76	1
3	630	1119.982	1116.577	93	4
3	631	1119.225	1108.628	93	4
3	632	1112.411	1104.842	93	4
3	633	1120.929	1107.87	96	4
3	634	1110.992	1104.179	96	4
3	635	1119.793	1118.659	91	4
3	636	1124.904	1121.783	88	4
3	637	1122.632	1127.745	86	4
3	638	1126.323	1119.511	86	4
3	639	1137.112	1120.647	86	4
3	640	1134.273	1118.376	84	4
3	641	1128.595	1114.401	84	4
3	642	1128.879	1114.117	83	4
3	643	1133.705	1115.252	83	4
3	644	1138.816	1114.968	83	4
3	645	1132.854	1109.858	80	4
3	646	1103.326	1154.434	93	4
3	647	1095.376	1159.828	93	4
3	648	1092.253	1162.384	91	4
3	649	1105.597	1156.137	91	4
3	650	1109.288	1162.1	91	4
3	651	1092.82	1168.63	88	4
3	652	1090.833	1164.371	88	4
3	653	1131.15	1138.818	77	4
3	654	1123.2	1132.572	77	4
3	655	1123.2	1130.3	74	4
3	656	1111.275	1124.622	74	4
3	657	1142.223	1125.19	72	4
3	658	1124.052	1124.338	72	4
3	659	1119.793	1124.338	70	3
3	660	1141.655	1126.893	74	3
3	661	1057.33	1164.087	91	3
3	662	1052.503	1168.63	91	3
3	663	1060.169	1174.592	91	3
3	664	1065.564	1173.457	91	3
3	665	1060.737	1181.407	91	3
3	666	1052.787	1190.776	91	3
3	667	1067.551	1175.16	89	3
3	668	1066.416	1168.914	89	3
3	669	1091.117	1163.519	89	3
3	670	1068.119	1171.185	87	3
3	671	1074.365	1167.778	87	3
3	672	1124.62	1144.78	80	3
3	673	1123.2	1138.25	80	3
3	674	1120.929	1132.856	80	3
3	675	1102.19	1122.35	81	3
3	676	1072.378	1134.559	98	1
3	677	1074.649	1140.806	98	1
3	678	1081.747	1140.806	98	1
3	679	1078.908	1153.582	98	1
3	680	1078.624	1136.547	95	1
3	681	1084.587	1144.213	95	1
3	682	1076.069	1154.434	95	1
3	683	1056.478	1188.505	94	1
3	684	1051.084	1175.444	91	1
3	685	1055.91	1182.258	91	1
3	686	1056.478	1180.271	89	1
3	687	1049.096	1168.346	89	1
3	688	1039.727	1168.062	89	1
3	689	1038.023	1164.087	84	1
3	690	1049.948	1150.743	86	1
3	691	1059.317	1134.559	91	1
3	692	1054.207	1138.534	91	1
3	693	1063.292	1124.906	88	1
3	694	1066.416	1139.386	86	1
3	695	1069.539	1134.559	84	1
3	696	1086.29	1210.651	80	1
3	697	1099.067	1205.54	88	1
3	698	1073.514	1210.651	88	1
3	699	1062.157	1199.294	88	1
3	700	1071.81	1195.887	88	1
3	701	1074.649	1210.367	90	1
3	702	1079.76	1209.231	90	1
3	703	1093.956	1166.926	84	1
3	704	1101.622	1174.025	84	1
3	705	1109.288	1158.409	88	1
3	706	1107.017	1155.853	85	1
3	707	1109.004	1163.235	85	1
3	708	1116.954	1149.607	82	1
3	709	1101.338	1157.557	82	1
3	710	1093.956	1139.954	82	1
3	711	1105.597	1141.657	79	1
3	712	1094.24	1149.323	76	1
3	713	1103.893	1156.989	76	1
3	714	1104.461	1180.555	76	1
3	715	1114.683	1187.085	76	1
3	716	1101.054	1175.16	76	1
3	717	1104.177	1141.373	76	1
3	718	1114.399	1185.098	73	1
3	719	1112.979	1181.974	70	1
3	720	1116.386	1168.346	70	1
3	721	1105.313	1162.668	70	1
3	722	1097.079	1173.173	70	1
3	723	1133.705	1163.519	85	1
3	724	1134.841	1169.198	82	1
3	725	1148.753	1173.173	82	1
3	726	1157.271	1156.989	82	1
3	727	1152.444	1152.162	82	1
3	728	1128.311	1165.791	82	1
3	729	1130.582	1165.791	78	1
3	730	1121.781	1155.002	78	1
3	731	1155.567	1166.075	79	1
3	732	1133.989	1158.693	84	1
3	733	1132.286	1153.582	84	1
3	734	1106.354	1121.688	77	1
3	735	1094.997	1123.202	77	1
3	736	1095.376	1115.631	77	1
3	737	1081.369	1167.494	93	3
3	738	1052.787	1015.879	92	3
3	739	1058.466	1015.879	92	3
3	740	1056.194	1022.693	92	3
3	741	1065.564	1015.311	92	4
3	742	1072.094	1013.04	92	4
3	743	1070.958	1020.138	92	4
3	744	1078.34	1019.002	92	4
3	745	1059.885	1021.841	89	4
3	746	1070.674	1015.027	89	4
3	747	1063.576	1031.779	88	4
3	748	1058.75	1039.729	85	4
3	749	1064.144	1026.952	85	4
3	750	1061.873	1033.198	85	4
3	751	1060.737	1035.754	82	4
3	752	1065.564	1043.136	82	4
3	753	1072.378	1045.975	86	4
3	754	1072.946	1052.505	86	4
3	755	1070.674	1014.459	91	4
3	756	1080.328	1015.879	91	4
3	757	1073.798	1063.294	87	3
3	758	1076.353	1058.752	87	3
4	759	913.097	1022.883	135	4
4	760	916.883	1036.889	135	4
4	761	916.883	1048.246	135	4
4	762	905.904	1039.539	136	4
4	763	904.012	1050.896	136	4
4	764	898.712	1042.189	136	4
4	765	904.769	1050.139	139	4
4	766	897.197	1047.489	139	4
4	767	904.39	1041.811	139	4
4	768	906.661	1033.482	139	4
4	769	899.847	1032.725	141	4
4	770	887.733	1042.189	144	4
4	771	887.733	1050.518	144	4
4	772	878.648	1053.168	148	4
4	773	919.911	1042.568	140	4
4	774	920.668	1052.411	140	4
4	775	910.069	1055.818	147	4
4	776	904.012	1062.253	147	4
4	777	907.04	1070.203	144	4
4	778	907.04	1080.046	144	4
4	779	904.769	1070.582	141	4
4	780	909.69	1078.532	141	4
4	781	905.904	1084.589	141	4
4	782	897.576	1093.296	141	4
4	783	898.333	1100.867	141	4
4	784	893.412	1103.517	141	4
4	785	896.819	1106.545	138	4
4	786	899.09	1098.595	138	4
4	787	902.497	1077.396	138	4
4	788	907.419	1072.475	138	4
4	789	901.74	1064.903	138	4
4	790	906.661	1059.225	138	4
4	791	889.626	1073.989	138	4
4	792	896.819	1080.046	138	4
4	793	884.705	1101.245	135	4
4	794	898.333	1099.353	135	4
4	795	903.633	1110.331	132	4
4	796	905.904	1116.01	128	4
4	797	891.897	1111.467	127	4
4	798	899.09	1108.438	127	4
4	799	904.769	1107.303	123	4
4	800	895.683	1114.874	123	4
4	801	900.226	1098.974	123	3
4	802	895.683	1102.381	123	3
4	803	896.44	1087.996	123	3
4	804	906.661	1109.952	125	4
4	805	900.983	1093.674	138	4
4	806	884.326	1075.125	142	4
4	807	883.19	1082.317	142	4
4	808	946.411	1049.761	140	4
4	809	949.818	1061.496	140	4
4	810	951.711	1068.689	140	4
4	811	959.66	1091.781	140	4
4	812	962.31	1097.46	140	4
4	813	954.361	1063.01	143	4
4	814	963.068	1052.032	143	4
4	815	955.496	1055.818	143	4
4	816	947.168	1047.489	143	4
4	817	952.089	1041.811	143	4
4	818	963.446	1051.275	146	4
4	819	970.639	1050.518	146	4
4	820	977.832	1025.532	149	4
4	821	967.989	1043.325	149	4
4	822	960.418	1048.246	149	4
4	823	984.267	1030.832	152	4
4	824	985.781	1040.675	152	4
4	825	983.131	1045.975	152	4
4	826	970.26	1045.218	152	4
4	827	959.66	1039.918	152	4
4	828	957.389	1032.347	152	4
4	829	971.017	1041.432	155	4
4	830	981.239	1049.004	155	4
4	831	981.996	1025.911	155	4
4	832	996.003	1042.946	155	4
4	833	985.781	1058.846	155	4
4	834	999.788	1056.575	155	4
4	835	983.131	1060.36	158	4
4	836	983.131	1049.761	158	4
4	837	1003.574	1057.332	158	4
4	838	983.889	1039.539	158	4
4	839	981.617	1026.668	158	4
4	840	945.654	1035.375	156	4
4	841	940.732	1042.189	156	4
4	842	933.54	1042.946	156	4
4	843	949.439	1028.561	157	1
4	844	943.004	1038.025	157	1
4	845	933.54	1053.546	156	1
4	846	936.568	1061.118	156	1
4	847	1000.924	1053.168	152	3
4	848	1011.902	1053.925	152	3
4	849	1001.681	1061.118	162	3
4	850	973.289	1076.639	168	1
4	851	972.153	1069.446	168	1
4	852	977.832	1072.096	168	1
4	853	991.46	1060.739	162	3
4	854	971.017	999.033	143	3
4	855	960.796	992.976	143	1
4	856	988.053	996.383	143	1
4	857	961.175	1101.245	137	4
4	858	962.31	1093.296	137	4
4	859	964.203	1086.481	137	4
4	860	966.475	1079.289	137	4
4	861	956.253	1084.21	137	4
4	862	950.575	1065.282	137	4
4	863	974.803	1097.081	137	4
4	864	964.582	1097.081	135	4
4	865	960.796	1091.024	135	4
4	866	963.068	1087.239	132	4
4	867	962.689	1093.296	132	4
4	868	966.096	1099.353	132	4
4	869	977.074	1095.946	132	4
4	870	969.882	1100.867	129	4
4	871	974.046	1092.538	129	4
4	872	968.746	1096.324	125	4
4	873	969.125	1086.86	125	4
4	874	977.832	1094.431	125	4
4	875	960.796	1100.11	121	1
4	876	953.982	1101.624	121	1
4	877	949.061	1100.867	121	1
4	878	959.66	1092.538	143	4
4	879	958.525	1125.474	147	4
4	880	958.903	1136.073	147	4
4	881	952.846	1130.016	147	4
4	882	966.475	1133.423	147	4
4	883	946.884	1124.622	150	4
4	884	953.13	1137.114	150	4
4	885	958.241	1133.991	150	4
4	886	960.796	1128.029	150	4
4	887	962.5	1117.808	150	4
4	888	959.377	1147.336	152	4
4	889	960.512	1128.597	152	4
4	890	947.736	1134.275	155	4
4	891	951.995	1126.609	155	4
4	892	957.957	1138.818	155	4
5	893	720.597	851.203	35	4
5	894	727.979	837.007	35	4
5	895	716.054	850.635	39	4
5	896	718.326	830.193	39	4
5	897	725.708	831.896	39	4
5	898	721.733	850.068	42	4
5	899	718.326	830.761	42	4
5	900	717.758	819.972	42	4
5	901	739.336	829.057	42	4
5	902	726.276	813.725	42	4
5	903	720.029	848.932	46	4
5	904	737.065	828.489	46	4
5	905	724.004	808.615	46	4
5	906	727.979	794.986	46	4
5	907	743.311	791.011	46	4
5	908	716.622	826.786	44	4
5	909	719.461	817.132	44	4
5	910	728.547	803.504	48	4
5	911	723.436	788.74	48	4
5	912	741.04	791.011	48	4
5	913	738.768	802.936	51	4
5	914	745.582	796.122	51	4
6	915	873.348	1170.901	89	4
6	916	863.505	1189.451	89	4
6	917	874.483	1196.265	89	4
6	918	885.84	1203.458	89	4
6	919	900.226	1206.487	89	4
6	920	899.469	1214.058	89	4
6	921	883.19	1204.215	86	4
6	922	885.84	1208.379	86	4
6	923	898.333	1211.408	86	4
6	924	881.676	1197.022	92	4
6	925	880.919	1186.044	92	4
6	926	874.862	1181.123	94	4
6	927	865.019	1172.794	94	4
6	928	868.805	1171.28	94	4
6	929	873.348	1178.851	97	4
6	930	866.155	1167.873	97	4
6	931	865.398	1167.116	100	4
6	932	852.148	1164.087	102	4
6	933	841.548	1151.595	102	4
6	934	862.369	1150.459	102	4
6	935	845.334	1142.509	102	4
6	936	849.498	1139.481	102	4
6	937	858.962	1131.152	102	4
6	938	865.019	1135.695	102	4
6	939	843.82	1141.752	105	4
6	940	843.82	1149.702	105	4
6	941	854.041	1144.023	105	4
6	942	860.098	1154.245	105	4
6	943	815.806	1142.509	103	3
6	944	823.377	1144.402	103	3
6	945	831.327	1148.945	109	1
6	946	824.513	1133.045	109	1
6	947	813.913	1149.323	106	1
6	948	846.848	1105.41	104	1
6	949	842.684	1110.331	104	1
6	950	846.848	1116.01	104	1
6	951	853.662	1116.767	104	1
6	952	858.584	1111.467	104	1
6	953	842.684	1100.11	101	1
6	954	855.934	1096.324	101	1
6	955	856.691	1110.71	101	1
6	956	836.627	1112.602	98	1
6	957	854.041	1116.388	98	1
6	958	859.719	1114.117	98	1
6	959	842.306	1118.659	98	1
6	960	852.148	1125.852	95	1
6	961	845.713	1091.403	95	1
6	962	858.205	1100.11	95	1
6	963	849.498	1121.688	93	1
6	964	852.148	1101.624	93	1
6	965	857.827	1100.867	93	1
6	966	836.248	1132.288	96	1
6	967	834.356	1125.474	96	1
6	968	819.213	1161.059	96	1
6	969	835.491	1156.895	93	1
6	970	819.97	1123.581	93	1
6	971	826.406	1118.659	93	1
6	972	816.563	1130.774	93	1
6	973	830.949	1121.688	91	1
6	974	825.649	1128.502	91	1
6	975	819.97	1132.288	91	1
6	976	897.197	1117.145	107	1
6	977	893.79	1124.338	107	1
6	978	899.09	1126.231	107	1
6	979	893.033	1111.088	107	1
6	980	905.147	1124.338	104	1
6	981	896.062	1102.381	104	1
6	982	902.497	1122.824	101	1
6	983	899.469	1120.174	101	1
6	984	899.09	1112.981	101	1
6	985	896.062	1137.966	94	1
6	986	907.419	1151.216	94	1
6	987	909.311	1157.273	97	1
6	988	912.34	1148.945	97	1
6	989	895.305	1134.938	97	1
6	990	901.362	1135.316	97	1
6	991	907.797	1136.073	97	1
6	992	891.897	1167.873	97	1
6	993	885.462	1166.359	97	1
6	994	885.84	1170.901	100	1
6	995	882.812	1161.059	100	1
6	996	892.655	1166.359	100	1
6	997	911.961	1151.973	100	1
6	998	886.598	1157.652	103	1
6	999	892.655	1153.487	103	1
6	1000	893.412	1166.359	103	1
6	1001	891.14	1162.194	105	1
6	1002	882.812	1164.466	105	1
6	1003	890.005	1153.866	105	1
6	1004	902.876	1149.702	105	1
6	1005	888.869	1138.345	109	4
6	1006	891.14	1157.273	109	4
6	1007	898.712	1164.466	109	4
6	1008	902.119	1159.166	109	4
6	1009	905.526	1148.945	109	4
6	1010	903.633	1174.309	109	4
6	1011	890.762	1161.816	112	4
6	1012	899.469	1162.952	112	4
6	1013	909.311	1173.93	112	4
6	1014	897.197	1187.18	112	4
6	1015	892.276	1192.858	112	4
6	1016	900.604	1166.737	115	4
6	1017	907.797	1175.066	115	4
6	1018	897.576	1193.994	115	4
6	1019	904.39	1179.987	119	4
6	1020	899.469	1182.637	119	4
6	1021	886.598	1184.53	119	4
6	1022	879.026	1179.608	119	4
6	1023	885.083	1170.523	119	4
6	1024	891.14	1171.28	119	4
6	1025	840.034	1193.994	97	4
6	1026	834.356	1205.351	97	4
6	1027	830.191	1202.322	97	4
6	1028	832.084	1195.13	97	4
6	1029	829.056	1187.937	97	4
6	1030	827.163	1183.773	97	4
6	1031	845.334	1190.587	97	4
6	1032	852.527	1209.136	100	4
6	1033	858.962	1211.408	100	4
6	1034	854.42	1205.351	100	4
6	1035	856.691	1197.779	100	4
6	1036	860.477	1192.858	100	4
6	1037	865.398	1199.672	100	4
6	1038	863.127	1211.786	103	4
6	1039	866.534	1202.322	103	4
6	1040	842.684	1212.544	103	4
6	1041	856.312	1198.537	103	4
6	1042	851.391	1209.136	106	4
6	1043	861.612	1209.515	106	4
6	1044	859.341	1212.922	115	4
6	1045	856.312	1203.837	115	4
6	1046	850.634	1203.079	115	4
6	1047	844.955	1192.858	115	4
6	1048	860.477	1200.429	115	4
6	1049	865.019	1198.915	115	3
6	1050	871.455	1201.944	115	3
6	1051	872.212	1211.029	115	4
6	1052	863.884	1212.544	118	4
6	1053	858.205	1217.465	118	4
6	1054	871.834	1202.322	118	4
6	1055	869.941	1205.729	121	4
6	1056	859.719	1210.272	121	4
6	1057	847.227	1204.594	121	4
6	1058	865.398	1200.808	121	4
6	1059	853.284	1200.808	121	4
6	1060	857.448	1197.401	121	4
6	1061	854.041	1190.965	121	4
6	1062	845.713	1191.723	121	4
6	1063	826.784	1192.48	107	4
6	1064	854.041	1211.029	107	4
6	1065	861.612	1209.136	107	4
6	1066	827.163	1166.737	107	4
6	1067	827.92	1184.151	100	4
6	1068	830.949	1186.044	102	4
6	1069	832.841	1181.88	115	4
6	1070	829.813	1174.309	115	4
6	1071	841.927	1175.066	115	4
6	1072	827.163	1186.801	111	4
6	1073	834.734	1164.087	108	4
6	1074	825.649	1165.223	108	4
6	1075	897.197	1151.595	112	4
6	1076	981.617	1256.836	76	4
6	1077	979.724	1249.643	76	4
6	1078	983.51	1236.393	76	4
6	1079	979.724	1257.971	80	4
6	1080	988.81	1260.243	80	4
6	1081	982.374	1229.579	80	2
6	1082	962.689	1218.222	80	2
6	1083	968.746	1214.058	80	1
6	1084	980.103	1225.793	83	1
6	1085	964.203	1226.172	83	1
6	1086	950.575	1279.928	80	1
6	1087	925.59	1248.886	80	1
6	1088	915.747	1250.4	80	1
6	1089	952.468	1278.414	83	1
6	1090	961.932	1267.057	83	1
6	1091	916.126	1251.914	83	1
6	1092	915.747	1246.614	83	1
6	1093	923.318	1241.693	83	3
6	1094	912.719	1259.486	86	3
6	1095	913.854	1249.264	86	3
6	1096	1003.952	1253.807	87	3
6	1097	996.76	1262.136	91	3
6	1098	916.504	1242.829	89	3
6	1099	1000.167	1262.136	89	3
6	1100	1003.952	1257.593	89	3
6	1101	854.798	1245.479	71	3
6	1102	856.312	1256.079	71	3
6	1103	855.555	1245.857	74	3
6	1104	835.491	1255.7	80	3
6	1105	833.599	1232.986	86	3
6	1106	836.248	1241.314	86	3
6	1107	820.727	1239.422	86	3
6	1108	826.027	1243.207	83	3
6	1109	830.57	1231.472	83	3
6	1110	836.248	1236.772	83	3
6	1111	836.248	1240.557	83	3
6	1112	846.47	1248.129	83	3
6	1113	823.377	1244.343	81	3
6	1114	824.134	1234.5	81	3
6	1115	830.949	1232.608	81	3
6	1116	835.113	1236.772	81	3
6	1117	839.656	1241.314	81	3
6	1118	821.484	1239.043	79	3
6	1119	825.27	1235.257	79	3
6	1120	834.734	1240.936	79	3
6	1121	832.463	1233.743	79	3
6	1122	829.056	1226.172	79	3
6	1123	823.377	1225.415	79	3
6	1124	815.427	1226.172	79	3
6	1125	823.377	1230.715	77	3
6	1126	826.784	1225.415	77	3
6	1127	849.877	1256.079	78	3
6	1128	854.42	1245.857	78	3
6	1129	829.813	1253.807	78	3
6	1130	846.091	1251.536	81	3
6	1131	837.006	1258.729	82	3
6	1132	828.677	1258.35	82	3
6	1133	825.27	1264.785	82	3
6	1134	816.942	1265.921	82	3
6	1135	813.535	1273.871	82	3
6	1136	804.071	1274.25	82	3
6	1137	808.613	1281.064	82	3
6	1138	832.463	1276.521	82	3
6	1139	826.784	1286.364	82	3
6	1140	815.806	1278.414	85	3
6	1141	834.356	1287.499	80	3
6	1142	822.62	1281.064	80	3
6	1143	811.642	1285.228	80	3
6	1144	807.099	1277.657	80	3
6	1145	811.263	1271.221	80	3
6	1146	824.134	1267.814	80	3
6	1147	827.163	1265.921	80	3
6	1148	826.406	1281.442	77	3
6	1149	815.806	1266.3	77	3
6	1150	808.992	1262.514	77	3
6	1151	904.39	1216.329	91	3
6	1152	913.854	1223.143	93	3
6	1153	897.197	1230.336	93	3
6	1154	896.819	1240.179	93	3
6	1155	893.79	1223.143	93	3
6	1156	909.69	1214.815	93	3
6	1157	894.169	1223.9	96	3
6	1158	902.876	1210.651	96	3
6	1159	911.204	1217.465	96	3
6	1160	896.062	1237.15	96	3
6	1161	902.497	1243.207	96	3
6	1162	882.812	1251.914	98	3
6	1163	881.298	1259.107	98	3
6	1164	881.298	1251.914	100	3
6	1165	877.133	1259.486	100	3
6	1166	885.84	1263.65	100	3
6	1167	891.897	1261	100	3
6	1168	878.648	1240.557	103	3
6	1169	886.219	1243.207	103	3
6	1170	885.84	1259.107	103	3
6	1171	880.919	1264.028	103	3
6	1172	875.241	1265.543	103	3
6	1173	878.648	1268.571	106	3
6	1174	886.976	1244.343	106	3
6	1175	869.562	1262.893	108	3
6	1176	873.726	1251.536	108	3
6	1177	866.912	1245.1	111	3
6	1178	930.132	1217.465	90	3
6	1179	942.247	1220.872	90	3
6	1180	943.761	1211.408	90	3
6	1181	941.868	1211.408	92	3
6	1182	945.275	1204.215	92	3
6	1183	966.475	1238.664	102	3
6	1184	979.346	1238.286	102	3
6	1185	986.539	1226.172	102	3
6	1186	983.889	1218.222	102	3
6	1187	969.882	1212.165	102	3
6	1188	960.418	1213.301	102	3
6	1189	960.039	1229.579	102	3
6	1190	954.361	1227.308	100	3
6	1191	959.66	1215.194	100	3
6	1192	956.253	1220.493	100	3
6	1193	965.717	1251.157	89	3
6	1194	960.039	1241.314	89	3
6	1195	952.089	1246.236	89	3
6	1196	948.682	1236.772	89	3
6	1197	957.389	1240.936	91	3
6	1198	948.304	1243.965	87	3
6	1199	941.111	1228.443	94	4
6	1200	938.461	1237.907	94	4
6	1201	931.647	1234.122	94	4
6	1202	925.59	1238.286	94	4
6	1203	931.647	1236.393	97	4
6	1204	939.218	1228.822	97	4
6	1205	933.918	1232.986	98	4
6	1206	860.477	1182.258	105	3
6	1207	853.284	1180.744	107	3
6	1208	846.47	1183.394	107	3
6	1209	850.634	1191.723	107	3
6	1210	863.884	1188.694	107	3
6	1211	848.741	1182.637	110	3
6	1212	852.905	1177.716	110	3
6	1213	860.477	1170.901	110	3
6	1214	873.726	1188.315	110	3
6	1215	862.748	1192.101	110	3
6	1216	856.691	1173.93	108	3
6	1217	849.12	1181.501	108	3
6	1218	841.17	1186.801	108	3
6	1219	860.098	1177.716	115	3
6	1220	865.398	1169.766	115	3
6	1221	884.705	1185.665	116	3
6	1222	886.976	1186.801	113	3
6	1223	871.455	1140.238	97	3
6	1224	874.105	1147.052	100	3
6	1225	852.527	1142.509	100	3
6	1226	856.312	1131.152	100	3
6	1227	868.048	1155.38	100	3
6	1228	957.957	1036.889	60	1
6	1229	950.764	1042.189	60	1
6	1230	942.814	1044.082	60	1
6	1231	953.414	1046.354	55	1
6	1232	948.114	1053.168	55	1
6	1233	940.164	1055.818	55	1
6	1234	934.486	1056.196	55	1
6	1235	926.915	1047.868	55	1
6	1236	925.022	1044.461	55	1
6	1237	925.4	1035.375	55	1
6	1238	931.457	1025.911	55	1
6	1239	963.257	1009.633	55	1
6	1240	947.357	1004.333	55	1
6	1241	943.571	1055.061	50	1
6	1242	946.979	1049.382	50	1
6	1243	950.764	1046.732	50	1
6	1244	952.278	1041.811	50	1
6	1245	945.464	1041.054	50	1
6	1246	941.3	1042.946	50	1
6	1247	939.029	1049.004	50	1
6	1248	933.729	1052.032	50	1
6	1249	926.536	1047.868	50	1
6	1250	925.022	1041.811	50	1
6	1251	930.322	1041.432	50	1
6	1252	932.593	1044.839	50	1
6	1253	929.943	1034.618	50	1
6	1254	937.136	1039.161	50	1
6	1255	937.136	1031.589	50	1
6	1256	943.95	1028.561	50	1
6	1257	933.35	1048.625	47	1
6	1258	934.865	1040.675	47	1
6	1259	942.436	1042.946	47	1
6	1260	941.679	1050.896	47	1
6	1261	1008.685	1024.775	60	1
6	1262	1013.227	1030.454	57	1
6	1263	1007.927	1020.99	57	1
6	1264	1017.391	996.383	57	1
6	1265	1010.577	999.79	54	1
6	1266	946.979	1005.469	54	1
6	1267	940.543	1005.09	51	1
6	1268	937.136	995.626	51	1
7	1269	801.231	1023.829	84	4
7	1270	801.231	1069.825	84	4
7	1271	800.663	1078.342	84	4
7	1272	775.11	1056.764	84	4
7	1273	781.357	1082.885	80	4
7	1274	789.874	1090.267	80	4
7	1275	794.417	1082.317	80	4
7	1276	799.528	1076.071	80	4
7	1277	806.342	1073.232	80	4
7	1278	806.342	1059.035	80	4
7	1279	813.156	1053.357	80	4
7	1280	819.402	1042.568	80	4
7	1281	778.517	1094.242	77	4
7	1282	789.874	1086.86	77	4
7	1283	801.231	1073.232	77	4
7	1284	801.231	1059.035	77	4
7	1285	790.442	1060.739	77	4
7	1286	797.824	1048.246	77	4
7	1287	806.342	1043.136	77	4
7	1288	816.563	1039.729	77	4
7	1289	807.478	1033.482	77	4
7	1290	585.45	1048.436	73	4
7	1291	574.85	1045.029	73	4
7	1292	593.778	1030.643	73	4
7	1293	579.393	1023.072	73	4
7	1294	587.721	1050.707	77	4
7	1295	595.671	1032.536	77	4
7	1296	595.671	1026.1	83	3
7	1297	580.15	1006.794	70	3
7	1298	578.636	999.222	70	3
7	1299	577.121	988.622	70	3
7	1300	571.443	995.437	70	3
7	1301	572.2	1007.172	74	3
7	1302	574.093	997.329	74	3
7	1303	578.636	989.001	74	3
7	1304	579.771	1027.615	74	3
7	1305	580.528	1020.043	74	3
7	1306	561.6	1050.707	86	3
7	1307	568.414	1043.136	86	3
7	1308	567.279	1043.893	82	3
7	1309	559.329	1048.436	82	3
7	1310	568.793	1044.271	75	3
7	1311	527.529	1027.993	69	3
7	1312	534.343	1032.914	69	3
7	1313	541.158	1029.129	69	3
7	1314	525.258	1043.136	69	3
7	1315	533.965	1031.022	73	3
7	1316	527.529	1051.843	73	3
7	1317	592.264	1009.822	56	3
7	1318	588.857	1005.658	56	3
7	1319	554.407	1061.685	86	1
7	1320	562.357	1071.15	86	1
7	1321	568.414	1069.257	83	1
7	1322	566.9	1063.2	83	1
7	1323	573.336	1055.25	83	1
7	1324	580.907	1060.171	83	1
7	1325	582.043	1105.22	75	1
7	1326	589.235	1100.299	75	1
7	1327	588.857	1090.078	75	1
7	1328	578.257	1099.542	78	1
7	1329	572.578	1097.649	78	1
7	1330	591.507	1098.028	78	1
7	1331	591.885	1090.456	78	1
7	1332	587.721	1095.756	81	1
7	1333	585.071	1090.835	81	1
7	1334	586.207	1083.264	81	1
7	1335	579.014	1093.106	81	1
7	1336	573.336	1091.971	81	1
7	1337	581.664	1057.143	86	1
7	1338	555.165	1030.265	82	1
7	1339	542.672	1035.186	78	1
7	1340	559.707	1055.628	77	1
7	1341	548.729	1059.414	77	1
7	1342	562.736	1099.542	65	1
7	1343	579.014	1078.721	65	1
7	1344	558.572	1105.22	68	1
7	1345	553.272	1101.813	68	1
7	1346	581.664	1066.985	68	1
7	1347	558.95	1102.949	72	1
7	1348	508.98	1030.265	64	1
7	1349	510.873	1027.615	69	1
7	1350	540.401	1021.936	75	1
7	1351	537.372	1017.393	75	1
7	1352	538.886	1010.579	75	1
7	1353	529.044	1033.293	75	1
7	1354	516.551	1051.086	75	1
7	1355	513.901	1068.878	71	1
7	1356	589.992	993.922	84	1
7	1357	585.071	999.979	84	1
7	1358	578.257	997.708	84	1
7	1359	573.714	987.865	84	1
7	1360	581.664	981.051	84	1
7	1361	588.478	985.594	84	1
7	1362	588.478	1000.736	81	1
7	1363	594.157	995.437	81	1
7	1364	596.428	988.622	81	1
7	1365	594.914	982.944	81	1
7	1366	586.585	981.43	81	1
7	1367	578.257	1008.308	77	1
7	1368	603.621	994.301	77	1
7	1369	611.571	996.572	77	1
7	1370	597.564	987.487	77	1
7	1371	599.078	979.915	77	1
7	1372	604.756	979.915	77	1
7	1373	588.478	983.322	77	1
7	1374	585.828	978.023	77	1
7	1375	555.543	1004.901	77	1
7	1376	613.463	995.815	74	1
7	1377	596.049	979.158	72	1
7	1378	591.507	971.587	72	1
7	1379	579.771	968.18	72	1
7	1380	580.907	976.13	72	1
7	1381	582.421	972.723	68	1
7	1382	574.471	967.044	68	1
7	1383	568.414	965.908	68	1
7	1384	579.393	959.094	68	1
7	1385	571.064	958.716	68	1
7	1386	581.285	974.994	64	1
7	1387	577.878	962.501	64	1
7	1388	555.922	959.094	64	1
7	1389	549.107	963.259	64	1
7	1390	546.079	996.572	57	1
7	1391	539.643	982.565	57	1
7	1392	556.679	985.215	62	1
7	1393	554.786	993.165	62	1
7	1394	569.55	999.601	74	1
7	1395	570.686	1019.286	68	1
7	1396	565.386	1015.501	68	1
7	1397	562.357	1009.443	68	1
7	1398	553.272	1009.443	68	1
7	1399	550.622	1015.501	73	1
7	1400	547.215	1010.958	73	1
7	1401	547.972	1001.494	73	1
7	1402	568.414	999.222	73	1
7	1403	606.271	1043.514	56	1
7	1404	589.235	1035.564	56	1
7	1405	610.056	1033.293	56	1
7	1406	611.949	1031.4	60	1
7	1407	602.107	1007.929	60	1
7	1408	591.507	1011.336	60	1
7	1409	582.421	1038.593	66	1
7	1410	619.52	1013.229	66	1
7	1411	612.328	995.815	66	1
7	1412	605.135	992.787	66	1
7	1413	600.214	994.679	66	1
7	1414	593.021	1001.494	66	1
7	1415	619.52	995.815	69	1
7	1416	635.42	990.515	69	1
7	1417	627.092	998.465	74	1
7	1418	631.256	991.651	74	1
7	1419	541.158	1049.571	66	3
7	1420	546.079	1048.436	66	3
7	1421	534.722	1035.564	66	3
7	1422	541.158	1032.157	66	3
7	1423	549.107	1033.293	70	3
7	1424	553.272	1056.007	73	3
7	1425	561.222	1037.079	79	3
7	1426	658.891	1043.514	59	1
7	1427	644.127	1046.164	59	1
7	1428	655.105	1046.921	62	1
7	1429	636.556	1059.793	62	1
7	1430	646.02	1063.2	66	1
7	1431	644.506	1055.25	66	1
7	1432	642.234	1026.1	66	1
7	1433	650.563	1022.693	66	1
7	1434	652.834	1006.036	66	1
7	1435	582.61	1046.543	57	1
7	1436	586.018	960.798	60	1
7	1437	589.425	978.969	60	1
7	1438	589.425	972.155	60	1
8	1439	602.485	755.237	139	4
8	1440	612.706	750.126	139	4
8	1441	617.249	760.916	139	4
8	1442	620.088	770.001	139	4
8	1443	605.892	764.89	142	4
8	1444	600.782	758.644	142	4
8	1445	627.47	768.865	142	4
8	1446	621.224	771.705	142	4
8	1447	631.445	759.78	142	4
8	1448	607.028	757.508	145	4
8	1449	622.36	751.83	145	4
8	1450	628.606	762.619	145	4
8	1451	618.953	769.433	145	4
8	1452	611.571	773.408	145	4
8	1453	611.571	784.765	145	4
8	1454	620.088	787.037	145	4
8	1455	622.928	793.283	148	4
8	1456	617.817	785.333	148	4
8	1457	621.224	773.408	148	4
8	1458	612.706	773.976	148	4
8	1459	614.978	760.916	148	4
8	1460	626.335	791.011	150	4
8	1461	632.581	794.419	153	4
8	1462	622.928	793.851	153	4
8	1463	615.546	790.444	155	4
8	1464	625.767	796.122	155	4
8	1465	608.164	793.283	158	4
8	1466	621.224	795.554	158	4
8	1467	624.631	788.172	158	4
8	1468	613.842	797.258	161	4
8	1469	609.867	788.172	161	4
8	1470	621.792	790.444	161	4
8	1471	630.31	784.197	161	4
8	1472	632.013	786.469	163	3
8	1473	619.52	789.876	163	3
8	1474	605.324	784.765	163	3
8	1475	612.138	784.197	163	3
8	1476	630.877	791.579	166	3
8	1477	639.963	787.037	166	3
8	1478	667.22	808.047	150	4
8	1479	668.923	795.554	152	4
8	1480	662.677	808.047	152	4
8	1481	665.516	820.54	152	4
8	1482	685.391	808.615	152	4
8	1483	670.059	818.836	155	4
8	1484	679.712	810.318	155	4
8	1485	685.391	819.404	155	4
8	1486	651.888	794.986	152	4
8	1487	663.245	786.469	152	4
8	1488	669.491	798.393	154	4
8	1489	511.63	779.087	137	4
8	1490	499.137	782.494	137	4
8	1491	503.112	773.408	137	4
8	1492	509.358	768.298	137	4
8	1493	492.323	768.865	137	4
8	1494	513.144	776.437	140	4
8	1495	509.358	768.865	140	4
8	1496	493.08	771.894	145	4
8	1497	488.159	781.737	145	4
8	1498	501.03	762.808	145	4
8	1499	494.594	759.401	142	4
8	1500	501.03	760.158	142	4
8	1501	495.73	762.808	139	4
8	1502	488.159	758.266	139	4
8	1503	483.994	775.68	139	4
8	1504	507.844	760.537	149	4
8	1505	505.194	750.316	149	4
8	1506	513.144	749.937	149	4
8	1507	524.122	755.616	149	4
8	1508	522.608	745.773	149	4
8	1509	513.144	742.744	149	4
8	1510	501.408	761.673	152	4
8	1511	518.065	747.287	152	4
8	1512	527.151	748.801	152	4
8	1513	500.651	746.909	152	4
8	1514	507.465	739.716	152	4
8	1515	501.787	734.416	152	4
8	1516	513.522	760.537	155	4
8	1517	508.98	756.373	155	4
8	1518	504.058	747.666	155	4
8	1519	523.744	755.994	155	4
8	1520	525.258	749.559	155	4
8	1521	534.722	757.13	155	4
8	1522	535.479	765.08	155	4
8	1523	536.615	763.944	158	4
8	1524	533.965	755.616	158	4
8	1525	534.722	759.401	161	4
8	1526	555.922	757.508	154	3
8	1527	547.972	749.18	154	3
8	1528	559.329	748.423	154	3
8	1529	552.893	754.48	152	3
8	1530	560.464	743.88	152	3
8	1531	536.615	754.859	150	3
8	1532	476.802	770.001	144	4
8	1533	468.473	775.301	144	4
8	1534	459.388	775.301	144	4
8	1535	450.681	773.787	143	4
8	1536	448.409	782.872	140	4
8	1537	457.116	780.601	140	4
8	1538	445.002	773.03	140	4
8	1539	451.059	763.565	140	4
8	1540	458.631	756.373	140	4
8	1541	470.366	760.916	140	4
8	1542	464.688	772.273	140	4
8	1543	473.016	771.137	140	4
8	1544	480.966	774.922	140	4
8	1545	441.217	788.929	137	4
8	1546	446.517	779.465	137	4
8	1547	441.217	771.515	137	4
8	1548	450.302	763.187	137	4
8	1549	459.009	764.701	137	4
8	1550	462.795	775.301	137	4
8	1551	457.116	779.844	137	4
8	1552	453.331	786.658	137	4
8	1553	453.709	763.565	134	4
8	1554	461.281	770.758	134	4
8	1555	460.145	784.387	134	4
8	1556	440.838	781.358	134	4
8	1557	438.567	789.308	134	4
8	1558	445.381	794.986	134	4
8	1559	441.217	801.043	134	4
8	1560	431.374	797.636	134	4
8	1561	430.995	806.722	134	4
8	1562	448.409	795.744	131	4
8	1563	430.617	810.129	131	4
8	1564	456.738	785.522	131	4
8	1565	453.709	777.194	131	4
8	1566	445.002	787.037	128	4
8	1567	452.952	779.087	128	4
8	1568	595.482	844.957	133	4
8	1569	591.696	852.15	133	4
8	1570	600.024	853.285	133	4
8	1571	593.589	861.992	133	4
8	1572	582.989	860.857	133	4
8	1573	603.053	865.399	133	4
8	1574	587.153	851.393	135	4
8	1575	589.425	860.478	135	4
8	1576	596.617	860.1	135	4
8	1577	599.267	852.15	135	4
8	1578	593.21	846.471	135	4
8	1579	596.617	856.314	137	4
8	1580	594.346	860.478	131	4
8	1581	595.103	867.292	131	4
8	1582	632.581	872.971	131	4
8	1583	626.902	865.021	131	4
8	1584	614.41	865.021	131	4
8	1585	635.609	874.864	129	4
8	1586	645.831	867.671	129	4
8	1587	628.038	863.885	129	4
8	1588	620.467	871.457	129	4
8	1589	614.031	861.992	129	4
8	1590	618.953	862.371	129	4
8	1591	616.303	869.942	129	4
8	1592	602.674	866.914	129	4
8	1593	609.11	875.242	129	4
8	1594	596.617	869.942	127	4
8	1595	601.539	857.45	127	4
8	1596	602.674	866.914	127	4
8	1597	611.003	871.078	127	4
8	1598	616.681	878.649	127	4
8	1599	620.088	870.699	127	4
8	1600	629.552	871.078	127	4
8	1601	620.088	864.642	127	4
8	1602	614.788	857.828	127	4
8	1603	626.145	861.614	127	4
8	1604	617.817	877.892	125	4
8	1605	625.388	871.835	125	4
8	1606	623.874	868.049	125	4
8	1607	617.817	871.078	123	4
8	1608	608.731	863.128	123	4
8	1609	612.517	868.428	121	4
8	1610	597.374	847.607	121	4
8	1611	596.617	861.235	121	4
8	1612	599.646	856.314	124	4
8	1613	597.753	863.128	124	4
8	1614	597.374	871.078	124	4
8	1615	599.646	879.406	124	4
8	1616	590.182	879.028	124	4
8	1617	580.718	886.221	124	4
8	1618	589.425	878.649	127	4
8	1619	583.368	884.706	127	4
8	1620	588.667	880.164	129	4
8	1621	578.068	877.135	129	4
8	1622	595.103	890.385	131	4
8	1623	592.832	882.813	131	4
8	1624	600.403	899.849	129	4
8	1625	582.989	902.877	129	4
8	1626	573.525	889.628	129	4
8	1627	573.903	893.413	126	4
8	1628	576.553	898.335	126	4
8	1629	581.475	901.742	126	4
8	1630	573.903	899.092	123	4
8	1631	609.867	877.892	122	4
8	1632	598.889	872.592	122	4
8	1633	568.604	891.142	128	4
8	1634	578.446	899.092	128	4
8	1635	584.882	909.692	128	4
8	1636	596.617	896.82	128	4
8	1637	531.126	902.499	133	4
8	1638	537.94	904.77	133	4
8	1639	551.947	905.149	133	4
8	1640	530.747	908.556	130	4
8	1641	538.318	906.285	130	4
8	1642	538.697	896.063	130	4
8	1643	548.918	895.306	130	4
8	1644	544.754	906.285	130	4
8	1645	551.19	906.285	130	4
8	1646	558.004	904.392	130	4
8	1647	562.168	899.849	130	4
8	1648	570.496	888.871	130	4
8	1649	526.583	914.613	128	4
8	1650	532.261	905.527	128	4
8	1651	537.183	898.713	128	4
8	1652	542.104	907.799	128	4
8	1653	550.432	905.906	128	4
8	1654	558.004	904.013	128	4
8	1655	545.511	897.956	128	4
8	1656	536.804	900.227	126	4
9	1657	387.839	1007.361	117	4
9	1658	387.461	1026.668	117	4
9	1659	396.546	1033.861	117	4
9	1660	393.518	1034.997	119	4
9	1661	409.039	1039.918	119	4
9	1662	399.575	1045.218	119	4
9	1663	415.096	1040.675	119	4
9	1664	402.982	1046.354	121	4
9	1665	410.174	1041.432	121	4
9	1666	414.717	1036.132	121	4
9	1667	420.396	1022.504	121	4
9	1668	403.739	1047.111	123	4
9	1669	414.339	1036.889	123	4
9	1670	418.503	1026.29	123	4
9	1671	417.746	1017.961	123	4
9	1672	408.66	1012.661	123	4
9	1673	388.218	1036.889	123	4
9	1674	396.168	1044.082	126	4
9	1675	412.067	1033.104	126	4
9	1676	416.61	1020.611	126	4
9	1677	407.146	1019.854	126	4
9	1678	401.467	1027.804	126	4
9	1679	385.189	1034.239	126	4
9	1680	396.925	1034.997	129	4
9	1681	403.36	1027.425	129	4
9	1682	412.067	1033.861	129	4
9	1683	419.26	1040.297	129	4
9	1684	408.66	1050.896	129	4
9	1685	398.817	1048.625	131	4
9	1686	392.382	1033.104	131	4
9	1687	410.174	1032.347	131	4
9	1688	422.667	1038.782	131	4
9	1689	411.31	1033.104	133	4
9	1690	416.61	1032.347	133	4
9	1691	422.667	1035.375	133	4
9	1692	426.453	1044.839	133	4
9	1693	435.917	1046.354	133	4
9	1694	410.932	1032.347	135	4
9	1695	415.853	1030.454	135	4
9	1696	429.481	1045.218	135	4
9	1697	429.86	1053.546	135	4
9	1698	440.838	1058.468	135	4
9	1699	416.61	1073.989	135	4
9	1700	418.881	1072.096	137	4
9	1701	413.203	1046.732	137	4
9	1702	418.124	1034.239	137	4
9	1703	430.238	1053.546	137	4
9	1704	438.188	1058.846	137	4
9	1705	415.474	1074.367	139	4
9	1706	421.91	1066.796	139	4
9	1707	411.31	1074.746	141	4
9	1708	419.26	1066.796	141	4
9	1709	429.86	1064.146	141	4
9	1710	434.403	1072.853	141	4
9	1711	410.553	1061.875	144	4
9	1712	415.853	1056.196	144	4
9	1713	407.524	1061.118	147	4
9	1714	410.932	1054.303	147	4
9	1715	419.26	1047.868	150	4
9	1716	386.325	1052.789	150	4
9	1717	416.989	1056.575	150	4
9	1718	420.017	1029.318	157	1
9	1719	424.938	1034.997	160	1
9	1720	435.917	1017.583	162	1
9	1721	411.499	1014.365	160	8
9	1722	486.834	1030.643	113	4
9	1723	512.955	1026.857	113	4
9	1724	502.733	1009.065	113	4
9	1725	494.026	1001.872	113	4
9	1726	471.691	1013.986	110	4
9	1727	489.484	1021.179	110	4
9	1728	483.427	1021.558	108	4
9	1729	500.462	1008.308	110	4
9	1730	512.197	1010.201	110	4
9	1731	510.683	1006.415	107	4
9	1732	514.469	1015.501	107	4
9	1733	508.79	1018.15	105	4
9	1734	522.797	1044.271	104	4
9	1735	526.583	1029.507	104	4
9	1736	511.819	1030.643	104	4
9	1737	511.062	1026.857	108	4
9	1738	504.626	1026.479	108	4
9	1739	497.812	1023.45	108	4
9	1740	483.805	982.565	117	3
9	1741	494.405	975.373	117	3
9	1742	501.219	967.801	117	3
9	1743	511.062	970.073	117	3
9	1744	519.012	975.751	117	3
9	1745	486.077	980.294	120	3
9	1746	489.484	973.48	120	3
9	1747	500.083	973.858	120	3
9	1748	499.705	967.423	120	3
9	1749	508.79	970.073	120	3
9	1750	481.155	982.187	123	3
9	1751	489.862	974.994	123	3
9	1752	511.819	973.101	124	1
9	1753	511.44	967.044	124	1
9	1754	532.64	967.044	124	1
9	1755	531.883	962.88	124	1
9	1756	516.74	958.337	124	1
9	1757	526.204	977.644	124	1
9	1758	523.176	976.13	114	1
9	1759	517.876	977.644	114	1
9	1760	521.662	992.787	114	1
9	1761	537.561	990.515	114	1
9	1762	543.997	974.616	114	1
9	1763	545.133	988.622	117	1
9	1764	542.483	973.48	117	1
9	1765	549.297	977.265	117	1
9	1766	523.176	958.716	117	1
9	1767	528.476	961.744	117	1
9	1768	525.447	980.294	121	1
9	1769	511.819	968.18	121	1
9	1770	526.204	956.066	119	1
9	1771	531.504	960.609	119	1
9	1772	528.476	981.808	119	1
9	1773	496.298	945.466	113	1
9	1774	490.619	946.223	113	1
9	1775	478.127	933.352	117	1
9	1776	492.891	943.573	117	3
9	1777	492.891	952.28	117	3
9	1778	481.534	954.93	117	3
9	1779	498.569	957.201	111	3
9	1780	501.219	957.959	106	3
9	1781	490.998	946.602	105	3
9	1782	512.197	987.865	110	1
9	1783	498.569	981.43	110	1
9	1784	537.183	964.773	102	1
9	1785	524.69	953.416	106	1
9	1786	529.233	952.659	106	1
9	1787	533.019	959.094	106	1
9	1788	411.689	1112.981	117	4
9	1789	421.91	1120.552	117	4
9	1790	412.824	1109.952	115	4
9	1791	420.396	1117.902	115	4
9	1792	412.446	1108.438	113	4
9	1793	421.153	1119.038	113	4
9	1794	408.66	1110.331	110	4
9	1795	415.096	1106.924	110	4
9	1796	421.91	1108.817	110	4
9	1797	421.153	1106.545	107	4
9	1798	413.581	1111.088	107	4
9	1799	407.903	1113.36	107	4
9	1800	406.767	1108.06	105	4
9	1801	412.067	1117.902	105	4
9	1802	423.803	1097.838	104	4
9	1803	421.531	1091.781	104	4
9	1804	413.203	1089.889	102	4
9	1805	402.982	1082.696	102	4
9	1806	398.439	1075.882	102	4
9	1807	406.389	1080.803	99	4
9	1808	396.925	1075.882	99	4
9	1809	388.596	1100.11	95	4
9	1810	395.41	1095.188	95	4
9	1811	403.739	1095.188	95	4
9	1812	387.461	1097.838	98	4
9	1813	396.546	1092.917	98	4
9	1814	410.174	1090.646	98	4
9	1815	415.474	1087.996	101	4
9	1816	413.203	1095.946	101	4
9	1817	433.645	1063.389	98	4
9	1818	422.667	1056.575	98	4
9	1819	413.203	1050.896	98	3
9	1820	404.496	1044.839	98	3
9	1821	395.032	1042.946	98	3
9	1822	414.339	1034.997	98	3
9	1823	401.657	1027.804	95	3
9	1824	416.421	1034.618	95	3
9	1825	425.506	1053.168	92	3
9	1826	420.963	1059.982	92	3
9	1827	423.992	1052.789	95	3
9	1828	434.97	1066.796	95	3
9	1829	409.607	1038.025	103	3
9	1830	422.856	1042.189	102	3
9	1831	413.771	1044.839	102	3
9	1832	394.464	1039.918	99	3
9	1833	414.906	1034.239	99	3
9	1834	408.471	1041.054	95	1
9	1835	430.806	1028.561	89	3
9	1836	448.22	1029.318	88	3
9	1837	428.913	1028.182	88	3
9	1838	420.585	1122.067	106	4
9	1839	424.749	1131.909	103	4
9	1840	429.67	1144.402	103	4
9	1841	419.26	1130.963	100	4
9	1842	429.103	1135.884	100	4
9	1843	427.21	1144.213	100	4
9	1844	451.722	1121.783	116	4
9	1845	453.709	1129.449	116	4
9	1846	468.189	1133.991	116	4
9	1847	448.315	1134.843	119	4
9	1848	450.586	1116.388	119	4
9	1849	457.4	1123.486	119	4
9	1850	455.413	1144.78	121	4
9	1851	478.411	1133.14	121	4
9	1852	478.978	1139.954	121	4
9	1853	460.24	1141.657	124	4
9	1854	453.141	1130.868	124	4
9	1855	464.498	1135.695	126	4
9	1856	476.139	1133.991	126	4
9	1857	476.139	1140.522	125	4
9	1858	469.609	1149.323	125	4
9	1859	464.782	1150.459	122	4
9	1860	471.029	1158.693	122	4
9	1861	473.868	1146.2	122	4
9	1862	472.732	1162.952	114	4
9	1863	484.657	1164.087	114	4
9	1864	473.3	1155.286	114	4
9	1865	482.669	1156.705	114	4
9	1866	483.805	1151.027	114	4
9	1867	482.953	1145.064	114	4
9	1868	471.313	1163.235	117	4
9	1869	471.029	1156.989	117	4
9	1870	467.905	1144.78	117	4
9	1871	482.102	1145.916	117	4
9	1872	474.436	1172.889	120	4
9	1873	471.029	1161.816	120	4
9	1874	504.815	1154.434	112	4
9	1875	499.137	1161.816	112	4
9	1876	497.433	1167.778	115	4
9	1877	507.087	1162.668	115	4
9	1878	509.642	1151.311	115	4
9	1879	505.383	1143.929	115	4
9	1880	495.446	1144.78	115	4
9	1881	485.225	1147.336	115	4
9	1882	476.423	1148.755	115	4
9	1883	495.162	1142.793	117	4
9	1884	502.26	1144.213	117	4
9	1885	510.778	1146.2	117	4
9	1886	500.273	1168.346	117	4
9	1887	494.026	1169.198	117	4
9	1888	489.484	1172.605	117	4
9	1889	501.408	1145.348	120	4
9	1890	499.989	1168.062	120	4
9	1891	494.594	1168.346	120	4
9	1892	488.916	1169.198	120	4
9	1893	486.36	1156.137	120	4
9	1894	494.878	1155.002	120	4
9	1895	498.569	1161.248	120	4
9	1896	487.78	1155.286	122	4
9	1897	492.607	1157.841	122	4
9	1898	494.31	1141.941	113	4
9	1899	523.838	1151.311	115	4
9	1900	522.419	1136.831	115	4
9	1901	538.602	1134.559	115	4
9	1902	548.824	1130.868	115	4
9	1903	525.542	1148.188	117	4
9	1904	524.69	1134.559	117	4
9	1905	530.652	1140.238	117	4
9	1906	537.467	1139.954	117	4
9	1907	535.763	1130.868	117	4
9	1908	544.849	1134.559	117	4
9	1909	472.637	1212.733	118	4
9	1910	482.291	1206.865	118	4
9	1911	480.209	1200.619	118	4
9	1912	483.048	1197.401	118	4
9	1913	484.562	1190.397	118	4
9	1914	466.391	1215.572	115	4
9	1915	464.12	1206.676	115	4
9	1916	464.12	1199.294	115	4
9	1917	472.637	1215.951	115	4
9	1918	477.937	1211.408	115	4
9	1919	480.209	1207.622	115	4
9	1920	463.552	1222.765	112	4
9	1921	467.338	1217.844	112	4
9	1922	467.338	1212.354	112	4
9	1923	464.688	1207.622	112	4
9	1924	478.695	1213.301	112	4
9	1925	479.641	1221.44	112	4
9	1926	478.505	1226.55	112	4
9	1927	461.091	1225.226	109	4
9	1928	467.527	1223.9	109	4
9	1929	478.127	1221.44	109	4
9	1930	480.398	1228.065	109	4
9	1931	470.555	1233.365	107	4
9	1932	473.962	1227.686	107	4
9	1933	465.823	1228.443	107	4
9	1934	450.87	1228.443	109	4
9	1935	471.123	1235.447	114	4
9	1936	468.095	1225.793	114	4
9	1937	475.855	1225.793	114	4
9	1938	476.802	1212.922	118	4
10	1939	548.918	1082.885	169	1
10	1940	550.811	1073.042	169	1
10	1941	540.59	1076.449	169	1
10	1942	536.426	1063.2	169	1
10	1943	522.797	1064.335	169	1
10	1944	534.154	1040.864	169	1
10	1945	530.369	1049.95	169	1
10	1946	520.904	1061.307	166	1
10	1947	522.419	1056.007	166	1
10	1948	540.59	1048.814	166	1
10	1949	519.769	1049.571	166	1
10	1950	550.811	1067.364	166	1
10	1951	540.968	1061.307	166	1
10	1952	542.104	1062.064	163	1
10	1953	544.754	1077.964	163	1
10	1954	553.461	1068.878	163	1
10	1955	565.954	1062.064	163	1
10	1956	562.547	1077.585	163	1
10	1957	568.982	1076.828	163	1
10	1958	582.232	1066.228	163	1
10	1959	562.925	1077.207	160	1
10	1960	556.111	1076.828	160	1
10	1961	570.118	1076.449	160	1
10	1962	549.297	1065.85	160	1
10	1963	581.853	1067.742	160	1
10	1964	576.553	1062.064	160	1
10	1965	575.418	1057.143	160	1
10	1966	566.332	1065.471	157	1
10	1967	582.61	1070.014	157	1
10	1968	582.989	1051.086	157	1
10	1969	577.689	1046.921	157	1
10	1970	568.604	1051.843	157	1
10	1971	563.304	1067.364	153	1
10	1972	572.389	1068.121	153	1
10	1973	578.446	1066.228	153	1
10	1974	551.947	1040.864	163	1
10	1975	556.489	1042.379	163	1
10	1976	546.647	1045.029	163	1
10	1977	548.54	1051.464	163	1
10	1978	557.247	1040.864	159	1
10	1979	552.704	1037.836	159	1
10	1980	545.89	1048.436	159	1
10	1981	545.511	1074.178	169	1
10	1982	547.404	1034.807	156	1
10	1983	546.268	1029.129	156	1
10	1984	556.868	1028.75	156	1
10	1985	540.968	1034.05	151	1
10	1986	548.161	1041.243	151	1
10	1987	551.19	1027.615	151	1
10	1988	550.054	1040.486	148	1
10	1989	526.204	1068.121	130	1
10	1990	518.633	1069.257	130	1
10	1991	512.955	1066.607	130	1
10	1992	517.497	1071.907	137	1
10	1993	524.312	1070.771	137	1
10	1994	520.904	1080.614	137	1
10	1995	534.533	1080.992	137	1
10	1996	523.176	1079.099	140	1
10	1997	529.99	1093.485	140	1
10	1998	537.94	1087.049	140	1
10	1999	534.533	1080.614	140	1
10	2000	528.097	1090.835	144	1
10	2001	531.883	1083.264	144	1
10	2002	525.447	1079.478	144	1
10	2003	536.804	1078.721	144	1
10	2004	530.369	1086.292	146	1
10	2005	537.561	1086.671	146	1
10	2006	543.24	1088.185	146	1
10	2007	548.54	1077.964	151	1
10	2008	540.59	1079.099	151	1
10	2009	544.754	1068.121	151	1
10	2010	538.697	1072.664	151	1
10	2011	542.483	1062.443	147	1
10	2012	548.918	1058.278	147	1
10	2013	554.597	1054.871	147	1
10	2014	561.789	1058.278	147	1
10	2015	565.196	1065.85	147	1
10	2016	564.061	1073.042	147	1
10	2017	559.897	1076.449	147	1
10	2018	556.111	1079.857	147	1
10	2019	518.633	1014.365	153	1
10	2020	527.719	1010.958	153	1
10	2021	525.826	1029.886	153	1
10	2022	536.426	1038.214	153	1
10	2023	521.662	1046.543	153	1
10	2024	528.097	1010.579	149	1
10	2025	536.804	1015.501	149	1
10	2026	533.397	1035.186	142	1
10	2027	534.154	1027.993	142	1
10	2028	542.104	1035.186	142	1
10	2029	523.554	1035.564	142	1
10	2030	526.961	1039.729	142	1
10	2031	548.161	1023.072	145	1
10	2032	551.568	1038.214	145	1
10	2033	531.504	1021.936	138	1
10	2034	539.454	1022.693	138	1
10	2035	540.968	1030.643	138	1
10	2036	503.491	1015.501	148	1
10	2037	506.519	1021.936	143	1
10	2038	504.626	1036.322	143	1
10	2039	508.79	1022.315	138	1
10	2040	503.491	1032.914	138	1
10	2041	539.833	1035.186	135	1
10	2042	554.597	1034.807	135	1
10	2043	559.897	1046.543	133	1
10	2044	557.247	1054.114	133	1
10	2045	557.247	1046.921	136	1
10	2046	506.519	1068.5	151	1
10	2047	510.305	1088.564	154	1
10	2048	516.362	1075.314	154	1
10	2049	500.462	1081.749	157	1
10	2050	512.576	1078.342	157	1
10	2051	497.055	1078.342	160	1
10	2052	503.491	1092.349	160	1
10	2053	510.683	1094.242	160	1
10	2054	517.497	1091.213	160	1
10	2055	535.668	1073.042	160	1
10	2056	531.504	1084.778	163	1
10	2057	550.054	1108.249	168	1
10	2058	533.776	1124.527	168	1
10	2059	561.032	1115.063	168	1
10	2060	560.654	1106.735	168	1
10	2061	539.833	1118.092	168	1
10	2062	560.654	1098.785	164	1
10	2063	566.332	1160.869	164	1
10	2064	571.632	1154.812	164	1
10	2065	577.689	1156.327	164	1
10	2066	562.168	1142.32	164	1
10	2067	565.196	1162.762	161	1
10	2068	581.475	1157.841	161	1
10	2069	579.203	1155.948	159	1
10	2070	572.011	1137.398	159	1
10	2071	568.604	1143.077	159	1
10	2072	559.518	1141.941	159	1
10	2073	573.146	1140.806	156	1
10	2074	577.311	1154.055	156	1
10	2075	545.511	1177.526	150	1
10	2076	553.461	1180.933	150	1
10	2077	543.24	1179.041	153	1
10	2078	558.382	1181.312	157	1
10	2079	559.139	1168.441	157	1
10	2080	537.94	1174.498	162	1
10	2081	550.054	1179.798	162	1
10	2082	521.662	1182.826	162	1
10	2083	514.847	1169.198	162	1
10	2084	515.983	1169.955	159	1
10	2085	530.369	1187.369	158	1
10	2086	506.519	1158.977	156	1
10	2087	508.79	1166.169	156	3
10	2088	499.705	1164.655	156	3
10	2089	494.784	1170.334	156	3
10	2090	506.519	1172.984	156	3
10	2091	500.083	1176.012	156	3
10	2092	508.412	1178.283	156	3
10	2093	497.812	1184.719	156	3
10	2094	498.569	1186.233	151	3
10	2095	494.784	1174.498	151	3
10	2096	487.591	1177.148	151	3
10	2097	511.44	1154.812	151	3
10	2098	508.033	1149.891	151	3
10	2099	499.326	1144.97	151	3
10	2100	515.605	1168.441	151	3
10	2101	505.383	1154.055	148	3
10	2102	498.191	1146.105	148	3
10	2103	491.376	1150.27	148	3
10	2104	493.648	1158.219	148	3
10	2105	464.12	1169.576	131	3
10	2106	464.12	1179.419	131	3
10	2107	458.82	1178.662	134	3
10	2108	459.198	1179.041	136	3
10	2109	460.713	1161.627	136	3
10	2110	456.17	1166.926	136	3
10	2111	468.284	1148.188	135	3
10	2112	472.827	1139.102	135	3
10	2113	480.398	1142.888	135	3
10	2114	478.127	1145.916	138	3
10	2115	526.583	1150.459	133	3
10	2116	532.64	1175.066	133	3
10	2117	492.891	1192.101	136	3
10	2118	481.534	1191.344	136	3
10	2119	483.805	1186.801	136	3
10	2120	497.433	1191.344	139	3
10	2121	490.998	1193.615	139	3
10	2122	497.055	1189.83	142	3
10	2123	473.584	1193.237	139	3
10	2124	476.991	1200.051	139	3
10	2125	480.777	1206.108	139	3
10	2126	485.319	1209.894	143	3
10	2127	490.241	1204.594	143	3
10	2128	491.376	1197.779	143	3
10	2129	476.612	1199.672	146	3
10	2130	476.991	1209.515	146	3
10	2131	483.805	1208.379	146	3
10	2132	473.205	1175.444	146	3
10	2133	475.477	1184.53	146	3
10	2134	483.805	1162.573	149	3
10	2135	490.619	1177.337	149	3
10	2136	520.147	1203.837	140	3
10	2137	501.598	1212.922	143	3
10	2138	512.955	1202.701	143	3
10	2139	524.312	1203.079	143	3
10	2140	520.147	1220.872	143	3
10	2141	501.219	1226.55	146	3
10	2142	528.854	1220.115	146	3
10	2143	498.948	1206.108	146	3
10	2144	498.948	1222.386	149	3
10	2145	517.119	1142.131	161	3
10	2146	519.769	1138.723	158	3
10	2147	514.847	1144.023	158	3
10	2148	508.79	1147.809	158	3
10	2149	497.812	1137.588	158	3
10	2150	518.633	1136.452	155	3
10	2151	515.983	1142.131	155	3
10	2152	500.462	1128.502	155	3
10	2153	520.904	1125.852	155	3
10	2154	501.976	1135.695	153	3
10	2155	501.976	1123.581	150	3
10	2156	520.147	1135.695	150	3
10	2157	503.491	1157.652	132	3
10	2158	501.598	1145.159	132	3
10	2159	507.276	1141.752	132	3
10	2160	508.79	1151.216	138	3
10	2161	494.784	1140.616	138	3
10	2162	500.462	1134.938	138	3
10	2163	544.375	1159.923	139	3
10	2164	517.497	1164.466	139	3
10	2165	529.611	1184.53	146	3
10	2166	537.183	1200.808	143	3
10	2167	475.477	1200.808	144	3
10	2168	518.255	1194.372	154	3
10	2169	525.447	1155.38	131	3
10	2170	551.19	1103.138	165	3
10	2171	552.325	1106.545	147	3
10	2172	566.711	1117.902	150	3
10	2173	545.89	1097.838	150	3
10	2174	542.483	1092.16	152	3
10	2175	551.568	1089.889	152	3
10	2176	530.369	1097.838	152	3
10	2177	557.247	1100.867	155	3
10	2178	534.154	1092.538	155	3
10	2179	544.375	1086.103	155	3
10	2180	522.797	1102.003	159	3
10	2181	527.34	1095.946	159	3
10	2182	550.811	1108.06	159	3
10	2183	550.432	1099.731	159	3
10	2184	547.025	1091.403	159	3
10	2185	541.347	1099.731	162	3
10	2186	541.347	1122.067	162	3
10	2187	554.786	1109.006	162	3
10	2188	542.293	1132.098	149	3
10	2189	548.729	1132.856	149	3
10	2190	552.515	1136.263	152	3
10	2191	548.35	1130.963	152	3
10	2192	536.236	1136.641	155	3
10	2193	538.886	1144.213	155	3
10	2194	541.915	1154.434	155	3
10	2195	540.022	1143.834	157	3
10	2196	536.236	1157.462	159	3
10	2197	543.808	1157.841	152	3
10	2198	538.886	1136.263	154	3
10	2199	541.915	1120.742	161	3
10	2200	554.407	1107.113	161	3
10	2201	543.05	1120.363	158	3
10	2202	540.022	1114.685	158	3
10	2203	532.072	1114.306	158	3
10	2204	543.429	1115.82	155	3
10	2205	533.586	1118.849	155	3
10	2206	520.715	1119.984	159	3
10	2207	515.794	1122.634	156	3
10	2208	525.258	1124.527	154	3
10	2209	528.665	1071.528	164	3
10	2210	536.236	1061.685	164	3
10	2211	526.772	1056.007	164	3
10	2212	516.551	1067.364	160	3
10	2213	521.094	1059.793	160	3
10	2214	532.072	1059.035	160	3
10	2215	530.179	1070.771	160	3
10	2216	519.579	1063.957	158	3
10	2217	530.179	1066.985	158	3
10	2218	527.908	1049.95	158	3
10	2219	529.422	1049.571	155	3
10	2220	535.479	1062.064	155	3
10	2221	542.672	1046.543	155	3
10	2222	546.079	1062.821	155	3
10	2223	555.922	1055.628	155	3
10	2224	534.343	1064.714	152	3
10	2225	525.637	1059.035	152	3
10	2226	516.551	1061.307	152	3
10	2227	530.936	1048.057	152	3
10	2228	540.401	1045.407	152	3
10	2229	540.022	1053.736	152	3
10	2230	556.3	1056.764	152	3
10	2231	516.172	1062.064	150	3
10	2232	523.365	1058.657	150	3
10	2233	536.615	1054.114	150	3
10	2234	592.264	1177.526	128	3
10	2235	590.371	1172.226	128	3
10	2236	597.185	1161.627	128	3
10	2237	603.999	1156.327	128	3
10	2238	612.328	1148.377	128	3
10	2239	617.628	1162.005	128	3
10	2240	609.678	1169.198	128	3
10	2241	603.621	1171.848	130	3
10	2242	611.949	1153.677	130	3
10	2243	613.463	1159.734	132	3
10	2244	591.507	1133.991	128	3
10	2245	593.778	1135.506	127	3
10	2246	594.535	1136.641	130	3
10	2247	564.629	1103.706	134	3
10	2248	574.85	1107.113	134	3
10	2249	574.85	1098.028	134	3
10	2250	574.85	1088.564	134	3
10	2251	562.736	1091.213	134	3
10	2252	574.471	1095.378	131	3
10	2253	575.228	1088.942	131	3
10	2254	586.585	1089.321	131	3
10	2255	575.986	1091.592	129	3
10	2256	528.286	1059.035	144	3
10	2257	536.615	1057.143	144	3
10	2258	528.286	1065.471	141	3
10	2259	524.879	1056.764	141	3
10	2260	540.022	1051.464	141	3
10	2261	540.401	1062.821	141	3
10	2262	527.151	1057.521	138	3
10	2263	516.93	1051.843	138	3
10	2264	536.615	1052.6	138	3
10	2265	527.908	1059.414	135	3
10	2266	527.908	1047.679	135	3
10	2267	598.321	1079.857	132	3
10	2268	598.699	1078.721	135	3
10	2269	568.793	1104.085	136	4
10	2270	560.086	1107.87	136	4
10	2271	557.057	1128.691	136	4
10	2272	558.193	1105.978	138	4
10	2273	559.329	1127.556	138	4
10	2274	552.515	1112.413	140	4
10	2275	569.171	1122.634	140	4
10	2276	562.357	1126.041	140	4
10	2277	557.436	1128.691	140	4
10	2278	550.243	1131.341	140	4
10	2279	548.729	1122.634	143	4
10	2280	546.079	1113.17	143	4
10	2281	554.786	1114.306	143	4
10	2282	560.464	1129.07	143	4
10	2283	596.049	1109.763	149	3
10	2284	603.242	1112.413	149	3
10	2285	613.463	1109.763	149	3
10	2286	614.221	1122.634	149	3
10	2287	595.671	1107.87	151	3
10	2288	600.592	1096.892	151	3
10	2289	608.164	1103.706	151	3
10	2290	609.678	1112.792	151	3
10	2291	613.842	1123.013	151	3
10	2292	625.956	1116.577	151	3
10	2293	605.135	1129.07	153	3
10	2294	614.599	1126.799	153	3
10	2295	621.035	1112.413	153	3
10	2296	612.328	1113.927	153	3
10	2297	515.794	1166.169	135	3
10	2298	517.308	1165.034	137	3
10	2299	486.266	1160.112	137	3
10	2300	482.859	1166.926	137	3
10	2301	484.752	1167.684	139	3
10	2302	488.159	1180.176	139	3
10	2303	486.266	1174.876	141	3
10	2304	491.566	1168.062	141	3
10	2305	511.251	1174.498	141	3
10	2306	511.251	1183.205	145	3
10	2307	489.294	1171.469	145	3
10	2308	512.008	1168.062	145	3
10	2309	522.229	1150.27	145	3
10	2310	520.715	1159.355	145	3
10	2311	507.087	1161.627	146	3
10	2312	524.501	1147.62	146	3
10	2313	512.008	1174.119	148	3
10	2314	514.658	1116.199	159	3
10	2315	505.951	1200.997	146	3
10	2316	513.901	1195.697	146	3
10	2317	520.715	1193.047	146	3
10	2318	512.765	1169.198	146	3
10	2319	512.765	1180.933	146	3
10	2320	524.122	1193.047	150	3
10	2321	614.978	1147.241	122	1
10	2322	620.278	1149.513	125	1
10	2323	620.656	1169.576	125	1
10	2324	632.013	1177.148	128	1
10	2325	627.849	1181.312	132	1
10	2326	589.235	1202.89	127	1
10	2327	598.699	1203.269	124	1
10	2328	597.564	1198.347	124	1
10	2329	597.185	1193.805	124	1
10	2330	600.214	1091.592	151	1
10	2331	600.971	1084.399	151	1
10	2332	627.849	1108.249	151	1
10	2333	566.521	1054.493	154	1
10	2334	569.55	1045.407	154	1
10	2335	581.285	1046.921	154	1
10	2336	582.8	1056.764	154	1
10	2337	515.983	1042	159	1
