   1.1000000e+01   5.9000000e+01   4.3665700e+02   5.2503900e+02   1.8200000e+02   4.0000000e+00   6.5900000e+02
   1.1000000e+01   6.0000000e+01   4.4148300e+02   5.1879100e+02   1.8400000e+02   4.0000000e+00   6.5900000e+02
   1.1000000e+01   5.5000000e+01   4.5425900e+02   5.3526100e+02   1.7400000e+02   4.0000000e+00   6.6000000e+02
   1.1000000e+01   5.6000000e+01   4.6220900e+02   5.3355700e+02   1.8000000e+02   4.0000000e+00   6.6500000e+02
   1.1000000e+01   5.7000000e+01   4.6192500e+02   5.2787800e+02   1.8000000e+02   4.0000000e+00   6.6500000e+02
   1.1000000e+01   5.8000000e+01   4.4602600e+02   5.2759400e+02   1.8200000e+02   4.0000000e+00   6.6500000e+02
   1.1000000e+01   6.1000000e+01   4.5908600e+02   5.3696500e+02   1.9400000e+02   4.0000000e+00   6.6500000e+02
   1.2000000e+01   6.2000000e+01   4.1962200e+02   2.4534000e+02   1.3800000e+02   4.0000000e+00   7.6000000e+02
   1.2000000e+01   6.3000000e+01   4.2189300e+02   2.5158700e+02   1.3800000e+02   4.0000000e+00   7.6000000e+02
   1.2000000e+01   7.0000000e+01   4.2870700e+02   2.3426500e+02   1.5800000e+02   4.0000000e+00   7.7400000e+02
   1.2000000e+01   7.1000000e+01   4.2728800e+02   2.2319100e+02   1.5800000e+02   4.0000000e+00   7.7400000e+02
   1.2000000e+01   7.2000000e+01   4.2615200e+02   2.2375900e+02   1.6400000e+02   4.0000000e+00   7.7400000e+02
   1.2000000e+01   7.3000000e+01   4.2274500e+02   2.3369800e+02   1.6400000e+02   4.0000000e+00   7.7400000e+02
   1.2000000e+01   6.4000000e+01   4.3410200e+02   2.1154900e+02   1.5000000e+02   4.0000000e+00   7.7500000e+02
   1.2000000e+01   6.5000000e+01   4.4261900e+02   1.9422700e+02   1.5200000e+02   4.0000000e+00   7.7500000e+02
   1.2000000e+01   6.6000000e+01   4.4574200e+02   1.8996800e+02   1.6000000e+02   4.0000000e+00   7.7600000e+02
   1.2000000e+01   6.7000000e+01   4.3608900e+02   1.8258500e+02   1.5600000e+02   4.0000000e+00   7.7600000e+02
   1.2000000e+01   6.8000000e+01   4.3296600e+02   1.8769600e+02   1.5800000e+02   4.0000000e+00   7.7600000e+02
   1.2000000e+01   6.9000000e+01   4.3154700e+02   1.8854800e+02   1.6200000e+02   4.0000000e+00   7.7600000e+02
   5.0000000e+00   1.1420000e+03   8.7047500e+02   2.6010600e+02   1.4600000e+02   5.0000000e+00   1.6260000e+03
   5.0000000e+00   1.1430000e+03   8.7672100e+02   2.6805600e+02   1.4600000e+02   5.0000000e+00   1.6260000e+03
   5.0000000e+00   1.1440000e+03   8.9489100e+02   2.7316800e+02   1.4600000e+02   5.0000000e+00   1.6260000e+03
   3.0000000e+00   5.1300000e+02   1.1240080e+03   6.4657300e+02   1.2600000e+02   4.0000000e+00   1.2040000e+03
   3.0000000e+00   5.1400000e+02   1.1157750e+03   6.3777000e+02   1.2600000e+02   4.0000000e+00   1.2040000e+03
   3.0000000e+00   5.1500000e+02   1.1137870e+03   6.3265900e+02   1.2600000e+02   4.0000000e+00   1.2040000e+03
   3.0000000e+00   5.1600000e+02   1.1333770e+03   6.4089300e+02   1.2600000e+02   4.0000000e+00   1.2040000e+03
   3.0000000e+00   5.1800000e+02   1.1254280e+03   6.2925100e+02   1.2600000e+02   4.0000000e+00   1.2040000e+03
   3.0000000e+00   5.1700000e+02   1.1401910e+03   6.2669600e+02   1.2600000e+02   4.0000000e+00   1.2040000e+03
   3.0000000e+00   5.1900000e+02   1.1461530e+03   6.2726400e+02   1.2000000e+02   4.0000000e+00   1.2040000e+03
   3.0000000e+00   5.1100000e+02   1.0853960e+03   6.3237500e+02   1.2000000e+02   4.0000000e+00   1.2110000e+03
   3.0000000e+00   5.1200000e+02   1.0848280e+03   6.2158400e+02   1.2000000e+02   4.0000000e+00   1.2110000e+03
   3.0000000e+00   4.9700000e+02   1.0995920e+03   6.3180700e+02   5.0000000e+01   1.0000000e+00   1.2220000e+03
   3.0000000e+00   4.9800000e+02   1.0888030e+03   6.3833800e+02   5.2000000e+01   1.0000000e+00   1.2220000e+03
   3.0000000e+00   5.2600000e+02   9.1098000e+02   7.4946000e+02   1.9400000e+02   1.0000000e+00   1.3140000e+03
   3.0000000e+00   5.2700000e+02   8.9621600e+02   7.3355800e+02   1.9400000e+02   1.0000000e+00   1.3140000e+03
   3.0000000e+00   5.2800000e+02   9.4391300e+02   7.3090800e+02   1.9400000e+02   1.0000000e+00   1.3140000e+03
   3.0000000e+00   5.2900000e+02   9.4429200e+02   7.1917100e+02   1.9400000e+02   1.0000000e+00   1.3140000e+03
   3.0000000e+00   5.3000000e+02   9.3785700e+02   7.2863700e+02   1.8800000e+02   1.0000000e+00   1.3140000e+03
   3.0000000e+00   5.3100000e+02   9.3974900e+02   7.1311300e+02   1.8800000e+02   1.0000000e+00   1.3140000e+03
   3.0000000e+00   5.3200000e+02   9.2612200e+02   7.8542800e+02   1.9800000e+02   1.0000000e+00   1.3170000e+03
   3.0000000e+00   5.3300000e+02   9.1438600e+02   7.9451500e+02   1.9800000e+02   1.0000000e+00   1.3170000e+03
   3.0000000e+00   5.3400000e+02   9.1135800e+02   7.8807800e+02   1.9800000e+02   1.0000000e+00   1.3170000e+03
   3.0000000e+00   5.3500000e+02   9.1249400e+02   7.8505000e+02   1.8800000e+02   1.0000000e+00   1.3170000e+03
   3.0000000e+00   5.2000000e+02   9.2460700e+02   7.3053000e+02   2.2400000e+02   1.0000000e+00   1.3250000e+03
   3.0000000e+00   5.2100000e+02   9.1287200e+02   7.3015100e+02   2.2400000e+02   1.0000000e+00   1.3250000e+03
   3.0000000e+00   5.2200000e+02   9.1627900e+02   7.4983900e+02   2.2400000e+02   1.0000000e+00   1.3250000e+03
   3.0000000e+00   5.2300000e+02   9.2460700e+02   7.4453800e+02   2.2400000e+02   1.0000000e+00   1.3250000e+03
   3.0000000e+00   5.2400000e+02   9.2271500e+02   7.1462800e+02   2.1200000e+02   1.0000000e+00   1.3250000e+03
   3.0000000e+00   5.2500000e+02   9.1060100e+02   7.1349200e+02   2.1200000e+02   1.0000000e+00   1.3250000e+03
   3.0000000e+00   5.4000000e+02   9.9312500e+02   7.0516300e+02   1.6600000e+02   3.0000000e+00   2.1370000e+03
   3.0000000e+00   5.4100000e+02   1.0018310e+03   7.0364800e+02   1.6200000e+02   3.0000000e+00   2.1370000e+03
   3.0000000e+00   5.4200000e+02   9.9388200e+02   7.0705600e+02   1.5800000e+02   3.0000000e+00   2.1370000e+03
   3.0000000e+00   5.4300000e+02   9.8025400e+02   7.2182200e+02   1.6000000e+02   3.0000000e+00   2.1370000e+03
   3.0000000e+00   5.4400000e+02   9.8290400e+02   7.2068600e+02   1.5400000e+02   3.0000000e+00   2.1370000e+03
   3.0000000e+00   5.3600000e+02   9.3861400e+02   7.1424900e+02   1.6600000e+02   1.0000000e+00   2.1390000e+03
   3.0000000e+00   5.3700000e+02   9.2839300e+02   7.1690000e+02   1.6200000e+02   1.0000000e+00   2.1390000e+03
   3.0000000e+00   5.3800000e+02   9.4202100e+02   7.0175500e+02   1.6200000e+02   1.0000000e+00   2.1390000e+03
   3.0000000e+00   5.3900000e+02   9.3634200e+02   7.0251200e+02   1.5200000e+02   1.0000000e+00   2.1390000e+03
   3.0000000e+00   5.4500000e+02   9.1098000e+02   7.4605300e+02   1.5000000e+02   3.0000000e+00   2.1390000e+03
   3.0000000e+00   5.4600000e+02   9.0795100e+02   7.2636500e+02   1.5000000e+02   1.0000000e+00   2.1390000e+03
   3.0000000e+00   5.4700000e+02   8.9735200e+02   7.3355800e+02   1.4000000e+02   1.0000000e+00   2.1390000e+03
   3.0000000e+00   5.4800000e+02   9.5981200e+02   7.2863700e+02   1.4600000e+02   3.0000000e+00   2.1390000e+03
   3.0000000e+00   5.4900000e+02   9.6814100e+02   7.2598600e+02   1.4000000e+02   1.0000000e+00   2.1390000e+03
   3.0000000e+00   5.5000000e+02   1.0514210e+03   7.9224300e+02   1.8600000e+02   1.0000000e+00   2.1440000e+03
   3.0000000e+00   5.5100000e+02   1.0396860e+03   7.8732100e+02   1.8600000e+02   1.0000000e+00   2.1440000e+03
   3.0000000e+00   5.5200000e+02   1.0408220e+03   8.0246600e+02   1.8600000e+02   1.0000000e+00   2.1440000e+03
   3.0000000e+00   5.5300000e+02   1.0306010e+03   7.5854700e+02   1.8600000e+02   1.0000000e+00   2.1440000e+03
   3.0000000e+00   5.5400000e+02   1.0359010e+03   8.0738800e+02   1.8000000e+02   1.0000000e+00   2.1440000e+03
   3.0000000e+00   5.5500000e+02   1.0336300e+03   8.1306700e+02   1.7400000e+02   1.0000000e+00   2.1440000e+03
   3.0000000e+00   5.5600000e+02   1.0559640e+03   7.8618500e+02   1.7000000e+02   1.0000000e+00   2.1440000e+03
   3.0000000e+00   5.5700000e+02   1.0430930e+03   8.1723100e+02   1.7000000e+02   1.0000000e+00   2.1440000e+03
   3.0000000e+00   5.5800000e+02   1.0533140e+03   7.8164200e+02   1.6200000e+02   1.0000000e+00   2.1440000e+03
   3.0000000e+00   5.5900000e+02   1.0442290e+03   7.6801200e+02   1.8000000e+02   1.0000000e+00   2.1440000e+03
   3.0000000e+00   5.6000000e+02   1.0377940e+03   7.5816800e+02   1.6800000e+02   1.0000000e+00   2.1440000e+03
   3.0000000e+00   5.6100000e+02   1.0355220e+03   7.7066200e+02   1.6800000e+02   1.0000000e+00   2.1440000e+03
   3.0000000e+00   5.6200000e+02   1.0279510e+03   7.5779000e+02   1.6400000e+02   1.0000000e+00   2.1440000e+03
   3.0000000e+00   5.6300000e+02   9.2082200e+02   7.9905800e+02   1.5400000e+02   1.0000000e+00   2.1480000e+03
   3.0000000e+00   5.6400000e+02   9.2612200e+02   7.7293400e+02   1.5400000e+02   1.0000000e+00   2.1480000e+03
   3.0000000e+00   5.6500000e+02   9.0870800e+02   7.7747700e+02   1.5400000e+02   1.0000000e+00   2.1480000e+03
   3.0000000e+00   5.6600000e+02   9.2536400e+02   8.0019400e+02   1.4600000e+02   1.0000000e+00   2.1480000e+03
   3.0000000e+00   5.6700000e+02   9.0757300e+02   7.9943700e+02   1.4000000e+02   1.0000000e+00   2.1480000e+03
   3.0000000e+00   5.6800000e+02   9.0946500e+02   7.9224300e+02   1.4000000e+02   1.0000000e+00   2.1480000e+03
   3.0000000e+00   5.6900000e+02   9.2915000e+02   7.8429200e+02   1.4200000e+02   1.0000000e+00   2.1480000e+03
   3.0000000e+00   5.7000000e+02   9.1362900e+02   7.6763300e+02   1.4200000e+02   1.0000000e+00   2.1480000e+03
   3.0000000e+00   5.7100000e+02   9.1400800e+02   8.0095100e+02   1.2800000e+02   1.0000000e+00   2.1480000e+03
   3.0000000e+00   5.7200000e+02   9.1287200e+02   8.0511600e+02   1.0800000e+02   1.0000000e+00   2.1480000e+03
   3.0000000e+00   5.7300000e+02   9.1855000e+02   7.9110700e+02   1.0800000e+02   1.0000000e+00   2.1480000e+03
   3.0000000e+00   5.7400000e+02   9.3634200e+02   8.1117400e+02   1.2600000e+02   1.0000000e+00   2.1480000e+03
   3.0000000e+00   5.7500000e+02   9.2385000e+02   8.2404600e+02   1.1200000e+02   1.0000000e+00   2.1480000e+03
   3.0000000e+00   5.7600000e+02   9.3142100e+02   8.1231000e+02   1.1200000e+02   1.0000000e+00   2.1480000e+03
   3.0000000e+00   5.7700000e+02   9.7230500e+02   7.4983900e+02   1.2400000e+02   1.0000000e+00   2.1480000e+03
   3.0000000e+00   5.7800000e+02   9.8252500e+02   7.8429200e+02   1.2400000e+02   1.0000000e+00   2.1480000e+03
   3.0000000e+00   5.7900000e+02   9.8214700e+02   7.5703200e+02   1.1600000e+02   1.0000000e+00   2.1480000e+03
   3.0000000e+00   5.8000000e+02   9.6965500e+02   7.4681000e+02   1.1600000e+02   1.0000000e+00   2.1480000e+03
   3.0000000e+00   5.8100000e+02   9.6549100e+02   7.5097500e+02   1.1000000e+02   1.0000000e+00   2.1480000e+03
   3.0000000e+00   5.8200000e+02   9.8858200e+02   7.7937000e+02   1.1800000e+02   1.0000000e+00   2.1480000e+03
   3.0000000e+00   5.8300000e+02   9.8139000e+02   7.9300000e+02   1.1800000e+02   1.0000000e+00   2.1480000e+03
   3.0000000e+00   5.8400000e+02   9.8782500e+02   7.8997200e+02   1.0800000e+02   1.0000000e+00   2.1480000e+03
   3.0000000e+00   5.8500000e+02   9.7533300e+02   7.9110700e+02   1.0000000e+02   1.0000000e+00   2.1480000e+03
   3.0000000e+00   5.8600000e+02   9.3899200e+02   7.9110700e+02   1.1400000e+02   1.0000000e+00   2.1480000e+03
   3.0000000e+00   5.8700000e+02   9.3331400e+02   7.6233300e+02   1.1400000e+02   1.0000000e+00   2.1480000e+03
   3.0000000e+00   5.8800000e+02   9.2915000e+02   7.6876900e+02   9.8000000e+01   1.0000000e+00   2.1480000e+03
   3.0000000e+00   5.8900000e+02   9.3369300e+02   7.6271200e+02   9.8000000e+01   1.0000000e+00   2.1480000e+03
   3.0000000e+00   5.9000000e+02   9.4391300e+02   7.8807800e+02   9.8000000e+01   1.0000000e+00   2.1480000e+03
   3.0000000e+00   5.9100000e+02   9.3596400e+02   7.8315700e+02   9.8000000e+01   1.0000000e+00   2.1480000e+03
   3.0000000e+00   5.9200000e+02   9.2157900e+02   7.7747700e+02   1.3400000e+02   1.0000000e+00   2.1480000e+03
   9.0000000e+00   6.5700000e+02   9.2801400e+02   1.7283600e+02   2.2600000e+02   1.0000000e+00   2.0210000e+03
   9.0000000e+00   6.5800000e+02   9.2309300e+02   1.6791400e+02   2.2000000e+02   1.0000000e+00   2.0210000e+03
   9.0000000e+00   6.4400000e+02   8.8892900e+02   3.0269900e+02   2.0200000e+02   1.0000000e+00   2.0310000e+03
   9.0000000e+00   6.4500000e+02   8.9858200e+02   3.0071200e+02   2.0200000e+02   1.0000000e+00   2.0310000e+03
   9.0000000e+00   6.2500000e+02   8.9489100e+02   2.8850100e+02   1.8200000e+02   1.0000000e+00   2.0320000e+03
   9.0000000e+00   6.2700000e+02   8.4946500e+02   2.7913100e+02   1.8600000e+02   1.0000000e+00   2.0340000e+03
   9.0000000e+00   6.2800000e+02   8.5088500e+02   2.7345200e+02   1.8600000e+02   1.0000000e+00   2.0340000e+03
   9.0000000e+00   6.2900000e+02   8.5542700e+02   2.6890800e+02   1.8600000e+02   1.0000000e+00   2.0340000e+03
   9.0000000e+00   6.3000000e+02   8.6110600e+02   2.6521700e+02   1.8600000e+02   1.0000000e+00   2.0340000e+03
   9.0000000e+00   6.3100000e+02   8.5486000e+02   2.5953800e+02   1.8600000e+02   1.0000000e+00   2.0340000e+03
   9.0000000e+00   6.3600000e+02   8.4549000e+02   2.5414300e+02   1.9600000e+02   1.0000000e+00   2.0340000e+03
   9.0000000e+00   6.3700000e+02   8.5145300e+02   2.4846300e+02   1.9600000e+02   1.0000000e+00   2.0340000e+03
   9.0000000e+00   6.3800000e+02   8.5713100e+02   2.5811800e+02   1.9600000e+02   1.0000000e+00   2.0340000e+03
   9.0000000e+00   6.3900000e+02   8.5145300e+02   2.6379700e+02   1.9800000e+02   1.0000000e+00   2.0340000e+03
   9.0000000e+00   6.4000000e+02   8.5031700e+02   2.6692100e+02   2.0400000e+02   1.0000000e+00   2.0340000e+03
   9.0000000e+00   6.4100000e+02   8.4889700e+02   2.7600700e+02   2.1200000e+02   1.0000000e+00   2.0340000e+03
   9.0000000e+00   6.4200000e+02   8.4350300e+02   2.7061200e+02   2.1200000e+02   1.0000000e+00   2.0340000e+03
   9.0000000e+00   6.4300000e+02   8.3328200e+02   2.7629100e+02   2.1200000e+02   1.0000000e+00   2.0340000e+03
   9.0000000e+00   6.2600000e+02   8.6110600e+02   2.8253800e+02   1.8600000e+02   1.0000000e+00   2.0350000e+03
   9.0000000e+00   6.3200000e+02   8.3072700e+02   2.8140300e+02   1.8600000e+02   1.0000000e+00   2.0350000e+03
   9.0000000e+00   6.3300000e+02   8.2590100e+02   2.8339000e+02   1.8600000e+02   1.0000000e+00   2.0350000e+03
   9.0000000e+00   6.4600000e+02   9.4031700e+02   2.9900800e+02   2.1400000e+02   1.0000000e+00   2.0360000e+03
   9.0000000e+00   6.4800000e+02   9.4145300e+02   2.6692100e+02   2.3000000e+02   1.0000000e+00   2.0370000e+03
   9.0000000e+00   6.4700000e+02   9.5025400e+02   2.7884700e+02   2.3000000e+02   1.0000000e+00   2.0380000e+03
   9.0000000e+00   6.4900000e+02   9.3549100e+02   3.0724300e+02   2.3400000e+02   1.0000000e+00   2.0380000e+03
   9.0000000e+00   6.5000000e+02   9.4258800e+02   3.0525500e+02   2.3600000e+02   1.0000000e+00   2.0380000e+03
   9.0000000e+00   6.5100000e+02   9.3605800e+02   2.9645200e+02   2.3800000e+02   1.0000000e+00   2.0380000e+03
   9.0000000e+00   6.5200000e+02   9.4627900e+02   3.0156400e+02   2.4400000e+02   1.0000000e+00   2.0380000e+03
   9.0000000e+00   6.5300000e+02   9.4855100e+02   2.9389700e+02   2.4400000e+02   1.0000000e+00   2.0380000e+03
   9.0000000e+00   6.5500000e+02   9.6785700e+02   2.8424200e+02   2.4600000e+02   1.0000000e+00   2.0380000e+03
   9.0000000e+00   6.5600000e+02   9.7495400e+02   2.8225400e+02   2.4600000e+02   1.0000000e+00   2.0380000e+03
   9.0000000e+00   6.5400000e+02   9.2385000e+02   2.4420400e+02   2.5600000e+02   1.0000000e+00   2.0400000e+03
   6.0000000e+00   1.1240000e+03   1.1342290e+03   2.7118000e+02   1.6000000e+02   1.0000000e+00   1.6660000e+03
   6.0000000e+00   1.1250000e+03   1.1183300e+03   2.9247700e+02   1.6000000e+02   1.0000000e+00   1.6660000e+03
   6.0000000e+00   1.1260000e+03   1.1257120e+03   2.9276100e+02   1.6000000e+02   1.0000000e+00   1.6660000e+03
   6.0000000e+00   1.1270000e+03   1.1123680e+03   3.2456400e+02   1.2800000e+02   1.0000000e+00   1.6660000e+03
   6.0000000e+00   1.1280000e+03   1.1137870e+03   3.1973700e+02   1.2800000e+02   1.0000000e+00   1.6660000e+03
   6.0000000e+00   1.1290000e+03   1.1140710e+03   3.1121800e+02   1.2000000e+02   1.0000000e+00   1.6660000e+03
   6.0000000e+00   1.1300000e+03   1.1086770e+03   2.9673600e+02   1.2000000e+02   1.0000000e+00   1.6660000e+03
   6.0000000e+00   1.1310000e+03   1.1211690e+03   3.0241500e+02   1.1200000e+02   1.0000000e+00   1.6660000e+03
   6.0000000e+00   1.1320000e+03   1.1075410e+03   3.0298300e+02   1.1200000e+02   1.0000000e+00   1.6660000e+03
   6.0000000e+00   1.1350000e+03   1.1133140e+03   3.1860100e+02   1.2400000e+02   1.0000000e+00   1.6660000e+03
   6.0000000e+00   1.1360000e+03   1.1144500e+03   3.1065000e+02   1.2400000e+02   1.0000000e+00   1.6660000e+03
   6.0000000e+00   1.1370000e+03   1.1080150e+03   2.9739900e+02   1.1800000e+02   1.0000000e+00   1.6660000e+03
   8.0000000e+00   6.2400000e+02   9.7211500e+02   3.9394500e+02   2.5600000e+02   1.0000000e+00   1.9050000e+03
   8.0000000e+00   6.1500000e+02   9.3691000e+02   4.1647200e+02   2.5000000e+02   1.0000000e+00   1.9060000e+03
   8.0000000e+00   6.1600000e+02   9.2725700e+02   4.0965700e+02   2.5000000e+02   1.0000000e+00   1.9060000e+03
   8.0000000e+00   6.1700000e+02   9.2668900e+02   3.9773100e+02   2.5000000e+02   1.0000000e+00   1.9060000e+03
   8.0000000e+00   6.2200000e+02   9.3066400e+02   3.9508000e+02   2.5800000e+02   1.0000000e+00   1.9060000e+03
   8.0000000e+00   6.2300000e+02   9.3482800e+02   4.0208500e+02   2.5800000e+02   1.0000000e+00   1.9060000e+03
   8.0000000e+00   6.1800000e+02   9.4221000e+02   4.1382200e+02   2.6000000e+02   1.0000000e+00   1.9070000e+03
   8.0000000e+00   6.1900000e+02   9.3217800e+02   4.1969000e+02   2.6000000e+02   1.0000000e+00   1.9070000e+03
   8.0000000e+00   6.2000000e+02   9.4334600e+02   4.2631600e+02   2.6000000e+02   1.0000000e+00   1.9070000e+03
   8.0000000e+00   6.2100000e+02   9.3993900e+02   4.3048100e+02   2.7000000e+02   1.0000000e+00   2.1490000e+03
   8.0000000e+00   1.1410000e+03   9.9804600e+02   3.8694000e+02   2.5400000e+02   5.0000000e+00   1.9050000e+03
   8.0000000e+00   1.1380000e+03   9.5489100e+02   3.8694000e+02   2.5400000e+02   5.0000000e+00   1.9060000e+03
   8.0000000e+00   1.1390000e+03   9.4429200e+02   3.7255300e+02   2.5400000e+02   5.0000000e+00   2.0700000e+03
   8.0000000e+00   1.1400000e+03   9.3974900e+02   3.6763100e+02   2.5400000e+02   5.0000000e+00   2.0700000e+03
   7.0000000e+00   1.1590000e+03   1.3463120e+03   2.3284600e+02   2.2600000e+02   1.0000000e+00   1.8150000e+03
   7.0000000e+00   1.1600000e+03   1.3353340e+03   2.6199900e+02   2.2600000e+02   1.0000000e+00   1.8150000e+03
   7.0000000e+00   1.1610000e+03   1.3429050e+03   2.2716700e+02   2.4600000e+02   1.0000000e+00   1.8150000e+03
   7.0000000e+00   1.1450000e+03   1.3580470e+03   2.7676500e+02   1.6800000e+02   1.0000000e+00   1.8180000e+03
   7.0000000e+00   1.1460000e+03   1.3531250e+03   2.6048400e+02   1.7800000e+02   1.0000000e+00   1.8180000e+03
   7.0000000e+00   1.1470000e+03   1.3281410e+03   3.0251000e+02   1.8000000e+02   1.0000000e+00   1.8190000e+03
   7.0000000e+00   1.1480000e+03   1.3103490e+03   3.0175300e+02   1.8600000e+02   1.0000000e+00   1.8190000e+03
   7.0000000e+00   1.1490000e+03   1.3058070e+03   3.0251000e+02   1.8600000e+02   1.0000000e+00   1.8190000e+03
   7.0000000e+00   1.1500000e+03   1.2974790e+03   2.6010600e+02   1.7800000e+02   1.0000000e+00   1.8200000e+03
   7.0000000e+00   1.1510000e+03   1.3016430e+03   2.5064000e+02   1.7800000e+02   1.0000000e+00   1.8200000e+03
   7.0000000e+00   1.1520000e+03   1.2914220e+03   2.5632000e+02   1.7800000e+02   1.0000000e+00   1.8200000e+03
   7.0000000e+00   1.1530000e+03   1.2838510e+03   2.5934800e+02   1.7800000e+02   1.0000000e+00   1.8200000e+03
   7.0000000e+00   1.1540000e+03   1.2906650e+03   2.6881400e+02   1.7800000e+02   1.0000000e+00   1.8200000e+03
   7.0000000e+00   1.1550000e+03   1.2849860e+03   2.5518400e+02   1.9000000e+02   1.0000000e+00   1.8200000e+03
   7.0000000e+00   1.1560000e+03   1.2766580e+03   2.5934800e+02   1.9000000e+02   1.0000000e+00   1.8200000e+03
   7.0000000e+00   1.1570000e+03   1.2948290e+03   2.6124100e+02   2.0200000e+02   1.0000000e+00   1.8200000e+03
   7.0000000e+00   1.1580000e+03   1.2849860e+03   2.6729900e+02   2.0200000e+02   1.0000000e+00   1.8200000e+03
   4.0000000e+00   1.1730000e+03   7.3798200e+02   4.1798600e+02   1.3600000e+02   1.0000000e+00   1.4920000e+03
   4.0000000e+00   1.1740000e+03   7.3571100e+02   4.2404400e+02   1.3600000e+02   1.0000000e+00   1.4920000e+03
   4.0000000e+00   1.1750000e+03   7.2851900e+02   4.2593700e+02   1.3600000e+02   1.0000000e+00   1.4920000e+03
   4.0000000e+00   1.1760000e+03   7.2624700e+02   4.1836500e+02   1.3600000e+02   1.0000000e+00   1.4920000e+03
   4.0000000e+00   1.1710000e+03   7.2284000e+02   3.6914600e+02   1.0400000e+02   2.0000000e+00   1.4930000e+03
   4.0000000e+00   1.1720000e+03   7.0978000e+02   3.7217400e+02   1.0400000e+02   1.0000000e+00   1.4930000e+03
   4.0000000e+00   1.1620000e+03   7.3476500e+02   4.1003600e+02   4.4000000e+01   3.0000000e+00   1.5010000e+03
   4.0000000e+00   1.1630000e+03   7.2908600e+02   4.1741800e+02   4.4000000e+01   3.0000000e+00   1.5010000e+03
   4.0000000e+00   1.1700000e+03   7.2038000e+02   3.6744200e+02   6.0000000e+01   8.0000000e+00   1.5150000e+03
   4.0000000e+00   1.1670000e+03   6.9416500e+02   3.9157800e+02   6.0000000e+01   3.0000000e+00   1.5170000e+03
   4.0000000e+00   1.1680000e+03   6.7571100e+02   4.0378800e+02   6.8000000e+01   3.0000000e+00   1.5170000e+03
   4.0000000e+00   1.1690000e+03   6.8394400e+02   3.9896100e+02   6.8000000e+01   1.0000000e+00   1.5170000e+03
   4.0000000e+00   1.1640000e+03   7.0325000e+02   4.1117100e+02   4.4000000e+01   3.0000000e+00   1.5180000e+03
   4.0000000e+00   1.1650000e+03   7.0750900e+02   4.0009700e+02   4.4000000e+01   3.0000000e+00   1.5180000e+03
   4.0000000e+00   1.1660000e+03   6.9757200e+02   4.1060300e+02   4.4000000e+01   1.0000000e+00   1.5180000e+03
   4.0000000e+00   1.1770000e+03   6.9132600e+02   3.1689700e+02   3.4000000e+01   8.0000000e+00   1.5230000e+03
   4.0000000e+00   1.1800000e+03   7.9041100e+02   3.1292200e+02   1.1800000e+02   4.0000000e+00   1.5300000e+03
   4.0000000e+00   1.1840000e+03   7.9211500e+02   3.0781100e+02   1.2600000e+02   4.0000000e+00   1.5300000e+03
   4.0000000e+00   1.1830000e+03   8.0233600e+02   3.0156400e+02   1.2600000e+02   4.0000000e+00   1.5300000e+03
   4.0000000e+00   1.1820000e+03   8.2334500e+02   2.9474900e+02   1.2600000e+02   4.0000000e+00   1.5310000e+03
   4.0000000e+00   1.1810000e+03   8.3413400e+02   2.9418100e+02   1.1800000e+02   4.0000000e+00   1.5310000e+03
   4.0000000e+00   1.1790000e+03   8.3668900e+02   3.4955200e+02   1.0200000e+02   4.0000000e+00   1.5550000e+03
   4.0000000e+00   1.1780000e+03   8.4094800e+02   3.5154000e+02   9.4000000e+01   4.0000000e+00   1.5550000e+03
   4.0000000e+00   1.1950000e+03   1.0209480e+03   3.9924500e+02   8.8000000e+01   1.0000000e+00   1.5930000e+03
   4.0000000e+00   1.1960000e+03   1.0331560e+03   3.9867700e+02   9.0000000e+01   1.0000000e+00   1.5930000e+03
   4.0000000e+00   1.1970000e+03   1.0257750e+03   4.1230700e+02   9.6000000e+01   1.0000000e+00   1.5930000e+03
   4.0000000e+00   1.1980000e+03   1.0198130e+03   4.1344300e+02   9.6000000e+01   1.0000000e+00   1.5930000e+03
   4.0000000e+00   1.1990000e+03   1.0203800e+03   4.2764100e+02   9.8000000e+01   1.0000000e+00   1.5930000e+03
   4.0000000e+00   1.2000000e+03   1.0331560e+03   4.0009700e+02   9.0000000e+01   1.0000000e+00   1.5930000e+03
   4.0000000e+00   1.1930000e+03   9.5252500e+02   4.0719600e+02   9.8000000e+01   1.0000000e+00   1.5960000e+03
   4.0000000e+00   1.1940000e+03   9.6217800e+02   3.7255300e+02   1.0800000e+02   1.0000000e+00   1.5960000e+03
   4.0000000e+00   1.2010000e+03   9.7892900e+02   3.9385000e+02   6.2000000e+01   1.0000000e+00   1.6010000e+03
   4.0000000e+00   1.1860000e+03   9.6956000e+02   4.1798600e+02   7.6000000e+01   1.0000000e+00   1.6050000e+03
   4.0000000e+00   1.1870000e+03   9.5678400e+02   4.2906100e+02   7.6000000e+01   1.0000000e+00   1.6050000e+03
   4.0000000e+00   1.1880000e+03   9.7921300e+02   4.2962900e+02   8.2000000e+01   1.0000000e+00   1.6050000e+03
   4.0000000e+00   1.1890000e+03   9.7211500e+02   4.3133200e+02   8.2000000e+01   1.0000000e+00   1.6050000e+03
   4.0000000e+00   1.1900000e+03   9.6672100e+02   4.2991300e+02   8.2000000e+01   1.0000000e+00   1.6050000e+03
   4.0000000e+00   1.1910000e+03   9.6104300e+02   4.3218400e+02   8.8000000e+01   1.0000000e+00   1.6050000e+03
   4.0000000e+00   1.1920000e+03   9.5905500e+02   4.2338200e+02   9.2000000e+01   1.0000000e+00   1.6050000e+03
   4.0000000e+00   1.1850000e+03   9.8545900e+02   4.2849300e+02   6.8000000e+01   1.0000000e+00   1.6060000e+03
   1.0000000e+01   7.4000000e+01   3.6425900e+02   2.8566200e+02   2.6000000e+02   4.0000000e+00   9.0200000e+02
   1.0000000e+01   7.6000000e+01   3.6340800e+02   2.9020500e+02   2.5200000e+02   4.0000000e+00   9.0200000e+02
   1.0000000e+01   7.5000000e+01   3.6511100e+02   2.9844000e+02   2.5200000e+02   4.0000000e+00   9.0300000e+02
   1.0000000e+01   7.7000000e+01   3.6312400e+02   3.0213100e+02   2.5400000e+02   4.0000000e+00   9.0300000e+02
   1.0000000e+01   7.8000000e+01   3.3246100e+02   3.1377400e+02   2.4600000e+02   3.0000000e+00   9.0500000e+02
   1.0000000e+01   7.9000000e+01   3.4041100e+02   3.1093400e+02   2.4600000e+02   3.0000000e+00   9.0500000e+02
   1.0000000e+01   8.0000000e+01   3.5829700e+02   3.2342800e+02   2.4600000e+02   3.0000000e+00   9.0500000e+02
   1.0000000e+01   8.1000000e+01   3.5176700e+02   3.1831700e+02   2.5600000e+02   1.0000000e+00   9.0500000e+02
   1.0000000e+01   8.4000000e+01   3.6028500e+02   2.1069700e+02   2.9600000e+02   3.0000000e+00   9.1800000e+02
   1.0000000e+01   8.2000000e+01   3.9520600e+02   2.3313000e+02   3.0600000e+02   2.0000000e+00   9.2100000e+02
   1.0000000e+01   8.3000000e+01   3.9435400e+02   2.2716700e+02   3.0600000e+02   3.0000000e+00   9.2100000e+02
   1.0000000e+01   8.5000000e+01   3.8668800e+02   2.2745000e+02   2.9600000e+02   3.0000000e+00   9.2300000e+02
   1.0000000e+00   8.6000000e+01   4.0202000e+02   3.6346600e+02   1.0800000e+02   3.0000000e+00   4.0000000e+00
   2.0000000e+00   4.9200000e+02   1.0598440e+03   6.2101600e+02   4.2000000e+01   1.0000000e+00   1.0010000e+03
   2.0000000e+00   4.9300000e+02   1.0521790e+03   6.2328800e+02   5.6000000e+01   1.0000000e+00   1.0010000e+03
   2.0000000e+00   4.9400000e+02   1.0572890e+03   6.1846100e+02   5.6000000e+01   1.0000000e+00   1.0010000e+03
   2.0000000e+00   4.9500000e+02   1.0533140e+03   6.4089300e+02   5.8000000e+01   1.0000000e+00   1.0010000e+03
   2.0000000e+00   4.9600000e+02   1.0592760e+03   6.3691800e+02   5.8000000e+01   1.0000000e+00   1.0010000e+03
   2.0000000e+00   4.9900000e+02   1.0632510e+03   6.4032600e+02   7.0000000e+01   1.0000000e+00   1.0010000e+03
   2.0000000e+00   5.0700000e+02   1.0388350e+03   5.8892900e+02   9.2000000e+01   1.0000000e+00   1.0030000e+03
   2.0000000e+00   5.0800000e+02   1.0283300e+03   5.8325000e+02   9.2000000e+01   1.0000000e+00   1.0030000e+03
   2.0000000e+00   5.0900000e+02   1.0215160e+03   5.9120100e+02   9.2000000e+01   1.0000000e+00   1.0030000e+03
   2.0000000e+00   5.1000000e+02   1.0391190e+03   6.0227500e+02   1.0000000e+02   1.0000000e+00   1.0030000e+03
   2.0000000e+00   5.0000000e+02   1.0504750e+03   6.3351100e+02   8.8000000e+01   1.0000000e+00   1.0040000e+03
   2.0000000e+00   5.0100000e+02   1.0388350e+03   6.4628900e+02   8.8000000e+01   1.0000000e+00   1.0040000e+03
   2.0000000e+00   5.0200000e+02   1.0286140e+03   6.4061000e+02   8.8000000e+01   1.0000000e+00   1.0040000e+03
   2.0000000e+00   5.0300000e+02   9.6132700e+02   6.0681900e+02   8.6000000e+01   1.0000000e+00   1.0060000e+03
   2.0000000e+00   5.0400000e+02   9.6984400e+02   6.0909000e+02   8.6000000e+01   1.0000000e+00   1.0060000e+03
   2.0000000e+00   5.0500000e+02   9.6927600e+02   6.0085500e+02   9.8000000e+01   1.0000000e+00   1.0060000e+03
   2.0000000e+00   5.0600000e+02   9.6700500e+02   5.9489200e+02   9.8000000e+01   1.0000000e+00   1.0060000e+03
   2.0000000e+00   4.8600000e+02   1.0646710e+03   5.7132400e+02   4.6000000e+01   1.0000000e+00   1.0110000e+03
   2.0000000e+00   4.8700000e+02   1.0524620e+03   5.9375600e+02   4.6000000e+01   1.0000000e+00   1.0110000e+03
   2.0000000e+00   4.8800000e+02   1.0567210e+03   5.7558300e+02   5.4000000e+01   1.0000000e+00   1.0110000e+03
   2.0000000e+00   4.8900000e+02   1.0635350e+03   5.6933600e+02   5.4000000e+01   1.0000000e+00   1.0110000e+03
   2.0000000e+00   4.9000000e+02   1.0504750e+03   5.5741000e+02   5.4000000e+01   1.0000000e+00   1.0110000e+03
   2.0000000e+00   4.9100000e+02   1.0598440e+03   5.8779300e+02   5.4000000e+01   1.0000000e+00   1.0110000e+03
   1.3000000e+01   1.1700000e+02   5.9771636e+02  -1.3778428e+02   3.2335600e+02   1.0000000e+00   3.1080000e+03
   1.3000000e+01   1.1800000e+02   5.9241636e+02  -1.3475528e+02   3.2335600e+02   1.0000000e+00   3.1080000e+03
   1.3000000e+01   1.1900000e+02   5.9923136e+02  -1.2339928e+02   3.1935600e+02   1.0000000e+00   3.1080000e+03
   1.3000000e+01   1.2000000e+02   5.9355236e+02  -1.2832028e+02   3.1535600e+02   1.0000000e+00   3.1080000e+03
   1.3000000e+01   1.2100000e+02   5.6553536e+02  -1.2642828e+02   3.1735600e+02   1.0000000e+00   3.1080000e+03
   1.3000000e+01   1.2200000e+02   5.5834236e+02  -1.2983428e+02   3.1735600e+02   1.0000000e+00   3.1080000e+03
   1.3000000e+01   1.2300000e+02   5.8863036e+02  -1.3399828e+02   3.1535600e+02   1.0000000e+00   3.1080000e+03
   1.3000000e+01   1.2400000e+02   5.8598036e+02  -1.5254728e+02   3.1535600e+02   1.0000000e+00   3.1080000e+03
   1.3000000e+01   1.2500000e+02   5.4281936e+02  -1.3475528e+02   3.0535600e+02   1.0000000e+00   3.1080000e+03
   1.3000000e+01   1.2600000e+02   5.5077036e+02  -1.5557528e+02   3.0535600e+02   1.0000000e+00   3.1080000e+03
   1.3000000e+01   1.2700000e+02   5.4812036e+02  -1.5406128e+02   3.0135600e+02   1.0000000e+00   3.1080000e+03
   1.3000000e+01   1.2800000e+02   5.2616136e+02  -1.8245228e+02   2.7135600e+02   1.0000000e+00   3.0990000e+03
   1.3000000e+01   1.2900000e+02   6.1853936e+02  -6.4725276e+01   2.3735600e+02   1.0000000e+00   3.0900000e+03
   1.3000000e+01   1.3000000e+02   6.2497536e+02  -7.1161276e+01   2.3735600e+02   1.0000000e+00   3.0900000e+03
   1.3000000e+01   1.3100000e+02   6.2914036e+02  -8.4410276e+01   2.4335600e+02   1.0000000e+00   3.0900000e+03
   1.3000000e+01   1.3200000e+02   6.1702536e+02  -9.1980276e+01   2.4335600e+02   1.0000000e+00   3.0900000e+03
   1.3000000e+01   1.3300000e+02   6.2232536e+02  -9.9551276e+01   2.4935600e+02   1.0000000e+00   3.0900000e+03
   1.3000000e+01   1.3400000e+02   6.1513236e+02  -9.6144276e+01   2.4935600e+02   1.0000000e+00   3.0900000e+03
   1.3000000e+01   1.3500000e+02   6.3936236e+02  -6.5104276e+01   2.5935600e+02   1.0000000e+00   3.0900000e+03
   1.3000000e+01   1.3600000e+02   6.3254736e+02  -6.7754276e+01   2.5935600e+02   1.0000000e+00   3.0900000e+03
   1.3000000e+01   1.3700000e+02   6.3519836e+02  -7.6839276e+01   2.5935600e+02   1.0000000e+00   3.0900000e+03
   1.3000000e+01   1.3800000e+02   6.3557636e+02  -9.4630276e+01   2.6535600e+02   1.0000000e+00   3.0900000e+03
   1.3000000e+01   1.3900000e+02   6.2762636e+02  -9.2359276e+01   2.6535600e+02   1.0000000e+00   3.0900000e+03
   1.3000000e+01   1.4000000e+02   6.4277036e+02  -8.8573276e+01   2.7535600e+02   1.0000000e+00   3.0900000e+03
   1.3000000e+01   1.4100000e+02   6.4201236e+02  -9.6901276e+01   2.7535600e+02   1.0000000e+00   3.0900000e+03
   1.3000000e+01   1.4200000e+02   6.3027636e+02  -8.4788276e+01   2.7935600e+02   1.0000000e+00   3.0900000e+03
   1.3000000e+01   1.4300000e+02   6.2800436e+02  -9.6901276e+01   2.7935600e+02   1.0000000e+00   3.0900000e+03
   1.3000000e+01   1.4400000e+02   6.3746936e+02  -8.8195276e+01   2.8935600e+02   1.0000000e+00   3.0900000e+03
   1.3000000e+01   1.4500000e+02   6.3557636e+02  -9.6901276e+01   2.8935600e+02   1.0000000e+00   3.0900000e+03
   1.3000000e+01   1.4600000e+02   6.2876136e+02  -8.7059276e+01   2.8935600e+02   1.0000000e+00   3.0900000e+03
   1.3000000e+01   1.4700000e+02   6.2800436e+02  -9.5766276e+01   2.8935600e+02   1.0000000e+00   3.0900000e+03
   1.3000000e+01   1.4800000e+02   6.2346136e+02  -8.3274276e+01   2.8535600e+02   1.0000000e+00   3.0900000e+03
   1.3000000e+01   1.4900000e+02   6.2194736e+02  -9.3116276e+01   2.8535600e+02   1.0000000e+00   3.0900000e+03
   1.3000000e+01   1.5000000e+02   6.4201236e+02  -9.3495276e+01   2.8135600e+02   1.0000000e+00   3.0900000e+03
   1.3000000e+01   1.5100000e+02   5.7689336e+02  -7.5703276e+01   3.1735600e+02   1.0000000e+00   3.1080000e+03
   1.3000000e+01   1.5200000e+02   5.7272936e+02  -6.6997276e+01   3.1735600e+02   1.0000000e+00   3.1080000e+03
   1.3000000e+01   1.5300000e+02   5.6856436e+02  -7.1918276e+01   3.1735600e+02   1.0000000e+00   3.1080000e+03
   1.3000000e+01   1.5400000e+02   5.6515736e+02  -7.7974276e+01   3.1735600e+02   1.0000000e+00   3.1080000e+03
   1.3000000e+01   1.5500000e+02   5.6970036e+02  -8.1003276e+01   3.1735600e+02   1.0000000e+00   3.1080000e+03
   1.3000000e+01   1.5600000e+02   5.8370836e+02  -7.4189276e+01   3.1735600e+02   1.0000000e+00   3.1080000e+03
   1.3000000e+01   1.5700000e+02   5.5909936e+02  -7.3053276e+01   3.0135600e+02   1.0000000e+00   3.1080000e+03
   1.3000000e+01   1.5800000e+02   5.5152736e+02  -7.4189276e+01   3.0135600e+02   1.0000000e+00   3.1080000e+03
   1.3000000e+01   1.5900000e+02   5.5644936e+02  -8.0624276e+01   3.0135600e+02   1.0000000e+00   3.1080000e+03
   1.3000000e+01   1.6000000e+02   5.6288536e+02  -7.6460276e+01   2.8935600e+02   1.0000000e+00   3.1080000e+03
   1.3000000e+01   1.6100000e+02   5.8332936e+02  -8.8573276e+01   2.8735600e+02   1.0000000e+00   3.1080000e+03
   1.3000000e+01   1.6200000e+02   5.7613636e+02  -9.1980276e+01   2.8735600e+02   1.0000000e+00   3.1080000e+03
   1.3000000e+01   1.6300000e+02   5.8295136e+02  -9.5766276e+01   2.9335600e+02   1.0000000e+00   3.1080000e+03
   1.3000000e+01   1.6400000e+02   5.8938736e+02  -6.0183276e+01   2.8735600e+02   1.0000000e+00   3.0900000e+03
   1.3000000e+01   1.6500000e+02   5.8749436e+02  -7.1918276e+01   2.8735600e+02   1.0000000e+00   3.0900000e+03
   1.3000000e+01   1.6600000e+02   6.0377436e+02  -6.9646276e+01   2.9335600e+02   1.0000000e+00   3.0900000e+03
   1.3000000e+01   1.6700000e+02   5.8976636e+02  -7.1918276e+01   2.9335600e+02   1.0000000e+00   3.0900000e+03
   1.3000000e+01   1.6800000e+02   6.0453136e+02  -7.5703276e+01   2.9335600e+02   1.0000000e+00   3.0900000e+03
   1.3000000e+01   1.6900000e+02   5.9847336e+02  -7.1918276e+01   2.9335600e+02   1.0000000e+00   3.0900000e+03
   1.3000000e+01   1.7000000e+02   5.9771636e+02  -7.7974276e+01   2.9335600e+02   1.0000000e+00   3.0900000e+03
   1.3000000e+01   1.7100000e+02   6.1967536e+02  -7.0404276e+01   2.7735600e+02   1.0000000e+00   3.0900000e+03
   1.3000000e+01   1.7200000e+02   6.2421836e+02  -6.4347276e+01   2.7735600e+02   1.0000000e+00   3.0900000e+03
   1.3000000e+01   1.7300000e+02   5.8560136e+02  -6.2076276e+01   2.6135600e+02   1.0000000e+00   3.0900000e+03
   1.3000000e+01   1.7400000e+02   5.8560136e+02  -7.1918276e+01   2.6135600e+02   1.0000000e+00   3.0900000e+03
   1.3000000e+01   1.7500000e+02   5.9468736e+02  -7.6839276e+01   2.6135600e+02   1.0000000e+00   3.0900000e+03
   1.3000000e+01   1.7600000e+02   5.9393036e+02  -7.6839276e+01   2.4935600e+02   1.0000000e+00   3.0900000e+03
   1.3000000e+01   1.7700000e+02   5.5379936e+02  -8.9331276e+01   3.1135600e+02   1.0000000e+00   3.1080000e+03
   1.3000000e+01   1.7800000e+02   5.5190636e+02  -9.8037276e+01   3.1135600e+02   1.0000000e+00   3.1080000e+03
   1.3000000e+01   1.7900000e+02   5.5531336e+02  -1.0333728e+02   3.1135600e+02   1.0000000e+00   3.1080000e+03
   1.3000000e+01   1.8000000e+02   5.5909936e+02  -1.1090728e+02   3.1135600e+02   1.0000000e+00   3.1080000e+03
   1.3000000e+01   1.8100000e+02   5.6970036e+02  -9.9930276e+01   3.2135600e+02   1.0000000e+00   3.1080000e+03
   1.3000000e+01   1.8200000e+02   5.6174936e+02  -1.0901528e+02   3.2135600e+02   1.0000000e+00   3.1080000e+03
   1.3000000e+01   1.8300000e+02   5.5417736e+02  -1.0409428e+02   3.2135600e+02   1.0000000e+00   3.1080000e+03
   1.3000000e+01   1.8400000e+02   5.4622736e+02  -1.0560828e+02   3.1535600e+02   1.0000000e+00   3.1080000e+03
   1.3000000e+01   1.8500000e+02   5.4357636e+02  -9.6901276e+01   3.1535600e+02   1.0000000e+00   3.1080000e+03
   1.3000000e+01   1.8600000e+02   5.3146136e+02  -1.2226428e+02   3.1535600e+02   1.0000000e+00   3.1080000e+03
   1.3000000e+01   1.8700000e+02   5.4849836e+02  -9.6901276e+01   3.1135600e+02   1.0000000e+00   3.1080000e+03
   1.3000000e+01   1.8800000e+02   5.3827636e+02  -1.2188528e+02   3.0135600e+02   1.0000000e+00   3.1080000e+03
   1.3000000e+01   1.8900000e+02   5.3524736e+02  -1.2037128e+02   2.8935600e+02   1.0000000e+00   3.1080000e+03
   1.3000000e+01   1.9000000e+02   5.4698436e+02  -1.3551328e+02   2.7935600e+02   1.0000000e+00   3.0940000e+03
   1.3000000e+01   1.9100000e+02   5.5304136e+02  -1.3967628e+02   2.7935600e+02   1.0000000e+00   3.0940000e+03
   1.3000000e+01   1.9200000e+02   5.7121436e+02  -1.2794228e+02   2.7135600e+02   1.0000000e+00   3.0940000e+03
   1.3000000e+01   1.9300000e+02   5.6705036e+02  -1.3324128e+02   2.7135600e+02   1.0000000e+00   3.0940000e+03
   1.3000000e+01   1.9400000e+02   5.8900836e+02  -1.4156928e+02   2.9135600e+02   1.0000000e+00   3.1080000e+03
   1.3000000e+01   1.9500000e+02   5.9165936e+02  -1.3399828e+02   2.9135600e+02   1.0000000e+00   3.1080000e+03
   1.3000000e+01   1.9600000e+02   5.7613636e+02  -1.4119128e+02   2.8535600e+02   1.0000000e+00   3.1080000e+03
   1.3000000e+01   1.9700000e+02   5.6742836e+02  -1.4573328e+02   2.8535600e+02   1.0000000e+00   3.1080000e+03
   1.3000000e+01   1.9800000e+02   5.7159336e+02  -1.5254728e+02   2.8535600e+02   1.0000000e+00   3.1080000e+03
   1.3000000e+01   1.9900000e+02   5.8635836e+02  -1.4573328e+02   2.8735600e+02   1.0000000e+00   3.1080000e+03
   1.3000000e+01   2.0000000e+02   6.2989736e+02  -1.2832028e+02   3.0135600e+02   1.0000000e+00   3.1070000e+03
   1.3000000e+01   2.0100000e+02   6.2951936e+02  -1.3551328e+02   3.0135600e+02   1.0000000e+00   3.1070000e+03
   1.3000000e+01   2.0200000e+02   6.3141236e+02  -1.0485128e+02   3.0135600e+02   1.0000000e+00   3.1070000e+03
   1.3000000e+01   2.0300000e+02   6.1778236e+02  -1.2869928e+02   2.9535600e+02   1.0000000e+00   3.1070000e+03
   1.3000000e+01   2.0400000e+02   6.1361736e+02  -1.0636528e+02   2.9335600e+02   1.0000000e+00   3.1070000e+03
   1.3000000e+01   2.0500000e+02   6.2118936e+02  -1.1128628e+02   2.9335600e+02   1.0000000e+00   3.1070000e+03
   1.3000000e+01   2.0600000e+02   5.6137136e+02  -1.8150528e+02   2.4535600e+02   1.0000000e+00   3.0990000e+03
   1.3000000e+01   2.0700000e+02   5.6061336e+02  -1.7242028e+02   2.4935600e+02   1.0000000e+00   3.0990000e+03
   1.3000000e+01   2.0800000e+02   5.5266336e+02  -1.7696328e+02   2.4935600e+02   1.0000000e+00   3.0990000e+03
   1.3000000e+01   2.0900000e+02   5.5758536e+02  -2.0913928e+02   2.5135600e+02   1.0000000e+00   3.0990000e+03
   1.3000000e+01   2.1000000e+02   5.6174936e+02  -2.0156828e+02   2.5135600e+02   1.0000000e+00   3.0990000e+03
   1.3000000e+01   2.1100000e+02   5.4319836e+02  -2.2125228e+02   2.7335600e+02   1.0000000e+00   3.1000000e+03
   1.3000000e+01   2.1200000e+02   5.8900836e+02  -1.8831928e+02   2.6135600e+02   1.0000000e+00   3.1000000e+03
   1.3000000e+01   2.1300000e+02   5.8598036e+02  -1.8642628e+02   2.6935600e+02   1.0000000e+00   3.1000000e+03
   1.3000000e+01   2.1400000e+02   6.1286036e+02  -1.5046528e+02   2.6335600e+02   1.0000000e+00   3.6450000e+03
   1.3000000e+01   2.1500000e+02   6.0680336e+02  -1.5917128e+02   2.6335600e+02   1.0000000e+00   3.6450000e+03
   1.3000000e+01   2.1600000e+02   6.0301736e+02  -1.8680528e+02   2.7535600e+02   1.0000000e+00   3.6410000e+03
   1.3000000e+01   2.1700000e+02   6.1323936e+02  -1.7809828e+02   2.8335600e+02   1.0000000e+00   3.0960000e+03
   1.3000000e+01   2.1800000e+02   6.4807036e+02  -1.4932928e+02   2.6335600e+02   1.0000000e+00   3.6440000e+03
   1.3000000e+01   2.1900000e+02   6.5677836e+02  -1.5765728e+02   2.6335600e+02   1.0000000e+00   3.6440000e+03
   1.3000000e+01   2.2000000e+02   6.4882736e+02  -1.6030728e+02   2.6335600e+02   1.0000000e+00   3.6440000e+03
   1.3000000e+01   2.2100000e+02   6.3444036e+02  -1.7469228e+02   2.6135600e+02   1.0000000e+00   3.6440000e+03
   1.3000000e+01   2.2200000e+02   6.2611136e+02  -2.0611028e+02   2.8535600e+02   1.0000000e+00   3.1050000e+03
   1.3000000e+01   2.2300000e+02   6.1778236e+02  -2.1746728e+02   2.9135600e+02   1.0000000e+00   3.1050000e+03
   1.3000000e+01   2.2400000e+02   6.3481936e+02  -2.1671028e+02   2.9135600e+02   1.0000000e+00   3.1050000e+03
   1.3000000e+01   2.2500000e+02   6.3027636e+02  -2.0913928e+02   2.9735600e+02   1.0000000e+00   3.1050000e+03
   1.3000000e+01   2.2600000e+02   6.1816136e+02  -2.0913928e+02   2.9735600e+02   1.0000000e+00   3.1050000e+03
   1.3000000e+01   2.2700000e+02   6.2459736e+02  -2.1406028e+02   3.0535600e+02   1.0000000e+00   3.1050000e+03
   1.3000000e+01   2.2800000e+02   6.1816136e+02  -2.0951728e+02   3.0535600e+02   1.0000000e+00   3.1050000e+03
   1.3000000e+01   2.2900000e+02   6.1172436e+02  -2.1595228e+02   3.0535600e+02   1.0000000e+00   3.1050000e+03
   1.4000000e+01   2.3000000e+02   7.5597136e+02  -7.5227561e-01   3.1535600e+02   1.0000000e+00   3.6030000e+03
   1.4000000e+01   2.3100000e+02   7.5294236e+02  -1.3622276e+01   2.8735600e+02   1.0000000e+00   3.6020000e+03
   1.4000000e+01   2.3200000e+02   7.5597136e+02  -1.5092756e+00   2.8335600e+02   1.0000000e+00   3.6020000e+03
   1.4000000e+01   2.3300000e+02   7.0940336e+02  -2.6114276e+01   3.1535600e+02   1.0000000e+00   3.6030000e+03
   1.4000000e+01   2.3400000e+02   7.2871236e+02  -3.0232756e+00   3.0935600e+02   1.0000000e+00   3.6030000e+03
   1.4000000e+01   2.3500000e+02   7.1886836e+02   9.0897244e+00   3.0935600e+02   1.0000000e+00   3.6030000e+03
   1.4000000e+01   2.3600000e+02   7.1356836e+02  -4.5372756e+00   3.0935600e+02   1.0000000e+00   3.6030000e+03
   1.4000000e+01   2.3700000e+02   7.2227636e+02   3.8372439e-01   3.0535600e+02   1.0000000e+00   3.6030000e+03
   1.4000000e+01   2.3800000e+02   6.9198836e+02  -4.1592756e+00   3.0735600e+02   1.0000000e+00   3.6030000e+03
   1.4000000e+01   2.3900000e+02   7.0221036e+02  -1.5515276e+01   3.0135600e+02   1.0000000e+00   3.6030000e+03
   1.4000000e+01   2.4000000e+02   7.0486036e+02  -3.7802756e+00   2.9735600e+02   1.0000000e+00   3.6030000e+03
   1.4000000e+01   2.4100000e+02   6.9388136e+02  -5.2942756e+00   2.8935600e+02   1.0000000e+00   3.6030000e+03
   1.4000000e+01   2.4200000e+02   7.0864636e+02   2.9530724e+01   2.9535600e+02   1.0000000e+00   3.6020000e+03
   1.4000000e+01   2.4300000e+02   7.1053936e+02   3.5587724e+01   2.8935600e+02   1.0000000e+00   3.6020000e+03
   1.4000000e+01   2.4400000e+02   7.4044936e+02  -2.2329276e+01   3.0935600e+02   1.0000000e+00   3.6020000e+03
   1.4000000e+01   2.4500000e+02   7.4537036e+02  -2.8007276e+01   3.0935600e+02   1.0000000e+00   3.6030000e+03
   1.4000000e+01   2.4600000e+02   7.4347736e+02  -1.1730276e+01   3.0935600e+02   1.0000000e+00   3.6030000e+03
   1.4000000e+01   2.4700000e+02   7.3211936e+02   7.9537244e+00   2.5735600e+02   1.0000000e+00   3.6020000e+03
   1.4000000e+01   2.4800000e+02   7.2000436e+02   1.1407244e+00   2.6335600e+02   1.0000000e+00   3.6020000e+03
   1.4000000e+01   2.4900000e+02   6.9577436e+02   2.2717724e+01   2.5735600e+02   1.0000000e+00   3.5760000e+03
   1.4000000e+01   2.5000000e+02   6.7797936e+02   2.7259724e+01   3.1135600e+02   1.0000000e+00   3.5750000e+03
   1.4000000e+01   2.5100000e+02   6.8441636e+02   3.2559724e+01   3.1135600e+02   1.0000000e+00   3.5750000e+03
   1.4000000e+01   2.5200000e+02   6.7457236e+02   4.3158724e+01   3.1335600e+02   1.0000000e+00   3.5750000e+03
   1.4000000e+01   2.5300000e+02   7.0107436e+02   6.3220724e+01   2.9935600e+02   1.0000000e+00   3.5750000e+03
   1.4000000e+01   2.5400000e+02   7.1281136e+02   6.2085724e+01   2.8935600e+02   1.0000000e+00   3.5750000e+03
   1.4000000e+01   2.5500000e+02   7.0031736e+02   6.3220724e+01   2.8935600e+02   1.0000000e+00   3.5750000e+03
   1.4000000e+01   2.5600000e+02   7.0410336e+02   5.1864724e+01   2.7735600e+02   1.0000000e+00   3.5750000e+03
   1.4000000e+01   2.5700000e+02   6.5753536e+02   5.9056724e+01   2.5335600e+02   1.0000000e+00   3.5840000e+03
   1.4000000e+01   2.5800000e+02   6.6813636e+02   6.1328724e+01   2.7335600e+02   1.0000000e+00   3.5840000e+03
   1.4000000e+01   2.5900000e+02   6.8214436e+02   2.3095724e+01   2.6535600e+02   4.0000000e+00   3.5760000e+03
   1.4000000e+01   2.6000000e+02   6.6132136e+02   3.0666724e+01   2.7735600e+02   4.0000000e+00   3.5760000e+03
   1.4000000e+01   2.6100000e+02   6.7040736e+02   2.8395724e+01   3.0335600e+02   4.0000000e+00   3.5750000e+03
   1.4000000e+01   2.6200000e+02   7.0523936e+02  -4.9162756e+00   2.7535600e+02   4.0000000e+00   3.6010000e+03
