   4.0000000e+00   1.0000000e+01   5.3318700e+02   5.2134700e+02   1.2800000e+02   4.0000000e+00   4.0000000e+00
   2.0000000e+00   1.4000000e+01   6.8933900e+02   7.0440500e+02   1.4600000e+02   5.0000000e+00   9.0000000e+01
   2.0000000e+00   1.5000000e+01   6.8782500e+02   7.1955000e+02   1.4600000e+02   5.0000000e+00   9.1000000e+01
   2.0000000e+00   1.6000000e+01   7.0978000e+02   7.4491700e+02   1.4000000e+02   5.0000000e+00   9.1000000e+01
   2.0000000e+00   1.7000000e+01   7.0826600e+02   7.3734500e+02   1.4000000e+02   5.0000000e+00   9.1000000e+01
   2.0000000e+00   1.8000000e+01   7.0637300e+02   7.3280100e+02   1.8000000e+02   4.0000000e+00   1.2500000e+02
   2.0000000e+00   1.9000000e+01   6.8782500e+02   7.3053000e+02   2.0400000e+02   5.0000000e+00   1.2700000e+02
   2.0000000e+00   2.0000000e+01   7.0940200e+02   7.5021700e+02   2.0400000e+02   5.0000000e+00   1.2700000e+02
   2.0000000e+00   2.1000000e+01   6.9198900e+02   7.4794600e+02   2.1800000e+02   5.0000000e+00   1.3000000e+02
   4.0000000e+00   1.1000000e+01   5.3659400e+02   5.3440900e+02   1.2800000e+02   4.0000000e+00   1.9800000e+02
   4.0000000e+00   1.2000000e+01   5.3943300e+02   5.4292800e+02   1.2800000e+02   4.0000000e+00   1.9800000e+02
   4.0000000e+00   3.2000000e+01   5.6668900e+02   6.4231300e+02   1.3000000e+02   5.0000000e+00   1.9900000e+02
   4.0000000e+00   3.3000000e+01   5.5154700e+02   6.4193500e+02   1.3600000e+02   5.0000000e+00   1.9900000e+02
   3.0000000e+00   1.0000000e+00   4.8530100e+02   7.1917100e+02   1.0200000e+02   1.0000000e+00   2.2800000e+02
   3.0000000e+00   5.0000000e+00   5.2807700e+02   7.3232800e+02   1.3000000e+02   3.0000000e+00   2.3000000e+02
   3.0000000e+00   3.0000000e+00   5.5107400e+02   7.2608100e+02   1.1800000e+02   3.0000000e+00   2.3200000e+02
   3.0000000e+00   4.0000000e+00   5.4937000e+02   7.0677200e+02   1.2400000e+02   3.0000000e+00   2.3200000e+02
   3.0000000e+00   2.0000000e+00   5.3773000e+02   7.5106900e+02   1.1800000e+02   8.0000000e+00   2.3400000e+02
   3.0000000e+00   6.0000000e+00   5.0735100e+02   6.9995700e+02   1.6800000e+02   8.0000000e+00   2.3700000e+02
   3.0000000e+00   7.0000000e+00   5.0905500e+02   7.2352500e+02   1.7400000e+02   8.0000000e+00   2.3700000e+02
   4.0000000e+00   8.0000000e+00   5.6668900e+02   5.4633500e+02   1.0400000e+02   5.0000000e+00   2.3800000e+02
   4.0000000e+00   9.0000000e+00   5.8599500e+02   5.5826200e+02   1.0400000e+02   5.0000000e+00   2.3800000e+02
   6.0000000e+00   4.8000000e+02   9.3539600e+02   5.8173600e+02   1.5800000e+02   4.0000000e+00   1.1490000e+03
   6.0000000e+00   4.8100000e+02   9.4751000e+02   5.7151300e+02   1.5800000e+02   4.0000000e+00   1.1490000e+03
   6.0000000e+00   4.6300000e+02   1.1295920e+03   5.2418700e+02   1.9800000e+02   1.0000000e+00   1.1700000e+03
   6.0000000e+00   4.6400000e+02   1.1439770e+03   5.2342900e+02   1.9800000e+02   1.0000000e+00   1.1700000e+03
   6.0000000e+00   4.6500000e+02   1.1470050e+03   5.1358600e+02   1.9800000e+02   1.0000000e+00   1.1700000e+03
   6.0000000e+00   4.6600000e+02   1.1549550e+03   5.0298500e+02   1.9800000e+02   1.0000000e+00   1.1700000e+03
   6.0000000e+00   4.6700000e+02   1.1644190e+03   5.1547900e+02   2.1000000e+02   1.0000000e+00   1.1700000e+03
   6.0000000e+00   4.6800000e+02   1.1534410e+03   5.1282800e+02   2.1600000e+02   1.0000000e+00   1.1700000e+03
   6.0000000e+00   4.6900000e+02   1.1447340e+03   5.5523300e+02   2.2600000e+02   1.0000000e+00   1.1700000e+03
   6.0000000e+00   4.7000000e+02   1.1458700e+03   5.4955400e+02   2.3600000e+02   1.0000000e+00   1.1700000e+03
   6.0000000e+00   4.5900000e+02   1.1795600e+03   5.4917500e+02   1.4600000e+02   1.0000000e+00   1.1720000e+03
   6.0000000e+00   4.6000000e+02   1.1625260e+03   5.5636900e+02   1.5600000e+02   1.0000000e+00   1.1720000e+03
   6.0000000e+00   4.6100000e+02   1.1443550e+03   5.2229400e+02   1.5600000e+02   1.0000000e+00   1.1720000e+03
   6.0000000e+00   4.6200000e+02   1.1329990e+03   5.1169300e+02   1.5600000e+02   1.0000000e+00   1.1720000e+03
   6.0000000e+00   4.7300000e+02   9.9596400e+02   6.1051000e+02   1.3800000e+02   5.0000000e+00   1.1730000e+03
   6.0000000e+00   4.7400000e+02   9.8877100e+02   6.0975300e+02   1.3200000e+02   5.0000000e+00   1.1730000e+03
   6.0000000e+00   4.7500000e+02   1.0016420e+03   6.1391700e+02   1.3200000e+02   5.0000000e+00   1.1730000e+03
   6.0000000e+00   4.7900000e+02   1.0273840e+03   6.0445200e+02   1.2000000e+02   4.0000000e+00   1.1740000e+03
   6.0000000e+00   4.7600000e+02   1.0292760e+03   5.9612300e+02   1.3000000e+02   4.0000000e+00   1.1960000e+03
   6.0000000e+00   4.7700000e+02   1.0398760e+03   6.0407400e+02   1.2800000e+02   4.0000000e+00   1.1960000e+03
   6.0000000e+00   4.7800000e+02   1.0516110e+03   6.0596700e+02   1.2800000e+02   4.0000000e+00   1.1960000e+03
   6.0000000e+00   4.7100000e+02   1.0538820e+03   6.1240300e+02   1.3800000e+02   4.0000000e+00   1.1960000e+03
   6.0000000e+00   4.7200000e+02   1.0629670e+03   6.1391700e+02   1.3800000e+02   4.0000000e+00   1.1960000e+03
   6.0000000e+00   4.3700000e+02   8.1861300e+02   5.8609000e+02   2.2600000e+02   1.0000000e+00   1.3300000e+03
   6.0000000e+00   4.3800000e+02   8.2088500e+02   5.8041000e+02   2.2000000e+02   1.0000000e+00   1.3300000e+03
   6.0000000e+00   4.3900000e+02   8.1785600e+02   5.8306100e+02   2.0800000e+02   1.0000000e+00   1.3300000e+03
   6.0000000e+00   4.4000000e+02   8.1861300e+02   5.7511000e+02   2.0800000e+02   1.0000000e+00   1.3300000e+03
   6.0000000e+00   4.4100000e+02   8.2959100e+02   5.8230300e+02   2.0800000e+02   1.0000000e+00   1.3300000e+03
   6.0000000e+00   4.3000000e+02   8.7198900e+02   6.2773700e+02   2.6200000e+02   1.0000000e+00   1.3400000e+03
   6.0000000e+00   4.3100000e+02   8.7123200e+02   6.1789300e+02   2.6200000e+02   1.0000000e+00   1.3400000e+03
   6.0000000e+00   4.3200000e+02   8.6706800e+02   6.2243600e+02   2.5200000e+02   1.0000000e+00   1.3400000e+03
   6.0000000e+00   4.3300000e+02   8.8713100e+02   6.0729200e+02   2.4400000e+02   1.0000000e+00   1.3400000e+03
   6.0000000e+00   4.3400000e+02   8.5987500e+02   6.3265900e+02   2.4200000e+02   1.0000000e+00   1.3400000e+03
   6.0000000e+00   4.3500000e+02   8.7388200e+02   6.5007500e+02   2.3000000e+02   1.0000000e+00   1.3400000e+03
   6.0000000e+00   4.3600000e+02   8.7161000e+02   6.4174500e+02   2.3000000e+02   1.0000000e+00   1.3400000e+03
   1.0000000e+01   6.1400000e+02   9.7060100e+02   4.0000200e+02   2.4400000e+02   4.0000000e+00   1.9050000e+03
   1.0000000e+01   6.1200000e+02   9.3426000e+02   3.8864400e+02   2.4400000e+02   4.0000000e+00   1.9050000e+03
   1.0000000e+01   6.1300000e+02   9.4202100e+02   4.0170600e+02   2.4400000e+02   4.0000000e+00   1.9050000e+03
   1.0000000e+01   6.1000000e+02   9.3861400e+02   3.9451300e+02   2.3400000e+02   4.0000000e+00   2.0420000e+03
   1.0000000e+01   6.1100000e+02   9.4732000e+02   4.0511400e+02   2.3400000e+02   4.0000000e+00   2.0420000e+03
   1.0000000e+01   6.0600000e+02   9.0605800e+02   4.2120500e+02   2.8800000e+02   1.0000000e+00   2.1600000e+03
   1.0000000e+01   6.0700000e+02   8.9962300e+02   4.1136100e+02   2.8800000e+02   1.0000000e+00   2.1600000e+03
   1.0000000e+01   6.0800000e+02   8.9583800e+02   4.0416700e+02   2.8800000e+02   1.0000000e+00   2.1600000e+03
   1.0000000e+01   6.0900000e+02   8.8694200e+02   4.2366600e+02   2.7400000e+02   1.0000000e+00   2.1600000e+03
   1.0000000e+01   5.9300000e+02   8.9754100e+02   4.1874400e+02   3.1000000e+02   1.0000000e+00   2.1610000e+03
   1.0000000e+01   5.9400000e+02   9.0132700e+02   4.3161600e+02   3.1000000e+02   1.0000000e+00   2.1610000e+03
   1.0000000e+01   5.9600000e+02   8.9394500e+02   4.0492400e+02   3.0400000e+02   1.0000000e+00   2.1610000e+03
   1.0000000e+01   5.9700000e+02   8.8921300e+02   4.0057000e+02   3.0400000e+02   1.0000000e+00   2.1610000e+03
   1.0000000e+01   5.9800000e+02   9.0795100e+02   3.7823200e+02   3.0400000e+02   1.0000000e+00   2.1610000e+03
   1.0000000e+01   5.9900000e+02   8.8221000e+02   3.9318700e+02   3.0400000e+02   1.0000000e+00   2.1610000e+03
   1.0000000e+01   6.0000000e+02   9.0927600e+02   3.6838800e+02   3.0400000e+02   1.0000000e+00   2.1610000e+03
   1.0000000e+01   6.0100000e+02   8.9716200e+02   3.8429000e+02   3.0000000e+02   1.0000000e+00   2.1610000e+03
   1.0000000e+01   6.0200000e+02   8.9262000e+02   3.7880000e+02   3.0000000e+02   1.0000000e+00   2.1610000e+03
   1.0000000e+01   6.0300000e+02   9.4088500e+02   3.9015800e+02   3.0000000e+02   1.0000000e+00   2.1620000e+03
   1.0000000e+01   6.0400000e+02   9.2650000e+02   3.9867700e+02   3.0000000e+02   1.0000000e+00   2.1620000e+03
   1.0000000e+01   5.9500000e+02   9.4334600e+02   4.0814200e+02   3.1000000e+02   1.0000000e+00   2.1620000e+03
   1.0000000e+01   6.0500000e+02   9.2858200e+02   3.7709600e+02   2.9800000e+02   1.0000000e+00   2.1620000e+03
   7.0000000e+00   1.2080000e+03   7.8927600e+02   2.1580800e+02   3.6000000e+01   1.0000000e+00   1.3660000e+03
   7.0000000e+00   1.2090000e+03   8.0432300e+02   2.1268500e+02   3.6000000e+01   1.0000000e+00   1.3660000e+03
   7.0000000e+00   1.2100000e+03   7.8075800e+02   2.4051300e+02   4.8000000e+01   1.0000000e+00   1.3660000e+03
   7.0000000e+00   1.2110000e+03   7.8615300e+02   2.3909300e+02   4.8000000e+01   1.0000000e+00   1.3660000e+03
   7.0000000e+00   1.2120000e+03   7.9722500e+02   2.1609200e+02   5.6000000e+01   1.0000000e+00   1.3660000e+03
   7.0000000e+00   1.2050000e+03   7.4839200e+02   1.7207900e+02   2.8000000e+01   1.0000000e+00   1.3670000e+03
   7.0000000e+00   1.2060000e+03   7.6050600e+02   1.6299200e+02   2.8000000e+01   1.0000000e+00   1.3670000e+03
   7.0000000e+00   1.2130000e+03   7.5066400e+02   2.1041300e+02   4.8000000e+01   1.0000000e+00   1.3670000e+03
   7.0000000e+00   1.2140000e+03   7.3135800e+02   2.0587000e+02   4.8000000e+01   1.0000000e+00   1.3670000e+03
   7.0000000e+00   1.2150000e+03   7.3732000e+02   2.0445000e+02   5.2000000e+01   1.0000000e+00   1.3670000e+03
   7.0000000e+00   1.2020000e+03   8.4870800e+02   1.8192300e+02   2.6000000e+01   1.0000000e+00   1.3710000e+03
   7.0000000e+00   1.2030000e+03   8.4075900e+02   1.8192300e+02   2.6000000e+01   1.0000000e+00   1.3710000e+03
   7.0000000e+00   1.2040000e+03   8.4038000e+02   1.5958400e+02   2.6000000e+01   1.0000000e+00   1.3710000e+03
   7.0000000e+00   1.2070000e+03   8.5476500e+02   1.6299200e+02   3.2000000e+01   1.0000000e+00   1.3710000e+03
   7.0000000e+00   1.2160000e+03   7.9325100e+02   1.5844900e+02   4.0000000e+01   1.0000000e+00   1.3740000e+03
   7.0000000e+00   1.2170000e+03   7.9694100e+02   1.4737400e+02   4.4000000e+01   2.0000000e+00   1.3740000e+03
   7.0000000e+00   1.2260000e+03   7.9268300e+02   1.5930100e+02   4.0000000e+01   1.0000000e+00   1.3740000e+03
   7.0000000e+00   1.2270000e+03   7.9609000e+02   1.5475700e+02   4.0000000e+01   1.0000000e+00   1.3740000e+03
   7.0000000e+00   1.2190000e+03   7.4754100e+02   1.6128800e+02   6.8000000e+01   3.0000000e+00   1.3760000e+03
   7.0000000e+00   1.2180000e+03   7.4271400e+02   1.5333700e+02   6.8000000e+01   3.0000000e+00   1.3760000e+03
   7.0000000e+00   1.2300000e+03   7.1432300e+02   1.0336100e+02   6.2000000e+01   3.0000000e+00   1.3780000e+03
   7.0000000e+00   1.2310000e+03   7.2255600e+02   9.4558000e+01   6.2000000e+01   3.0000000e+00   1.3780000e+03
   7.0000000e+00   1.2280000e+03   7.1318700e+02   1.2692900e+02   5.4000000e+01   3.0000000e+00   1.3820000e+03
   7.0000000e+00   1.2290000e+03   7.0665700e+02   1.2096600e+02   5.4000000e+01   3.0000000e+00   1.3820000e+03
   7.0000000e+00   1.2210000e+03   7.8075800e+02   9.5410000e+01   5.2000000e+01   3.0000000e+00   1.3950000e+03
   7.0000000e+00   1.2200000e+03   7.6684700e+02   9.8250000e+01   5.2000000e+01   3.0000000e+00   1.3960000e+03
   7.0000000e+00   1.2220000e+03   7.7650000e+02   9.9101000e+01   3.8000000e+01   3.0000000e+00   1.3960000e+03
   7.0000000e+00   1.2230000e+03   7.8303000e+02   1.0676800e+02   4.2000000e+01   3.0000000e+00   1.3960000e+03
   7.0000000e+00   1.2240000e+03   7.7678400e+02   1.0989200e+02   4.2000000e+01   3.0000000e+00   1.3960000e+03
   7.0000000e+00   1.2250000e+03   7.8984400e+02   1.1443500e+02   4.2000000e+01   1.0000000e+00   1.3960000e+03
   8.0000000e+00   1.2320000e+03   9.0833000e+02   2.7922500e+02   5.2000000e+01   1.0000000e+00   1.4770000e+03
   8.0000000e+00   1.2330000e+03   9.0624800e+02   3.2768800e+02   6.2000000e+01   2.0000000e+00   1.4820000e+03
   8.0000000e+00   1.2340000e+03   8.7586900e+02   3.1661300e+02   6.8000000e+01   3.0000000e+00   1.4820000e+03
   8.0000000e+00   1.2350000e+03   7.8643700e+02   4.5793000e+02   6.8000000e+01   8.0000000e+00   1.4980000e+03
   8.0000000e+00   1.2360000e+03   7.8227300e+02   4.3748500e+02   9.4000000e+01   8.0000000e+00   1.4980000e+03
   8.0000000e+00   1.2370000e+03   7.6296700e+02   4.3180600e+02   9.4000000e+01   8.0000000e+00   1.4980000e+03
   8.0000000e+00   1.2380000e+03   7.6523800e+02   4.2423300e+02   1.0400000e+02   8.0000000e+00   1.4980000e+03
   1.0000000e+00   8.9000000e+01   3.9690900e+02   3.6744200e+02   1.2000000e+02   6.0000000e+00   9.3100000e+02
   1.0000000e+00   8.8000000e+01   4.1167300e+02   3.5608300e+02   1.2400000e+02   7.0000000e+00   9.3100000e+02
   1.0000000e+00   9.0000000e+01   4.3381800e+02   3.6403400e+02   1.3400000e+02   6.0000000e+00   9.3100000e+02
   1.0000000e+00   8.7000000e+01   4.4574200e+02   3.5324400e+02   1.1200000e+02   7.0000000e+00   9.3100000e+02
   1.2000000e+01   2.3000000e+01   4.0239800e+02   4.5319700e+02   1.6400000e+02   5.0000000e+00   5.4300000e+02
   1.2000000e+01   2.2000000e+01   4.0921200e+02   4.9711600e+02   1.6400000e+02   5.0000000e+00   5.4300000e+02
   1.2000000e+01   1.3000000e+01   3.9690900e+02   4.8840800e+02   1.2600000e+02   4.0000000e+00   5.4300000e+02
   1.1000000e+01   2.4000000e+01   3.4183000e+02   4.0662800e+02   1.6400000e+02   8.0000000e+00   6.9800000e+02
   1.1000000e+01   3.1000000e+01   2.3602600e+02   4.4505700e+02   2.6000000e+02   1.0000000e+00   7.1800000e+02
   1.1000000e+01   2.5000000e+01   1.8302900e+02   4.1741800e+02   2.0600000e+02   1.0000000e+00   7.3000000e+02
   1.1000000e+01   2.6000000e+01   1.7659300e+02   4.0984600e+02   2.1600000e+02   1.0000000e+00   7.3000000e+02
   1.1000000e+01   2.7000000e+01   1.7015800e+02   4.2953400e+02   2.1600000e+02   1.0000000e+00   7.3000000e+02
   1.1000000e+01   2.8000000e+01   1.8757100e+02   4.3332000e+02   2.1600000e+02   1.0000000e+00   7.3000000e+02
   1.1000000e+01   2.9000000e+01   2.0006300e+02   4.2802000e+02   2.1600000e+02   1.0000000e+00   7.3000000e+02
   1.1000000e+01   3.0000000e+01   1.9514200e+02   4.2347600e+02   2.1600000e+02   1.0000000e+00   7.3000000e+02
   1.3000000e+01   3.4000000e+01   4.8946500e+02   2.6351300e+02   5.6000000e+01   1.0000000e+00   7.5000000e+02
   1.3000000e+01   3.5000000e+01   4.8407000e+02   2.5982200e+02   6.0000000e+01   1.0000000e+00   7.5000000e+02
   1.3000000e+01   3.6000000e+01   4.9003200e+02   2.5442600e+02   6.4000000e+01   1.0000000e+00   7.5000000e+02
   1.3000000e+01   3.7000000e+01   4.9627800e+02   2.7288400e+02   7.2000000e+01   1.0000000e+00   7.5000000e+02
   1.3000000e+01   3.8000000e+01   4.9287200e+02   2.6493300e+02   7.2000000e+01   1.0000000e+00   7.5000000e+02
   1.3000000e+01   3.9000000e+01   4.6760300e+02   2.9588400e+02   9.8000000e+01   1.0000000e+00   7.5000000e+02
   1.3000000e+01   4.0000000e+01   4.5937000e+02   2.9105700e+02   9.8000000e+01   1.0000000e+00   7.5000000e+02
   1.3000000e+01   4.1000000e+01   4.5482700e+02   2.9247700e+02   9.4000000e+01   1.0000000e+00   7.5000000e+02
   1.3000000e+01   4.2000000e+01   5.0820300e+02   2.1722800e+02   7.2000000e+01   2.0000000e+00   7.5000000e+02
   1.3000000e+01   4.3000000e+01   5.0905500e+02   2.4619200e+02   7.8000000e+01   2.0000000e+00   7.5000000e+02
   1.3000000e+01   4.4000000e+01   5.1927500e+02   2.4477200e+02   8.6000000e+01   2.0000000e+00   7.5000000e+02
   1.3000000e+01   4.5000000e+01   4.9258800e+02   2.2801800e+02   9.0000000e+01   2.0000000e+00   7.5000000e+02
   1.3000000e+01   5.0000000e+01   4.8066300e+02   2.4306800e+02   8.6000000e+01   3.0000000e+00   7.5000000e+02
   1.3000000e+01   4.6000000e+01   4.8520600e+02   2.7685900e+02   1.1600000e+02   3.0000000e+00   7.5100000e+02
   1.3000000e+01   4.7000000e+01   4.8123100e+02   2.5584600e+02   1.1200000e+02   3.0000000e+00   7.5100000e+02
   1.3000000e+01   4.8000000e+01   4.7328200e+02   2.6834000e+02   1.1600000e+02   3.0000000e+00   7.5100000e+02
   1.3000000e+01   4.9000000e+01   4.8378600e+02   2.6266100e+02   1.1600000e+02   3.0000000e+00   7.5100000e+02
   1.3000000e+01   5.2000000e+01   5.0933800e+02   1.6961800e+02   1.3800000e+02   2.0000000e+00   7.7900000e+02
   1.3000000e+01   5.3000000e+01   5.1416500e+02   1.5958400e+02   1.4400000e+02   3.0000000e+00   7.7900000e+02
   1.3000000e+01   5.1000000e+01   4.8246100e+02   1.4803700e+02   1.2000000e+02   3.0000000e+00   7.8100000e+02
   1.3000000e+01   5.4000000e+01   3.7817100e+02   1.8381600e+02   1.7200000e+02   2.0000000e+00   7.9700000e+02
   5.0000000e+00   4.8400000e+02   8.2126300e+02   5.4008800e+02   1.1600000e+02   5.0000000e+00   9.3500000e+02
   5.0000000e+00   4.8500000e+02   8.1142100e+02   5.5334000e+02   1.1600000e+02   5.0000000e+00   9.3500000e+02
   5.0000000e+00   4.8200000e+02   8.5911800e+02   5.5599000e+02   1.1600000e+02   5.0000000e+00   9.3500000e+02
   5.0000000e+00   4.8300000e+02   8.4927600e+02   5.5031100e+02   1.1600000e+02   5.0000000e+00   9.3500000e+02
   5.0000000e+00   4.5100000e+02   9.5243100e+02   5.1150300e+02   1.1200000e+02   1.0000000e+00   1.0740000e+03
   5.0000000e+00   4.5200000e+02   9.6605900e+02   4.9976600e+02   1.1200000e+02   1.0000000e+00   1.0740000e+03
   5.0000000e+00   4.5300000e+02   9.6303000e+02   4.6266200e+02   1.2600000e+02   1.0000000e+00   1.0740000e+03
   5.0000000e+00   4.5400000e+02   9.7362900e+02   4.8651500e+02   1.3200000e+02   1.0000000e+00   1.0740000e+03
   5.0000000e+00   4.5500000e+02   9.2858200e+02   5.3232700e+02   1.3200000e+02   1.0000000e+00   1.0770000e+03
   5.0000000e+00   4.5600000e+02   9.6416600e+02   5.3762700e+02   1.3200000e+02   1.0000000e+00   1.0770000e+03
   5.0000000e+00   4.5700000e+02   9.6416600e+02   5.3081200e+02   1.3600000e+02   1.0000000e+00   1.0770000e+03
   5.0000000e+00   4.5800000e+02   9.6075900e+02   5.4633500e+02   1.4400000e+02   1.0000000e+00   1.0770000e+03
   5.0000000e+00   4.4200000e+02   1.0164060e+03   5.4103500e+02   4.2000000e+01   1.0000000e+00   1.0890000e+03
   5.0000000e+00   4.4300000e+02   1.0167840e+03   5.2891900e+02   4.2000000e+01   1.0000000e+00   1.0890000e+03
   5.0000000e+00   4.4400000e+02   1.0364690e+03   5.4520000e+02   5.4000000e+01   1.0000000e+00   1.0890000e+03
   5.0000000e+00   4.4500000e+02   1.0334400e+03   5.4557800e+02   6.8000000e+01   1.0000000e+00   1.0890000e+03
   5.0000000e+00   4.4600000e+02   9.8422900e+02   5.1945400e+02   1.0400000e+02   1.0000000e+00   1.0900000e+03
   5.0000000e+00   4.4700000e+02   9.9293500e+02   5.1983300e+02   1.0400000e+02   1.0000000e+00   1.0900000e+03
   5.0000000e+00   4.4800000e+02   9.9823500e+02   5.1377500e+02   1.0400000e+02   1.0000000e+00   1.0900000e+03
   5.0000000e+00   4.4900000e+02   9.7968600e+02   5.1301800e+02   1.1200000e+02   1.0000000e+00   1.0900000e+03
   5.0000000e+00   4.5000000e+02   9.8574300e+02   5.0241700e+02   1.1200000e+02   1.0000000e+00   1.0900000e+03
   9.0000000e+00   1.1200000e+03   1.1015790e+03   3.3166300e+02   1.8400000e+02   5.0000000e+00   1.6270000e+03
   9.0000000e+00   1.1210000e+03   1.1106640e+03   3.3052700e+02   1.8400000e+02   5.0000000e+00   1.6270000e+03
   9.0000000e+00   1.1220000e+03   1.1471940e+03   3.4264300e+02   1.7000000e+02   5.0000000e+00   1.6760000e+03
   9.0000000e+00   1.1230000e+03   1.1407590e+03   3.4832200e+02   1.8200000e+02   5.0000000e+00   1.6760000e+03
   1.7000000e+01   1.0000000e+00   8.8772436e+02   1.7536372e+02   2.8535600e+02   8.0000000e+00   3.5540000e+03
   1.7000000e+01   2.0000000e+00   9.0873636e+02   1.7990672e+02   2.8535600e+02   8.0000000e+00   3.5540000e+03
   1.7000000e+01   3.0000000e+00   8.8857636e+02   2.3015772e+02   2.8335600e+02   8.0000000e+00   3.5540000e+03
   1.7000000e+01   4.0000000e+00   8.5677336e+02   1.5889772e+02   2.5735600e+02   8.0000000e+00   3.6320000e+03
   1.7000000e+01   5.0000000e+00   8.6131736e+02   1.6826572e+02   2.7335600e+02   8.0000000e+00   3.6320000e+03
   1.7000000e+01   6.0000000e+00   8.8772436e+02   2.0801272e+02   2.6935600e+02   8.0000000e+00   3.5530000e+03
   1.7000000e+01   7.0000000e+00   8.6188536e+02   2.2419572e+02   2.4535600e+02   8.0000000e+00   3.6350000e+03
   1.7000000e+01   1.4000000e+01   7.0277836e+02   2.6763272e+02   2.4335600e+02   8.0000000e+00   3.2010000e+03
   1.7000000e+01   1.5000000e+01   7.0239936e+02   2.5286972e+02   2.4335600e+02   8.0000000e+00   3.2010000e+03
   1.7000000e+01   1.6000000e+01   7.2814436e+02   2.5816972e+02   2.4335600e+02   8.0000000e+00   3.2010000e+03
   1.7000000e+01   1.7000000e+01   7.3193036e+02   2.5438372e+02   2.3135600e+02   8.0000000e+00   3.2010000e+03
   1.7000000e+01   1.8000000e+01   7.5086036e+02   1.9495372e+02   1.8335600e+02   8.0000000e+00   3.1920000e+03
   1.7000000e+01   1.9000000e+01   7.4025936e+02   2.1652972e+02   1.8335600e+02   8.0000000e+00   3.1920000e+03
   1.7000000e+01   2.0000000e+01   7.4518136e+02   2.1198772e+02   1.9535600e+02   8.0000000e+00   3.1920000e+03
   1.7000000e+01   2.1000000e+01   7.5464636e+02   1.8776072e+02   1.9535600e+02   8.0000000e+00   3.1920000e+03
   1.7000000e+01   2.2000000e+01   6.1797136e+02   1.3079072e+02   1.6735600e+02   8.0000000e+00   3.4570000e+03
   1.7000000e+01   2.3000000e+01   6.5318136e+02   1.2397672e+02   1.8335600e+02   8.0000000e+00   3.4560000e+03
   1.9000000e+01   2.4000000e+01   5.5039136e+02   8.4797724e+01   1.2935600e+02   1.0000000e+00   3.1410000e+03
   1.9000000e+01   2.5000000e+01   5.5663836e+02   7.8551724e+01   1.2935600e+02   1.0000000e+00   3.1410000e+03
   1.9000000e+01   2.6000000e+01   5.6458936e+02   9.1043724e+01   1.2935600e+02   1.0000000e+00   3.1410000e+03
   1.9000000e+01   2.7000000e+01   5.5834236e+02   9.3314724e+01   1.3535600e+02   1.0000000e+00   3.1410000e+03
   1.9000000e+01   2.8000000e+01   5.4471236e+02   1.0353572e+02   1.4535600e+02   1.0000000e+00   3.1410000e+03
   1.9000000e+01   2.9000000e+01   5.3751936e+02   1.0580672e+02   1.4535600e+02   1.0000000e+00   3.1410000e+03
   1.9000000e+01   3.0000000e+01   5.4168336e+02   9.4829724e+01   1.4535600e+02   1.0000000e+00   3.1410000e+03
   1.9000000e+01   3.1000000e+01   5.3449036e+02   9.5207724e+01   1.4535600e+02   1.0000000e+00   3.1410000e+03
   1.9000000e+01   3.2000000e+01   5.3146136e+02   1.0391472e+02   1.5335600e+02   1.0000000e+00   3.1410000e+03
   1.9000000e+01   3.3000000e+01   5.8522236e+02   7.7416724e+01   1.3735600e+02   1.0000000e+00   3.1400000e+03
   1.9000000e+01   3.4000000e+01   5.9809536e+02   9.5207724e+01   1.3735600e+02   1.0000000e+00   3.1400000e+03
   1.9000000e+01   3.5000000e+01   5.7045736e+02   7.7037724e+01   1.4735600e+02   1.0000000e+00   3.1400000e+03
   1.9000000e+01   3.6000000e+01   5.7954336e+02   4.9025724e+01   1.5935600e+02   1.0000000e+00   3.1400000e+03
   1.9000000e+01   3.7000000e+01   5.8976636e+02   5.9246724e+01   1.5935600e+02   1.0000000e+00   3.1400000e+03
   1.9000000e+01   3.8000000e+01   5.7424336e+02   7.1738724e+01   1.5935600e+02   1.0000000e+00   3.1400000e+03
   1.9000000e+01   3.9000000e+01   5.8181536e+02   9.1422724e+01   1.6935600e+02   1.0000000e+00   3.1400000e+03
   1.9000000e+01   4.0000000e+01   5.8522236e+02   8.2715724e+01   1.6935600e+02   1.0000000e+00   3.1400000e+03
   1.9000000e+01   4.1000000e+01   5.9393036e+02   7.5902724e+01   1.6935600e+02   1.0000000e+00   3.1400000e+03
   1.9000000e+01   4.2000000e+01   5.6705036e+02   6.4924724e+01   1.7935600e+02   3.0000000e+00   3.1400000e+03
   1.9000000e+01   4.3000000e+01   5.5266336e+02   6.1517724e+01   1.7935600e+02   3.0000000e+00   3.1340000e+03
   1.9000000e+01   4.4000000e+01   5.4395536e+02   7.2873724e+01   1.8735600e+02   1.0000000e+00   3.1390000e+03
   1.9000000e+01   4.5000000e+01   5.4774136e+02   6.4167724e+01   1.8735600e+02   1.0000000e+00   3.1390000e+03
   1.9000000e+01   4.6000000e+01   5.4963436e+02   5.8110724e+01   1.3535600e+02   1.0000000e+00   3.1410000e+03
   1.9000000e+01   4.7000000e+01   5.5455636e+02   6.9845724e+01   1.3535600e+02   1.0000000e+00   3.1410000e+03
   1.9000000e+01   4.8000000e+01   5.4471236e+02   6.9845724e+01   1.5335600e+02   1.0000000e+00   3.1410000e+03
   1.9000000e+01   4.9000000e+01   5.6061336e+02   7.3252724e+01   1.5335600e+02   1.0000000e+00   3.1410000e+03
   1.9000000e+01   5.0000000e+01   5.4622736e+02   8.0065724e+01   1.5335600e+02   1.0000000e+00   3.1410000e+03
   1.9000000e+01   5.1000000e+01   5.3676236e+02   6.6059724e+01   1.6735600e+02   1.0000000e+00   3.1390000e+03
   1.9000000e+01   5.2000000e+01   5.4054836e+02   5.9624724e+01   1.6735600e+02   1.0000000e+00   3.1390000e+03
   1.9000000e+01   5.3000000e+01   5.2464636e+02   4.5240724e+01   1.6735600e+02   1.0000000e+00   3.1390000e+03
   1.9000000e+01   5.4000000e+01   5.1480336e+02   4.0697724e+01   1.6735600e+02   1.0000000e+00   3.1390000e+03
   1.9000000e+01   5.5000000e+01   5.4546936e+02   5.7732724e+01   1.6935600e+02   3.0000000e+00   3.1390000e+03
   1.9000000e+01   5.6000000e+01   5.4622736e+02   3.9183724e+01   1.6935600e+02   3.0000000e+00   3.1350000e+03
   1.9000000e+01   5.7000000e+01   5.4509136e+02   7.3867244e+00   1.6735600e+02   1.0000000e+00   3.1360000e+03
   1.9000000e+01   5.8000000e+01   5.5379936e+02   9.6577244e+00   1.6735600e+02   1.0000000e+00   3.1360000e+03
   1.9000000e+01   5.9000000e+01   5.4774136e+02  -8.8912756e+00   1.8335600e+02   1.0000000e+00   3.1360000e+03
   1.9000000e+01   6.0000000e+01   5.4206236e+02  -6.9982756e+00   1.6135600e+02   1.0000000e+00   3.1360000e+03
   1.9000000e+01   6.1000000e+01   5.7159336e+02   4.7367244e+00   1.6135600e+02   1.0000000e+00   3.1360000e+03
   1.9000000e+01   6.2000000e+01   5.4698436e+02   2.8437244e+00   1.5135600e+02   1.0000000e+00   3.1360000e+03
   1.9000000e+01   6.3000000e+01   5.3108336e+02   5.3189724e+01   1.4735600e+02   1.0000000e+00   3.1390000e+03
   1.9000000e+01   6.4000000e+01   5.2199636e+02   4.4861724e+01   1.5735600e+02   1.0000000e+00   3.1390000e+03
   1.9000000e+01   6.5000000e+01   5.4319836e+02   1.1905572e+02   1.7935600e+02   1.0000000e+00   3.1240000e+03
   1.9000000e+01   6.6000000e+01   5.2578236e+02   1.1299872e+02   1.9135600e+02   1.0000000e+00   3.1240000e+03
   1.9000000e+01   6.7000000e+01   5.3865536e+02   1.0580672e+02   1.9135600e+02   1.0000000e+00   3.1240000e+03
   1.9000000e+01   6.8000000e+01   5.4622736e+02   1.2359872e+02   2.0935600e+02   1.0000000e+00   3.1240000e+03
   1.9000000e+01   6.9000000e+01   5.5720636e+02   9.1800724e+01   2.0935600e+02   1.0000000e+00   3.1240000e+03
   1.9000000e+01   7.0000000e+01   5.5796336e+02   1.0959272e+02   2.0935600e+02   1.0000000e+00   3.1240000e+03
   1.9000000e+01   7.1000000e+01   5.4054836e+02   8.7258724e+01   2.3135600e+02   1.0000000e+00   3.1240000e+03
   1.9000000e+01   7.2000000e+01   5.3524736e+02   9.0286724e+01   2.4335600e+02   1.0000000e+00   3.1240000e+03
   1.9000000e+01   7.3000000e+01   5.4774136e+02   9.7100724e+01   1.6935600e+02   1.0000000e+00   3.1410000e+03
   1.9000000e+01   7.4000000e+01   5.5682736e+02   8.6501724e+01   1.7935600e+02   1.0000000e+00   3.1410000e+03
   1.9000000e+01   7.5000000e+01   5.0647436e+02   8.9529724e+01   1.9135600e+02   1.0000000e+00   3.1240000e+03
   1.9000000e+01   7.6000000e+01   5.3221836e+02   8.1201724e+01   2.0735600e+02   1.0000000e+00   3.1240000e+03
   1.9000000e+01   7.7000000e+01   5.0306636e+02   9.8614724e+01   2.1135600e+02   1.0000000e+00   3.1240000e+03
   1.9000000e+01   7.8000000e+01   5.0533836e+02   8.0065724e+01   2.1135600e+02   1.0000000e+00   3.1240000e+03
   1.9000000e+01   7.9000000e+01   5.2237536e+02   3.6155724e+01   1.9135600e+02   1.0000000e+00   3.1360000e+03
   1.9000000e+01   8.0000000e+01   5.1328836e+02   3.0477724e+01   1.9135600e+02   1.0000000e+00   3.1360000e+03
   1.9000000e+01   8.1000000e+01   5.0988136e+02   4.2590724e+01   1.9135600e+02   1.0000000e+00   3.1360000e+03
   1.9000000e+01   8.2000000e+01   5.1745336e+02   5.0918724e+01   1.9135600e+02   1.0000000e+00   3.1360000e+03
   1.9000000e+01   8.3000000e+01   5.3638336e+02   5.3189724e+01   1.9135600e+02   1.0000000e+00   3.1360000e+03
   1.9000000e+01   8.4000000e+01   5.4849836e+02   5.8110724e+01   1.9535600e+02   1.0000000e+00   3.1360000e+03
   1.9000000e+01   8.5000000e+01   5.5228436e+02   4.9782724e+01   1.9535600e+02   1.0000000e+00   3.1360000e+03
   1.9000000e+01   8.6000000e+01   5.3032536e+02   3.7290724e+01   2.1135600e+02   1.0000000e+00   3.1250000e+03
   1.9000000e+01   8.7000000e+01   5.2161836e+02   4.2968724e+01   2.1135600e+02   1.0000000e+00   3.1250000e+03
   1.9000000e+01   8.8000000e+01   5.3600436e+02   4.7511724e+01   2.1135600e+02   1.0000000e+00   3.1250000e+03
   1.9000000e+01   8.9000000e+01   5.3524736e+02   5.6596724e+01   2.1535600e+02   1.0000000e+00   3.1250000e+03
   1.9000000e+01   9.0000000e+01   5.3979036e+02   1.7606724e+01   2.0535600e+02   1.0000000e+00   3.1390000e+03
   1.9000000e+01   9.1000000e+01   5.3032536e+02   2.5177724e+01   2.0535600e+02   1.0000000e+00   3.1390000e+03
   1.9000000e+01   9.2000000e+01   5.2616136e+02   1.6092724e+01   2.0535600e+02   1.0000000e+00   3.1390000e+03
   1.9000000e+01   9.3000000e+01   5.4471236e+02   3.5776724e+01   1.9735600e+02   1.0000000e+00   3.1390000e+03
   1.9000000e+01   9.4000000e+01   4.9738736e+02   2.5556724e+01   2.3135600e+02   1.0000000e+00   3.1600000e+03
   1.9000000e+01   9.5000000e+01   4.6974936e+02   4.2211724e+01   2.6935600e+02   1.0000000e+00   3.1600000e+03
   1.9000000e+01   9.6000000e+01   4.7315736e+02   1.1550724e+01   2.6335600e+02   1.0000000e+00   3.1600000e+03
   1.9000000e+01   9.7000000e+01   4.8905836e+02   1.9877724e+01   2.4935600e+02   3.0000000e+00   3.1590000e+03
   1.9000000e+01   9.8000000e+01   5.0155236e+02   2.8584724e+01   2.4935600e+02   3.0000000e+00   3.1590000e+03
   1.9000000e+01   9.9000000e+01   6.1172436e+02   6.1138724e+01   2.2335600e+02   1.0000000e+00   3.6380000e+03
   1.9000000e+01   1.0000000e+02   6.2346136e+02   5.0539724e+01   2.2335600e+02   1.0000000e+00   3.6380000e+03
   1.9000000e+01   1.0100000e+02   6.1172436e+02   4.7132724e+01   2.2335600e+02   1.0000000e+00   3.6380000e+03
   1.9000000e+01   1.0200000e+02   6.1664636e+02   8.1958724e+01   2.3535600e+02   1.0000000e+00   3.6380000e+03
   1.9000000e+01   1.0300000e+02   6.3444036e+02   6.9088724e+01   2.3535600e+02   1.0000000e+00   3.6380000e+03
   1.9000000e+01   1.0400000e+02   6.3254736e+02   6.2653724e+01   2.3535600e+02   1.0000000e+00   3.6380000e+03
   1.9000000e+01   1.0500000e+02   5.9695936e+02   7.7037724e+01   2.4535600e+02   1.0000000e+00   3.6380000e+03
   1.9000000e+01   1.0600000e+02   5.9014436e+02   7.7037724e+01   2.4535600e+02   1.0000000e+00   3.6380000e+03
   1.9000000e+01   1.0700000e+02   5.9733836e+02   6.5681724e+01   2.4535600e+02   1.0000000e+00   3.6380000e+03
   1.9000000e+01   1.0800000e+02   6.2421836e+02   5.0918724e+01   2.5335600e+02   1.0000000e+00   3.6390000e+03
   1.9000000e+01   1.0900000e+02   6.2421836e+02   1.6849724e+01   2.5335600e+02   1.0000000e+00   3.6390000e+03
   1.9000000e+01   1.1000000e+02   6.2081136e+02   2.3663724e+01   2.5335600e+02   1.0000000e+00   3.6390000e+03
   1.9000000e+01   1.1100000e+02   6.1588936e+02   5.3946724e+01   2.6335600e+02   1.0000000e+00   3.6390000e+03
   1.9000000e+01   1.1200000e+02   6.2611136e+02   3.6007244e+00   2.3935600e+02   1.0000000e+00   3.6380000e+03
   1.9000000e+01   1.1300000e+02   6.1816136e+02   1.3442724e+01   2.3935600e+02   1.0000000e+00   3.6380000e+03
   1.9000000e+01   1.1400000e+02   6.1513236e+02   3.1612724e+01   2.2335600e+02   1.0000000e+00   3.6380000e+03
   1.9000000e+01   1.1500000e+02   6.2951936e+02   3.1991724e+01   2.2335600e+02   1.0000000e+00   3.6380000e+03
   1.9000000e+01   1.1600000e+02   6.2951936e+02   1.8363724e+01   2.3135600e+02   1.0000000e+00   3.6380000e+03
   1.7000000e+01   8.0000000e+00   7.1621836e+02   1.3646872e+02   2.6135600e+02   4.0000000e+00   3.6110000e+03
   1.7000000e+01   9.0000000e+00   7.1318936e+02   1.2965472e+02   2.5735600e+02   4.0000000e+00   3.6110000e+03
   1.7000000e+01   1.0000000e+01   7.1621836e+02   1.4593272e+02   2.5735600e+02   4.0000000e+00   3.6110000e+03
   1.7000000e+01   1.1000000e+01   7.0561736e+02   1.5350272e+02   2.5135600e+02   4.0000000e+00   3.6110000e+03
   1.7000000e+01   1.2000000e+01   7.0826736e+02   1.3987572e+02   2.5135600e+02   4.0000000e+00   3.6110000e+03
   1.7000000e+01   1.3000000e+01   7.1508236e+02   1.3533272e+02   2.5135600e+02   4.0000000e+00   3.6110000e+03
   1.9000000e+01   2.6300000e+02   7.1565036e+02  -3.4442276e+01   2.5535600e+02   4.0000000e+00   3.5700000e+03
   1.9000000e+01   2.6400000e+02   7.1943636e+02  -4.3149276e+01   2.5335600e+02   4.0000000e+00   3.5700000e+03
   1.9000000e+01   2.6500000e+02   7.1489336e+02  -5.8290276e+01   2.5335600e+02   4.0000000e+00   3.5690000e+03
   1.9000000e+01   2.6600000e+02   7.0315636e+02  -4.5420276e+01   2.5335600e+02   4.0000000e+00   3.5700000e+03
   1.9000000e+01   2.6700000e+02   7.3571636e+02   7.6172439e-01   2.1335600e+02   4.0000000e+00   3.0500000e+03
   1.9000000e+01   2.6800000e+02   7.3647336e+02  -2.3086276e+01   2.1335600e+02   4.0000000e+00   3.0510000e+03
   1.9000000e+01   2.6900000e+02   7.7963436e+02  -3.2549276e+01   1.8335600e+02   4.0000000e+00   3.0350000e+03
   1.9000000e+01   2.7000000e+02   7.7054736e+02  -2.1572276e+01   1.8335600e+02   4.0000000e+00   3.0350000e+03
   1.9000000e+01   2.7100000e+02   7.6449036e+02  -5.6732756e+00   1.8335600e+02   4.0000000e+00   3.0350000e+03
   1.5000000e+01   2.7200000e+02   7.6070436e+02  -2.2707276e+01   1.4935600e+02   4.0000000e+00   2.9640000e+03
   1.5000000e+01   2.7300000e+02   7.5843236e+02  -1.2865276e+01   1.3535600e+02   4.0000000e+00   2.9640000e+03
   1.5000000e+01   2.7400000e+02   7.4631736e+02  -2.1950276e+01   1.3535600e+02   4.0000000e+00   2.9640000e+03
   1.5000000e+01   2.7500000e+02   7.7698336e+02  -2.6493276e+01   1.1535600e+02   4.0000000e+00   2.9690000e+03
   1.5000000e+01   2.7600000e+02   8.0159236e+02  -4.9584276e+01   1.1535600e+02   4.0000000e+00   2.9700000e+03
   1.5000000e+01   2.7700000e+02   8.0121436e+02  -5.8669276e+01   1.1535600e+02   4.0000000e+00   2.9710000e+03
   1.5000000e+01   2.7800000e+02   8.0348536e+02  -6.8889276e+01   1.1535600e+02   4.0000000e+00   2.9710000e+03
   1.5000000e+01   2.7900000e+02   7.8039136e+02  -2.8007276e+01   1.2735600e+02   4.0000000e+00   2.9650000e+03
   1.9000000e+01   2.8000000e+02   7.5900036e+02  -1.8623728e+02   2.1135600e+02   4.0000000e+00   3.3330000e+03
   1.9000000e+01   2.8100000e+02   7.5180736e+02  -1.9683628e+02   2.1135600e+02   4.0000000e+00   3.3530000e+03
   1.9000000e+01   2.8200000e+02   7.4726336e+02  -2.2030628e+02   2.1135600e+02   4.0000000e+00   3.3480000e+03
   1.9000000e+01   2.8300000e+02   7.3022636e+02  -2.2030628e+02   2.0735600e+02   4.0000000e+00   3.3480000e+03
   1.9000000e+01   2.8400000e+02   7.6202936e+02  -1.9002228e+02   1.9935600e+02   4.0000000e+00   3.3330000e+03
   1.9000000e+01   2.8500000e+02   7.5937936e+02  -2.0289328e+02   1.9935600e+02   4.0000000e+00   3.3330000e+03
   1.9000000e+01   2.8600000e+02   7.4044936e+02  -1.8850828e+02   1.9935600e+02   4.0000000e+00   3.3530000e+03
   1.8000000e+01   2.8700000e+02   8.2241536e+02   8.7068724e+01   1.8535600e+02   4.0000000e+00   2.9610000e+03
   1.6000000e+01   2.8800000e+02   8.8318136e+02   2.0612072e+02   1.3935600e+02   4.0000000e+00   2.2260000e+03
   1.6000000e+01   2.8900000e+02   9.0968336e+02   2.1671972e+02   1.3535600e+02   4.0000000e+00   2.2270000e+03
   1.6000000e+01   2.9000000e+02   1.0361354e+03   2.1690872e+02   1.0735600e+02   4.0000000e+00   2.2830000e+03
   1.6000000e+01   2.9100000e+02   1.0702094e+03   2.1539472e+02   1.2335600e+02   4.0000000e+00   2.3230000e+03
   1.4000000e+01   6.3900000e+02   9.6098336e+02  -3.5923028e+02   3.2335600e+02   1.0000000e+00   2.8770000e+03
   1.4000000e+01   3.8900000e+02   9.4300036e+02  -3.5904128e+02   3.2335600e+02   1.0000000e+00   2.8770000e+03
   1.4000000e+01   3.9000000e+02   9.3921436e+02  -3.7834628e+02   3.2335600e+02   1.0000000e+00   2.8770000e+03
   1.4000000e+01   3.9100000e+02   9.0514036e+02  -3.5298428e+02   3.2335600e+02   1.0000000e+00   2.8770000e+03
   1.4000000e+01   3.9200000e+02   9.5927936e+02  -3.6244828e+02   3.2135600e+02   1.0000000e+00   2.8770000e+03
   1.4000000e+01   3.9300000e+02   8.9718936e+02  -3.5752728e+02   3.1735600e+02   1.0000000e+00   2.8770000e+03
   1.4000000e+01   3.9400000e+02   9.0779036e+02  -3.5563428e+02   3.0735600e+02   1.0000000e+00   2.8770000e+03
   1.4000000e+01   3.9500000e+02   8.9643236e+02  -3.5677028e+02   3.0735600e+02   1.0000000e+00   2.8770000e+03
   1.4000000e+01   3.9600000e+02   9.5322236e+02  -3.8251028e+02   3.1735600e+02   1.0000000e+00   2.8770000e+03
   1.4000000e+01   3.9700000e+02   9.5549336e+02  -3.9235228e+02   3.0735600e+02   1.0000000e+00   2.8770000e+03
   1.4000000e+01   3.9800000e+02   9.3769936e+02  -4.1544328e+02   3.0335600e+02   1.0000000e+00   2.8770000e+03
   1.4000000e+01   3.9900000e+02   9.3315636e+02  -4.1885028e+02   3.0335600e+02   1.0000000e+00   2.8770000e+03
   1.4000000e+01   4.0000000e+02   9.3012736e+02  -4.1090128e+02   2.8935600e+02   1.0000000e+00   2.8770000e+03
   1.4000000e+01   4.0100000e+02   8.8318136e+02  -4.1392928e+02   2.9335600e+02   1.0000000e+00   2.8770000e+03
   1.4000000e+01   4.0200000e+02   8.8355936e+02  -4.2793528e+02   2.9335600e+02   1.0000000e+00   2.8770000e+03
   1.4000000e+01   4.0300000e+02   9.0211136e+02  -4.3512828e+02   2.8535600e+02   1.0000000e+00   2.8630000e+03
   1.4000000e+01   4.0400000e+02   8.7825936e+02  -4.1733628e+02   2.8135600e+02   1.0000000e+00   2.8630000e+03
   1.4000000e+01   4.0500000e+02   9.0930436e+02  -4.2642128e+02   2.7935600e+02   1.0000000e+00   2.8630000e+03
   1.4000000e+01   4.0600000e+02   8.9832536e+02  -4.4156328e+02   2.7335600e+02   1.0000000e+00   2.8630000e+03
   1.4000000e+01   4.0700000e+02   8.9113136e+02  -3.9613828e+02   2.3335600e+02   1.0000000e+00   2.8690000e+03
   1.4000000e+01   4.0800000e+02   9.1876936e+02  -4.1317228e+02   2.3135600e+02   1.0000000e+00   2.8690000e+03
   1.4000000e+01   4.0900000e+02   9.0816836e+02  -4.0598028e+02   2.2335600e+02   1.0000000e+00   2.8690000e+03
   1.4000000e+01   4.1000000e+02   9.2596336e+02  -4.0370928e+02   2.1335600e+02   1.0000000e+00   2.8710000e+03
   1.4000000e+01   4.1100000e+02   9.3277736e+02  -3.6509828e+02   2.0535600e+02   1.0000000e+00   2.8520000e+03
   1.4000000e+01   4.1200000e+02   9.2709836e+02  -3.4465628e+02   2.0535600e+02   1.0000000e+00   2.8520000e+03
   1.4000000e+01   4.1300000e+02   9.2596336e+02  -3.5147028e+02   2.0535600e+02   1.0000000e+00   2.8520000e+03
   1.4000000e+01   4.1400000e+02   9.2255536e+02  -3.5979828e+02   2.0535600e+02   1.0000000e+00   2.8520000e+03
   1.4000000e+01   4.1500000e+02   9.1990536e+02  -3.6358328e+02   1.9535600e+02   1.0000000e+00   2.8520000e+03
   1.4000000e+01   4.1600000e+02   9.5303336e+02  -3.5582328e+02   2.3135600e+02   1.0000000e+00   2.8500000e+03
   1.4000000e+01   4.1700000e+02   9.4432536e+02  -3.5393128e+02   2.3135600e+02   1.0000000e+00   2.8500000e+03
   1.4000000e+01   4.1800000e+02   9.4394636e+02  -3.4522428e+02   2.3135600e+02   1.0000000e+00   2.8500000e+03
   1.4000000e+01   4.1900000e+02   9.5114036e+02  -3.3765328e+02   2.3135600e+02   1.0000000e+00   2.8500000e+03
   1.4000000e+01   4.2000000e+02   9.3410236e+02  -3.3386828e+02   2.2335600e+02   1.0000000e+00   2.8550000e+03
   1.4000000e+01   4.2100000e+02   9.3448136e+02  -3.3197528e+02   2.3535600e+02   1.0000000e+00   2.8550000e+03
   1.4000000e+01   4.2200000e+02   9.7612736e+02  -3.8989228e+02   2.0135600e+02   1.0000000e+00   2.8720000e+03
