   1.1000000e+01   1.0600000e+02   3.9804500e+02   5.1055700e+02   5.9000000e+01   4.0000000e+00   1.0870000e+03
   1.1000000e+01   1.0700000e+02   3.9577400e+02   5.6621300e+02   6.3000000e+01   4.0000000e+00   1.0920000e+03
   1.1000000e+01   1.0800000e+02   4.0599400e+02   5.5769400e+02   6.3000000e+01   4.0000000e+00   1.0920000e+03
   1.1000000e+01   1.0400000e+02   3.9804500e+02   5.6450900e+02   5.2000000e+01   4.0000000e+00   1.0930000e+03
   1.1000000e+01   1.0500000e+02   4.0031600e+02   5.5712600e+02   5.2000000e+01   4.0000000e+00   1.0930000e+03
   1.1000000e+01   9.4000000e+01   3.9974800e+02   5.2305100e+02   5.0000000e+01   4.0000000e+00   1.1640000e+03
   1.1000000e+01   9.3000000e+01   3.5318700e+02   5.0544500e+02   5.0000000e+01   4.0000000e+00   1.1670000e+03
   1.1000000e+01   9.5000000e+01   3.5943300e+02   5.1339600e+02   5.4000000e+01   4.0000000e+00   1.1680000e+03
   1.1000000e+01   9.7000000e+01   3.2195600e+02   5.0885300e+02   5.9000000e+01   3.0000000e+00   1.1710000e+03
   1.1000000e+01   9.8000000e+01   3.2044200e+02   5.0165900e+02   5.9000000e+01   3.0000000e+00   1.1730000e+03
   1.1000000e+01   9.9000000e+01   3.0454300e+02   5.0431000e+02   5.9000000e+01   3.0000000e+00   1.1730000e+03
   1.1000000e+01   9.6000000e+01   3.0530000e+02   5.1983300e+02   5.4000000e+01   3.0000000e+00   1.1740000e+03
   1.1000000e+01   9.1000000e+01   3.8441700e+02   5.3270500e+02   3.8000000e+01   4.0000000e+00   1.1830000e+03
   1.1000000e+01   9.2000000e+01   3.9918100e+02   5.3497700e+02   3.8000000e+01   4.0000000e+00   1.1830000e+03
   9.0000000e+00   1.0300000e+02   3.7684600e+02   4.3350900e+02   1.0300000e+02   4.0000000e+00   1.2620000e+03
   1.1000000e+01   1.0000000e+02   3.3937000e+02   5.0733900e+02   6.3000000e+01   3.0000000e+00   4.2030000e+03
   1.1000000e+01   1.0100000e+02   3.3407000e+02   5.1907500e+02   6.7000000e+01   3.0000000e+00   4.2040000e+03
   1.1000000e+01   1.0200000e+02   3.2914900e+02   5.1453200e+02   6.6000000e+01   3.0000000e+00   4.2060000e+03
   1.3000000e+01   1.6100000e+02   5.4889700e+02   2.7316800e+02   9.0000000e+01   2.0000000e+00   1.2130000e+03
   1.3000000e+01   1.6200000e+02   5.6063200e+02   2.8187600e+02   9.0000000e+01   2.0000000e+00   1.2130000e+03
   1.3000000e+01   1.6300000e+02   5.5911800e+02   2.6446000e+02   9.6000000e+01   2.0000000e+00   1.2130000e+03
   1.3000000e+01   1.6400000e+02   5.7085300e+02   2.8566200e+02   1.0300000e+02   1.0000000e+00   1.2130000e+03
   1.3000000e+01   1.6500000e+02   5.6971700e+02   2.7619700e+02   1.0300000e+02   1.0000000e+00   1.2130000e+03
   1.3000000e+01   1.6600000e+02   5.7198800e+02   2.9664200e+02   1.0300000e+02   1.0000000e+00   1.2130000e+03
   1.3000000e+01   1.6700000e+02   5.6479600e+02   3.0004900e+02   1.0700000e+02   1.0000000e+00   1.2130000e+03
   1.3000000e+01   1.6800000e+02   5.7993800e+02   2.7430400e+02   1.0600000e+02   1.0000000e+00   1.2130000e+03
   1.3000000e+01   1.3200000e+02   5.4700400e+02   2.7960400e+02   6.6000000e+01   1.0000000e+00   1.2150000e+03
   1.3000000e+01   1.3300000e+02   5.4435400e+02   2.7241000e+02   6.6000000e+01   1.0000000e+00   1.2150000e+03
   1.3000000e+01   1.3400000e+02   5.3526900e+02   2.7089600e+02   6.6000000e+01   1.0000000e+00   1.2150000e+03
   1.3000000e+01   1.3500000e+02   5.3905500e+02   2.6446000e+02   6.6000000e+01   1.0000000e+00   1.2150000e+03
   1.3000000e+01   1.3600000e+02   5.5419700e+02   2.6559500e+02   6.8000000e+01   1.0000000e+00   1.2150000e+03
   1.3000000e+01   1.3700000e+02   5.1785600e+02   2.7922500e+02   7.1000000e+01   3.0000000e+00   1.2150000e+03
   1.3000000e+01   1.3800000e+02   5.4851800e+02   2.8376900e+02   7.2000000e+01   1.0000000e+00   1.2150000e+03
   1.3000000e+01   1.3900000e+02   5.4019000e+02   2.7846800e+02   7.2000000e+01   1.0000000e+00   1.2150000e+03
   1.3000000e+01   1.4000000e+02   5.4284000e+02   2.6332400e+02   7.2000000e+01   1.0000000e+00   1.2150000e+03
   1.3000000e+01   1.4100000e+02   4.9817100e+02   3.0951400e+02   7.3000000e+01   1.0000000e+00   1.2150000e+03
   1.3000000e+01   1.4200000e+02   4.9325000e+02   3.0762100e+02   7.7000000e+01   1.0000000e+00   1.2150000e+03
   1.3000000e+01   1.4300000e+02   4.8075800e+02   3.1140700e+02   7.7000000e+01   1.0000000e+00   1.2150000e+03
   1.3000000e+01   1.4400000e+02   5.0195700e+02   3.1860100e+02   8.3000000e+01   1.0000000e+00   1.2150000e+03
   1.3000000e+01   1.4500000e+02   4.9703600e+02   3.1254300e+02   8.3000000e+01   1.0000000e+00   1.2150000e+03
   1.3000000e+01   1.4600000e+02   4.8302900e+02   3.0042800e+02   8.3000000e+01   1.0000000e+00   1.2150000e+03
   1.3000000e+01   1.4700000e+02   5.0460700e+02   3.0004900e+02   8.3000000e+01   1.0000000e+00   1.2150000e+03
   1.3000000e+01   1.7000000e+02   5.4662600e+02   2.7430400e+02   1.0800000e+02   1.0000000e+00   1.2240000e+03
   1.3000000e+01   1.7100000e+02   5.5154700e+02   2.7316800e+02   1.1200000e+02   3.0000000e+00   1.2240000e+03
   1.3000000e+01   1.7200000e+02   5.1407000e+02   2.7771100e+02   1.1200000e+02   3.0000000e+00   1.2240000e+03
   1.3000000e+01   1.7300000e+02   5.1179900e+02   2.6067400e+02   1.1200000e+02   3.0000000e+00   1.2240000e+03
   1.3000000e+01   1.7400000e+02   5.2467000e+02   2.7278900e+02   1.1200000e+02   3.0000000e+00   1.2240000e+03
   1.3000000e+01   2.3400000e+02   4.9173600e+02   1.9517400e+02   1.0300000e+02   3.0000000e+00   1.2350000e+03
   1.3000000e+01   2.3500000e+02   4.9135700e+02   1.8268000e+02   1.0300000e+02   3.0000000e+00   1.2360000e+03
   1.3000000e+01   2.3600000e+02   4.8416500e+02   1.8722300e+02   1.0300000e+02   3.0000000e+00   1.2360000e+03
   1.3000000e+01   2.3700000e+02   4.8416500e+02   1.7397200e+02   1.0700000e+02   3.0000000e+00   1.2370000e+03
   1.3000000e+01   2.3300000e+02   4.9892800e+02   2.0539600e+02   9.7000000e+01   3.0000000e+00   1.2470000e+03
   1.3000000e+01   2.3200000e+02   5.1217800e+02   2.0691100e+02   9.7000000e+01   3.0000000e+00   1.2480000e+03
   1.3000000e+01   2.8200000e+02   3.9123100e+02   2.2603100e+02   1.0100000e+02   3.0000000e+00   1.6530000e+03
   1.3000000e+01   2.8300000e+02   3.9274500e+02   2.1732300e+02   1.0100000e+02   3.0000000e+00   1.6540000e+03
   1.3000000e+01   2.8400000e+02   4.0220900e+02   2.1505100e+02   1.0100000e+02   3.0000000e+00   1.6540000e+03
   1.3000000e+01   2.8500000e+02   4.1015800e+02   2.1732300e+02   1.0100000e+02   3.0000000e+00   1.6540000e+03
   1.3000000e+01   2.8800000e+02   3.9123100e+02   1.6999600e+02   9.6000000e+01   2.0000000e+00   1.6610000e+03
   1.3000000e+01   2.8900000e+02   3.7722500e+02   1.7378200e+02   1.0200000e+02   3.0000000e+00   1.6610000e+03
   1.3000000e+01   2.9500000e+02   3.4012700e+02   2.0180000e+02   1.0600000e+02   3.0000000e+00   1.6630000e+03
   1.3000000e+01   2.7100000e+02   2.9886500e+02   2.1088600e+02   1.0600000e+02   1.0000000e+00   1.6640000e+03
   1.3000000e+01   2.7200000e+02   3.0340700e+02   1.9763500e+02   1.0600000e+02   1.0000000e+00   1.6640000e+03
   1.3000000e+01   2.7300000e+02   3.1552100e+02   1.9877100e+02   1.0600000e+02   1.0000000e+00   1.6640000e+03
   1.3000000e+01   2.7400000e+02   3.2725600e+02   2.3473900e+02   1.0500000e+02   1.0000000e+00   1.6640000e+03
   1.3000000e+01   2.7500000e+02   3.1400700e+02   2.2224500e+02   1.0900000e+02   1.0000000e+00   1.6640000e+03
   1.3000000e+01   2.7600000e+02   3.0492200e+02   2.0861500e+02   1.1000000e+02   1.0000000e+00   1.6640000e+03
   1.3000000e+01   2.7700000e+02   3.1022100e+02   1.9725600e+02   1.1000000e+02   1.0000000e+00   1.6640000e+03
   1.3000000e+01   2.7800000e+02   3.4921200e+02   2.3701000e+02   1.1100000e+02   1.0000000e+00   1.6640000e+03
   1.3000000e+01   2.7900000e+02   3.5299700e+02   2.2906000e+02   1.1300000e+02   1.0000000e+00   1.6640000e+03
   1.3000000e+01   2.8000000e+02   3.4126200e+02   2.3852500e+02   1.1300000e+02   1.0000000e+00   1.6640000e+03
   1.3000000e+01   2.8100000e+02   3.3709800e+02   2.3171000e+02   1.1300000e+02   1.0000000e+00   1.6640000e+03
   1.3000000e+01   2.9400000e+02   3.3558400e+02   1.9612000e+02   1.0600000e+02   3.0000000e+00   1.6650000e+03
   1.3000000e+01   2.9100000e+02   3.1022100e+02   1.5068700e+02   1.0700000e+02   3.0000000e+00   1.6700000e+03
   1.3000000e+01   2.9200000e+02   3.3444900e+02   1.5712300e+02   1.0700000e+02   3.0000000e+00   1.6700000e+03
   1.3000000e+01   2.9300000e+02   3.4012700e+02   1.4690100e+02   1.1000000e+02   2.0000000e+00   1.6700000e+03
   1.3000000e+01   2.5100000e+02   3.4959100e+02   1.6393800e+02   9.2000000e+01   1.0000000e+00   1.6720000e+03
   1.3000000e+01   2.9000000e+02   3.4277700e+02   1.3327100e+02   1.0100000e+02   2.0000000e+00   1.6720000e+03
   1.3000000e+01   2.5700000e+02   2.8864400e+02   2.4874700e+02   8.9000000e+01   1.0000000e+00   1.6760000e+03
   1.3000000e+01   2.5800000e+02   2.9091500e+02   2.3663200e+02   8.9000000e+01   1.0000000e+00   1.6760000e+03
   1.3000000e+01   2.5900000e+02   3.0037900e+02   2.2262300e+02   9.9000000e+01   2.0000000e+00   1.6760000e+03
   1.3000000e+01   2.6500000e+02   3.6132600e+02   2.8092900e+02   9.5000000e+01   1.0000000e+00   1.6810000e+03
   1.3000000e+01   2.6600000e+02   3.5186200e+02   2.6275600e+02   9.5000000e+01   1.0000000e+00   1.6810000e+03
   1.3000000e+01   2.6700000e+02   3.4618400e+02   2.6957100e+02   9.5000000e+01   1.0000000e+00   1.6810000e+03
   1.3000000e+01   2.6800000e+02   3.3444900e+02   2.6654200e+02   9.5000000e+01   1.0000000e+00   1.6810000e+03
   1.3000000e+01   2.6900000e+02   3.1892800e+02   2.6881400e+02   1.0000000e+02   1.0000000e+00   1.6810000e+03
   1.3000000e+01   2.7000000e+02   3.3407000e+02   2.7487100e+02   9.8000000e+01   1.0000000e+00   1.6810000e+03
   1.3000000e+01   2.5200000e+02   3.9690900e+02   2.3587500e+02   8.3000000e+01   1.0000000e+00   1.6830000e+03
   1.3000000e+01   2.5300000e+02   4.0258700e+02   2.2375900e+02   8.3000000e+01   1.0000000e+00   1.6830000e+03
   1.3000000e+01   2.5400000e+02   3.6208300e+02   2.1694400e+02   8.3000000e+01   1.0000000e+00   1.6830000e+03
   1.3000000e+01   2.5500000e+02   3.5526900e+02   2.1202200e+02   8.3000000e+01   1.0000000e+00   1.6830000e+03
   1.3000000e+01   2.5600000e+02   3.5224000e+02   2.0369300e+02   8.6000000e+01   1.0000000e+00   1.6830000e+03
   1.3000000e+01   2.6100000e+02   3.6019000e+02   2.4609700e+02   9.3000000e+01   2.0000000e+00   1.6830000e+03
   1.3000000e+01   2.6200000e+02   3.6586800e+02   2.3625300e+02   9.3000000e+01   2.0000000e+00   1.6830000e+03
   1.3000000e+01   2.6300000e+02   3.5564700e+02   2.4761100e+02   9.5000000e+01   1.0000000e+00   1.6830000e+03
   1.3000000e+01   2.6400000e+02   3.7949600e+02   2.5859100e+02   9.5000000e+01   1.0000000e+00   1.6830000e+03
   1.3000000e+01   1.4800000e+02   5.4511100e+02   2.2924900e+02   7.7000000e+01   1.0000000e+00   1.6890000e+03
   1.3000000e+01   1.4900000e+02   5.5343900e+02   2.1599700e+02   7.7000000e+01   1.0000000e+00   1.6890000e+03
   1.3000000e+01   1.5000000e+02   5.4851800e+02   2.1751200e+02   8.1000000e+01   1.0000000e+00   1.6890000e+03
   1.3000000e+01   1.5100000e+02   5.4473300e+02   2.3265600e+02   8.1000000e+01   1.0000000e+00   1.6890000e+03
   1.3000000e+01   1.5200000e+02   5.4473300e+02   2.3265600e+02   8.2000000e+01   1.0000000e+00   1.6890000e+03
   1.3000000e+01   1.5300000e+02   5.3564800e+02   2.2546300e+02   8.0000000e+01   2.0000000e+00   1.6890000e+03
   1.3000000e+01   1.5400000e+02   5.5003300e+02   2.2091900e+02   8.4000000e+01   2.0000000e+00   1.6890000e+03
   1.3000000e+01   1.5500000e+02   5.5684600e+02   2.2508400e+02   8.8000000e+01   2.0000000e+00   1.6890000e+03
   1.3000000e+01   1.5600000e+02   5.3413300e+02   2.3871400e+02   8.4000000e+01   3.0000000e+00   1.6890000e+03
   1.3000000e+01   1.5700000e+02   5.2845500e+02   2.5802300e+02   8.4000000e+01   1.0000000e+00   1.6890000e+03
   1.3000000e+01   1.5800000e+02   5.3489100e+02   2.4552900e+02   9.2000000e+01   2.0000000e+00   1.6890000e+03
   1.3000000e+01   1.5900000e+02   5.2845500e+02   2.4212200e+02   9.2000000e+01   2.0000000e+00   1.6890000e+03
   1.3000000e+01   2.6000000e+02   2.9507900e+02   2.0217800e+02   9.9000000e+01   3.0000000e+00   1.7790000e+03
   1.3000000e+01   1.6000000e+02   5.9129400e+02   2.9399100e+02   8.3000000e+01   2.0000000e+00   4.2080000e+03
   1.3000000e+01   1.6900000e+02   5.8637300e+02   2.5272300e+02   1.0600000e+02   1.0000000e+00   4.2080000e+03
   1.3000000e+01   2.9600000e+02   3.3331300e+02   1.7946200e+02   1.1200000e+02   3.0000000e+00   4.2130000e+03
   1.3000000e+01   2.9700000e+02   3.2271300e+02   1.8741200e+02   1.1200000e+02   3.0000000e+00   4.2130000e+03
   1.3000000e+01   2.9800000e+02   3.2044200e+02   1.7188900e+02   1.2000000e+02   2.0000000e+00   4.2130000e+03
   1.2000000e+01   3.1300000e+02   5.9508000e+02   2.9361300e+02   1.1400000e+02   1.0000000e+00   4.2220000e+03
   1.2000000e+01   3.1400000e+02   6.0189400e+02   3.5438000e+02   1.1400000e+02   1.0000000e+00   4.2290000e+03
   1.2000000e+01   3.1500000e+02   5.9905500e+02   3.4302100e+02   1.1400000e+02   1.0000000e+00   4.2290000e+03
   1.2000000e+01   3.1600000e+02   6.0132600e+02   3.4699700e+02   1.1900000e+02   1.0000000e+00   4.2310000e+03
   1.2000000e+01   3.1700000e+02   6.1268200e+02   3.5154000e+02   1.1900000e+02   1.0000000e+00   4.2310000e+03
   1.2000000e+01   3.1200000e+02   6.3766700e+02   3.5551600e+02   1.0400000e+02   1.0000000e+00   4.2360000e+03
   4.0000000e+00   3.8900000e+02   1.0508540e+03   5.8154600e+02   5.8000000e+01   4.0000000e+00   2.3920000e+03
   4.0000000e+00   3.9000000e+02   1.0622100e+03   5.7700300e+02   5.2000000e+01   4.0000000e+00   2.3940000e+03
   4.0000000e+00   3.9100000e+02   1.0675100e+03   5.6943100e+02   5.2000000e+01   4.0000000e+00   2.3940000e+03
   4.0000000e+00   3.9200000e+02   1.0750810e+03   5.7359500e+02   5.2000000e+01   4.0000000e+00   2.3940000e+03
   4.0000000e+00   3.7600000e+02   1.0769730e+03   5.6223700e+02   5.9000000e+01   1.0000000e+00   2.3990000e+03
   4.0000000e+00   3.7700000e+02   1.0849230e+03   5.6261600e+02   5.9000000e+01   1.0000000e+00   2.3990000e+03
   4.0000000e+00   3.7800000e+02   1.0928730e+03   5.4254900e+02   5.6000000e+01   1.0000000e+00   2.3990000e+03
   4.0000000e+00   3.7900000e+02   1.0993080e+03   5.3573400e+02   5.6000000e+01   1.0000000e+00   2.3990000e+03
   4.0000000e+00   4.0400000e+02   1.0879510e+03   5.9934100e+02   4.6000000e+01   1.0000000e+00   2.4020000e+03
   4.0000000e+00   4.0500000e+02   1.0924940e+03   5.9934100e+02   4.6000000e+01   1.0000000e+00   2.4020000e+03
   4.0000000e+00   4.0600000e+02   1.0807590e+03   5.8798300e+02   4.6000000e+01   1.0000000e+00   2.4020000e+03
   4.0000000e+00   4.0700000e+02   1.0902230e+03   5.9858400e+02   4.1000000e+01   1.0000000e+00   2.4020000e+03
   4.0000000e+00   4.0800000e+02   1.0667530e+03   5.8609000e+02   4.1000000e+01   1.0000000e+00   2.4020000e+03
   4.0000000e+00   4.0900000e+02   1.0724310e+03   5.8078900e+02   4.1000000e+01   1.0000000e+00   2.4020000e+03
   4.0000000e+00   4.1000000e+02   1.0686450e+03   5.7586700e+02   4.1000000e+01   1.0000000e+00   2.4020000e+03
   4.0000000e+00   4.1100000e+02   1.0913580e+03   5.8230300e+02   4.2000000e+01   3.0000000e+00   2.4020000e+03
   4.0000000e+00   4.1200000e+02   1.0747020e+03   5.9896200e+02   3.6000000e+01   1.0000000e+00   2.4020000e+03
   4.0000000e+00   4.1300000e+02   1.0659960e+03   5.8684700e+02   3.6000000e+01   1.0000000e+00   2.4020000e+03
   4.0000000e+00   4.1400000e+02   1.0815160e+03   5.7435300e+02   3.6000000e+01   1.0000000e+00   2.4020000e+03
   4.0000000e+00   4.1500000e+02   1.0731880e+03   5.7170200e+02   3.6000000e+01   1.0000000e+00   2.4020000e+03
   4.0000000e+00   4.1600000e+02   1.1318630e+03   5.5050000e+02   3.9000000e+01   1.0000000e+00   2.4050000e+03
   4.0000000e+00   4.1700000e+02   1.1341350e+03   5.5239300e+02   3.3000000e+01   1.0000000e+00   2.4050000e+03
   4.0000000e+00   4.1800000e+02   1.0860590e+03   5.6488700e+02   2.9000000e+01   1.0000000e+00   2.4070000e+03
   4.0000000e+00   4.1900000e+02   1.1053650e+03   5.4520000e+02   2.9000000e+01   1.0000000e+00   2.4070000e+03
   4.0000000e+00   4.2000000e+02   1.1053650e+03   5.4785000e+02   2.4000000e+01   1.0000000e+00   2.4070000e+03
   4.0000000e+00   4.2100000e+02   1.1152070e+03   5.6148000e+02   2.4000000e+01   1.0000000e+00   2.4070000e+03
   4.0000000e+00   4.2200000e+02   1.0860590e+03   5.5012200e+02   2.4000000e+01   3.0000000e+00   2.4070000e+03
   4.0000000e+00   4.2300000e+02   1.1053650e+03   5.6337300e+02   1.8000000e+01   1.0000000e+00   2.4070000e+03
   4.0000000e+00   4.2400000e+02   1.0743240e+03   5.3838500e+02   1.8000000e+01   1.0000000e+00   2.4070000e+03
   4.0000000e+00   4.2500000e+02   1.1061220e+03   5.9252600e+02   2.2000000e+01   1.0000000e+00   2.4070000e+03
   4.0000000e+00   4.2600000e+02   1.1042290e+03   5.8230300e+02   2.2000000e+01   1.0000000e+00   2.4070000e+03
   4.0000000e+00   4.2700000e+02   1.0943870e+03   5.8230300e+02   1.7000000e+01   1.0000000e+00   2.4070000e+03
   4.0000000e+00   3.9300000e+02   1.0675100e+03   5.4368500e+02   4.5000000e+01   3.0000000e+00   2.4080000e+03
   4.0000000e+00   3.9400000e+02   1.0697810e+03   5.3535600e+02   4.5000000e+01   3.0000000e+00   2.4080000e+03
   4.0000000e+00   3.8400000e+02   1.0224620e+03   5.0052400e+02   4.5000000e+01   1.0000000e+00   2.4100000e+03
   4.0000000e+00   3.8500000e+02   1.0387400e+03   5.2096800e+02   4.5000000e+01   1.0000000e+00   2.4100000e+03
   4.0000000e+00   3.8600000e+02   1.0429040e+03   5.1036700e+02   4.2000000e+01   3.0000000e+00   2.4100000e+03
   4.0000000e+00   3.8700000e+02   1.0383610e+03   5.0771700e+02   3.5000000e+01   1.0000000e+00   2.4100000e+03
   4.0000000e+00   3.8800000e+02   1.0270050e+03   4.9976600e+02   3.6000000e+01   1.0000000e+00   2.4100000e+03
   4.0000000e+00   3.9500000e+02   1.0584250e+03   5.3005500e+02   3.9000000e+01   3.0000000e+00   2.4100000e+03
   4.0000000e+00   3.9600000e+02   1.0618320e+03   5.3649200e+02   3.9000000e+01   3.0000000e+00   2.4100000e+03
   4.0000000e+00   3.9700000e+02   1.0694030e+03   5.3081200e+02   3.9000000e+01   3.0000000e+00   2.4100000e+03
   4.0000000e+00   3.9800000e+02   1.0769730e+03   5.3459800e+02   3.9000000e+01   3.0000000e+00   2.4100000e+03
   4.0000000e+00   3.9900000e+02   1.0750810e+03   5.1604700e+02   3.5000000e+01   3.0000000e+00   2.4100000e+03
   4.0000000e+00   4.0000000e+02   1.0818950e+03   5.0847400e+02   3.7000000e+01   1.0000000e+00   2.4100000e+03
   4.0000000e+00   4.0100000e+02   1.0659960e+03   5.1112500e+02   2.6000000e+01   1.0000000e+00   2.4100000e+03
   4.0000000e+00   4.2800000e+02   1.0402540e+03   5.4898600e+02   3.5000000e+01   1.0000000e+00   2.4100000e+03
   4.0000000e+00   4.2900000e+02   1.0618320e+03   5.6034400e+02   3.7000000e+01   1.0000000e+00   2.4100000e+03
   4.0000000e+00   3.8000000e+02   1.0406330e+03   5.4974300e+02   5.6000000e+01   1.0000000e+00   2.4300000e+03
   4.0000000e+00   3.8100000e+02   1.0546390e+03   5.5012200e+02   5.6000000e+01   1.0000000e+00   2.4300000e+03
   4.0000000e+00   3.8200000e+02   1.0421470e+03   5.4141300e+02   5.2000000e+01   1.0000000e+00   2.4300000e+03
   4.0000000e+00   3.8300000e+02   1.0504750e+03   5.0582400e+02   5.2000000e+01   1.0000000e+00   2.4300000e+03
   4.0000000e+00   4.0200000e+02   1.0940080e+03   6.2963000e+02   5.8000000e+01   4.0000000e+00   2.4600000e+03
   4.0000000e+00   4.0300000e+02   1.1053650e+03   6.3000800e+02   5.8000000e+01   4.0000000e+00   2.4600000e+03
   4.0000000e+00   3.7400000e+02   1.1100970e+03   6.3720200e+02   5.0000000e+01   3.0000000e+00   2.4750000e+03
   4.0000000e+00   3.7500000e+02   1.1059330e+03   6.2887300e+02   5.0000000e+01   3.0000000e+00   2.4750000e+03
   6.0000000e+00   7.4300000e+02   1.0226520e+03   4.0151700e+02   1.2200000e+02   4.0000000e+00   3.6660000e+03
   6.0000000e+00   7.4100000e+02   1.0169730e+03   4.1287500e+02   1.2200000e+02   4.0000000e+00   3.6670000e+03
   6.0000000e+00   7.4200000e+02   1.0328720e+03   4.0549200e+02   1.2200000e+02   4.0000000e+00   3.6670000e+03
   6.0000000e+00   7.4400000e+02   1.0169730e+03   4.1401100e+02   1.2700000e+02   4.0000000e+00   3.6680000e+03
   6.0000000e+00   7.8400000e+02   1.0839770e+03   4.8424300e+02   1.1100000e+02   2.0000000e+00   3.7430000e+03
   6.0000000e+00   7.7700000e+02   1.0436610e+03   4.9579100e+02   9.6000000e+01   1.0000000e+00   3.7450000e+03
   6.0000000e+00   7.7800000e+02   1.0396860e+03   5.0544500e+02   9.6000000e+01   1.0000000e+00   3.7450000e+03
   6.0000000e+00   7.7900000e+02   1.0419580e+03   5.2021100e+02   1.0400000e+02   1.0000000e+00   3.7450000e+03
   6.0000000e+00   7.8000000e+02   1.0606960e+03   5.3270500e+02   1.1000000e+02   1.0000000e+00   3.7450000e+03
   6.0000000e+00   7.8100000e+02   1.0470680e+03   5.3440900e+02   1.1000000e+02   1.0000000e+00   3.7450000e+03
   6.0000000e+00   7.8200000e+02   1.0782980e+03   4.7761800e+02   1.0300000e+02   1.0000000e+00   3.7470000e+03
   6.0000000e+00   7.8300000e+02   1.0629670e+03   4.7818500e+02   1.0300000e+02   1.0000000e+00   3.7470000e+03
   6.0000000e+00   7.8500000e+02   1.0843550e+03   4.7553500e+02   1.1600000e+02   3.0000000e+00   3.7480000e+03
   6.0000000e+00   7.8600000e+02   1.0957120e+03   4.7288500e+02   1.1600000e+02   3.0000000e+00   3.7480000e+03
   6.0000000e+00   8.0100000e+02   1.0881410e+03   4.5546900e+02   1.1300000e+02   3.0000000e+00   3.7490000e+03
   6.0000000e+00   7.8800000e+02   1.0828410e+03   4.5244000e+02   9.8000000e+01   1.0000000e+00   3.7500000e+03
   6.0000000e+00   7.8900000e+02   1.0794340e+03   4.5054700e+02   1.0000000e+02   1.0000000e+00   3.7500000e+03
   6.0000000e+00   7.9000000e+02   1.0794340e+03   4.3918900e+02   1.0000000e+02   1.0000000e+00   3.7500000e+03
   6.0000000e+00   7.9100000e+02   1.0764060e+03   4.4297500e+02   1.0000000e+02   1.0000000e+00   3.7500000e+03
   6.0000000e+00   7.9200000e+02   1.1142610e+03   4.5622600e+02   1.0300000e+02   1.0000000e+00   3.7500000e+03
   6.0000000e+00   7.9300000e+02   1.1116110e+03   4.6001200e+02   1.0600000e+02   1.0000000e+00   3.7500000e+03
   6.0000000e+00   7.9400000e+02   1.1006330e+03   4.5660500e+02   1.0600000e+02   1.0000000e+00   3.7500000e+03
   6.0000000e+00   7.9500000e+02   1.1047970e+03   4.4676100e+02   1.0600000e+02   1.0000000e+00   3.7500000e+03
   6.0000000e+00   7.9600000e+02   1.0904120e+03   4.4903200e+02   1.0600000e+02   1.0000000e+00   3.7500000e+03
   6.0000000e+00   7.9700000e+02   1.1013900e+03   4.6909900e+02   1.0700000e+02   3.0000000e+00   3.7500000e+03
   6.0000000e+00   7.9800000e+02   1.0972260e+03   4.6720600e+02   1.1100000e+02   3.0000000e+00   3.7500000e+03
   6.0000000e+00   8.0300000e+02   1.1184250e+03   4.6152700e+02   1.1300000e+02   2.0000000e+00   3.7500000e+03
   6.0000000e+00   8.0400000e+02   1.1487090e+03   4.5054700e+02   1.1000000e+02   1.0000000e+00   3.7500000e+03
   6.0000000e+00   8.0500000e+02   1.1358380e+03   4.3199500e+02   1.1000000e+02   1.0000000e+00   3.7500000e+03
   6.0000000e+00   8.0600000e+02   1.1290240e+03   4.3161600e+02   1.1000000e+02   1.0000000e+00   3.7500000e+03
   6.0000000e+00   8.0700000e+02   1.1392450e+03   4.4903200e+02   1.1500000e+02   1.0000000e+00   3.7500000e+03
   6.0000000e+00   8.0800000e+02   1.1362170e+03   4.6569100e+02   1.1500000e+02   1.0000000e+00   3.7500000e+03
   6.0000000e+00   7.8700000e+02   1.1002540e+03   4.7061300e+02   1.1900000e+02   3.0000000e+00   3.7510000e+03
   6.0000000e+00   8.0900000e+02   1.1487090e+03   4.8083600e+02   1.2200000e+02   1.0000000e+00   3.7520000e+03
   6.0000000e+00   7.9900000e+02   1.0945760e+03   4.4751800e+02   1.1700000e+02   3.0000000e+00   3.7530000e+03
   6.0000000e+00   8.0000000e+02   1.0979830e+03   4.4070300e+02   1.1700000e+02   3.0000000e+00   3.7530000e+03
   6.0000000e+00   8.0200000e+02   1.1176680e+03   4.5206100e+02   1.1900000e+02   2.0000000e+00   3.7530000e+03
   6.0000000e+00   8.7500000e+02   1.0853020e+03   4.6834200e+02   1.3600000e+02   5.0000000e+00   3.7600000e+03
   6.0000000e+00   8.7600000e+02   1.1049860e+03   4.8348600e+02   1.3800000e+02   5.0000000e+00   3.7610000e+03
   6.0000000e+00   8.7700000e+02   1.0936300e+03   4.6872000e+02   1.3800000e+02   5.0000000e+00   3.7770000e+03
   6.0000000e+00   8.7800000e+02   1.1080150e+03   4.6493400e+02   1.4200000e+02   3.0000000e+00   3.7790000e+03
   6.0000000e+00   8.8200000e+02   1.0762160e+03   4.3540200e+02   1.5000000e+02   3.0000000e+00   3.7830000e+03
   6.0000000e+00   8.7900000e+02   1.1129360e+03   4.4183900e+02   1.4300000e+02   3.0000000e+00   3.7850000e+03
   6.0000000e+00   8.8000000e+02   1.1083930e+03   4.4411100e+02   1.4800000e+02   3.0000000e+00   3.7870000e+03
   6.0000000e+00   8.8100000e+02   1.0818950e+03   4.5281900e+02   1.5000000e+02   3.0000000e+00   3.7900000e+03
   6.0000000e+00   7.4500000e+02   1.0288980e+03   4.0833200e+02   1.3700000e+02   1.0000000e+00   3.7950000e+03
   6.0000000e+00   7.4600000e+02   1.0379830e+03   4.0719600e+02   1.3700000e+02   1.0000000e+00   3.7950000e+03
   6.0000000e+00   7.4700000e+02   1.0436610e+03   4.1685100e+02   1.3700000e+02   1.0000000e+00   3.7950000e+03
   8.0000000e+00   7.6100000e+02   1.0147020e+03   4.5490100e+02   1.0100000e+02   1.0000000e+00   3.8560000e+03
   8.0000000e+00   7.5900000e+02   1.0033460e+03   4.7137000e+02   9.5000000e+01   1.0000000e+00   3.8570000e+03
   8.0000000e+00   7.6000000e+02   1.0033460e+03   4.6966700e+02   1.0100000e+02   1.0000000e+00   3.8570000e+03
   8.0000000e+00   8.1700000e+02   9.3918100e+02   4.0454600e+02   9.7000000e+01   1.0000000e+00   3.8670000e+03
   8.0000000e+00   8.1800000e+02   9.2479700e+02   4.1136100e+02   9.7000000e+01   1.0000000e+00   3.8670000e+03
   8.0000000e+00   7.6700000e+02   1.0465000e+03   4.7477800e+02   8.8000000e+01   1.0000000e+00   3.8710000e+03
   8.0000000e+00   7.6800000e+02   1.0374150e+03   4.8159300e+02   8.8000000e+01   1.0000000e+00   3.8710000e+03
   8.0000000e+00   7.6900000e+02   1.0419580e+03   4.4865400e+02   8.8000000e+01   1.0000000e+00   3.8710000e+03
   8.0000000e+00   7.7000000e+02   1.0510430e+03   4.5092600e+02   9.0000000e+01   1.0000000e+00   3.8710000e+03
   8.0000000e+00   7.7100000e+02   1.0487720e+03   4.4183900e+02   9.0000000e+01   1.0000000e+00   3.8710000e+03
   8.0000000e+00   7.7200000e+02   1.0306010e+03   4.4751800e+02   9.0000000e+01   1.0000000e+00   3.8710000e+03
   8.0000000e+00   7.7300000e+02   1.0351440e+03   4.7080300e+02   9.6000000e+01   1.0000000e+00   3.8710000e+03
   8.0000000e+00   7.7400000e+02   1.0271940e+03   4.6739500e+02   9.6000000e+01   1.0000000e+00   3.8710000e+03
   8.0000000e+00   7.7500000e+02   1.0237870e+03   4.5660500e+02   9.6000000e+01   1.0000000e+00   3.8710000e+03
   8.0000000e+00   7.7600000e+02   1.0300330e+03   4.5319700e+02   9.6000000e+01   1.0000000e+00   3.8710000e+03
   8.0000000e+00   7.5000000e+02   9.9539600e+02   4.6398800e+02   7.5000000e+01   1.0000000e+00   3.8740000e+03
   8.0000000e+00   7.5100000e+02   9.8006500e+02   4.6001200e+02   7.5000000e+01   1.0000000e+00   3.8740000e+03
   8.0000000e+00   7.5200000e+02   1.0073200e+03   4.7477800e+02   8.1000000e+01   1.0000000e+00   3.8740000e+03
   8.0000000e+00   7.5300000e+02   1.0090240e+03   4.5490100e+02   8.4000000e+01   1.0000000e+00   3.8740000e+03
   8.0000000e+00   7.5400000e+02   9.8915000e+02   4.8329700e+02   8.4000000e+01   1.0000000e+00   3.8740000e+03
   8.0000000e+00   7.5500000e+02   9.9028600e+02   4.9465500e+02   8.4000000e+01   1.0000000e+00   3.8740000e+03
   8.0000000e+00   7.5600000e+02   9.9312500e+02   4.9238300e+02   8.8000000e+01   1.0000000e+00   3.8740000e+03
   8.0000000e+00   7.5700000e+02   9.9880300e+02   4.7705000e+02   8.8000000e+01   1.0000000e+00   3.8740000e+03
   8.0000000e+00   7.5800000e+02   9.9596400e+02   4.7080300e+02   8.8000000e+01   1.0000000e+00   3.8740000e+03
   8.0000000e+00   7.3300000e+02   1.0519890e+03   4.1230700e+02   1.0400000e+02   1.0000000e+00   3.8770000e+03
   8.0000000e+00   7.3400000e+02   1.0663740e+03   3.8883300e+02   1.0400000e+02   1.0000000e+00   3.8790000e+03
   8.0000000e+00   7.3500000e+02   1.0527460e+03   3.9110500e+02   1.0600000e+02   1.0000000e+00   3.8790000e+03
   8.0000000e+00   7.3600000e+02   1.0667530e+03   3.7823200e+02   1.0600000e+02   1.0000000e+00   3.8790000e+03
   8.0000000e+00   7.3700000e+02   1.0656170e+03   4.0170600e+02   1.0700000e+02   1.0000000e+00   3.8790000e+03
   8.0000000e+00   7.3800000e+02   1.0667530e+03   4.0624900e+02   1.0900000e+02   1.0000000e+00   3.8790000e+03
   8.0000000e+00   7.3900000e+02   1.0550180e+03   3.8769800e+02   1.1400000e+02   1.0000000e+00   3.8790000e+03
   8.0000000e+00   7.4000000e+02   1.0504750e+03   3.9981300e+02   1.1400000e+02   1.0000000e+00   3.8790000e+03
   8.0000000e+00   7.6200000e+02   9.9426000e+02   4.6114800e+02   1.0500000e+02   1.0000000e+00   3.8810000e+03
   8.0000000e+00   7.6300000e+02   1.0141340e+03   4.5092600e+02   1.0500000e+02   1.0000000e+00   3.8810000e+03
   8.0000000e+00   7.6400000e+02   1.0169730e+03   4.3502400e+02   1.0500000e+02   1.0000000e+00   3.8810000e+03
   8.0000000e+00   7.6500000e+02   1.0084560e+03   4.5092600e+02   1.0900000e+02   1.0000000e+00   3.8810000e+03
   8.0000000e+00   7.6600000e+02   1.0112950e+03   4.3729600e+02   1.1300000e+02   1.0000000e+00   3.8810000e+03
   8.0000000e+00   7.3000000e+02   1.0300330e+03   3.9261900e+02   8.9000000e+01   3.0000000e+00   3.8850000e+03
   8.0000000e+00   7.2900000e+02   1.0376040e+03   3.9299800e+02   8.9000000e+01   3.0000000e+00   3.8860000e+03
   8.0000000e+00   7.3100000e+02   1.0542610e+03   4.0284200e+02   8.4000000e+01   3.0000000e+00   3.8900000e+03
   8.0000000e+00   7.3200000e+02   1.0584250e+03   4.0397800e+02   8.8000000e+01   3.0000000e+00   3.8910000e+03
   8.0000000e+00   7.2400000e+02   1.0599390e+03   4.2518000e+02   7.1000000e+01   2.0000000e+00   3.8930000e+03
   8.0000000e+00   7.2500000e+02   1.0610740e+03   4.2101500e+02   7.5000000e+01   2.0000000e+00   3.8930000e+03
   8.0000000e+00   7.2600000e+02   1.0572890e+03   4.3616000e+02   7.7000000e+01   2.0000000e+00   3.8930000e+03
   8.0000000e+00   7.1800000e+02   1.0266260e+03   4.2404400e+02   6.7000000e+01   2.0000000e+00   3.8940000e+03
   8.0000000e+00   7.1900000e+02   1.0288980e+03   4.3843100e+02   7.0000000e+01   2.0000000e+00   3.8940000e+03
   8.0000000e+00   7.2000000e+02   1.0069420e+03   4.1987900e+02   7.0000000e+01   1.0000000e+00   3.8940000e+03
   8.0000000e+00   7.2100000e+02   1.0005060e+03   4.4221700e+02   7.0000000e+01   1.0000000e+00   3.8940000e+03
   8.0000000e+00   7.2200000e+02   1.0148910e+03   4.4903200e+02   7.0000000e+01   1.0000000e+00   3.8940000e+03
   8.0000000e+00   7.2300000e+02   1.0372260e+03   4.4979000e+02   7.0000000e+01   1.0000000e+00   3.8940000e+03
   8.0000000e+00   7.4800000e+02   1.0209480e+03   4.5490100e+02   7.6000000e+01   1.0000000e+00   3.8940000e+03
   8.0000000e+00   7.4900000e+02   1.0112950e+03   4.1287500e+02   8.1000000e+01   1.0000000e+00   3.8940000e+03
   8.0000000e+00   7.1500000e+02   9.9558500e+02   4.0170600e+02   6.3000000e+01   2.0000000e+00   3.8990000e+03
   8.0000000e+00   7.1600000e+02   1.0069420e+03   3.9299800e+02   7.0000000e+01   2.0000000e+00   3.8990000e+03
   8.0000000e+00   7.1700000e+02   9.8650000e+02   4.0890000e+02   7.1000000e+01   2.0000000e+00   3.8990000e+03
   8.0000000e+00   8.1000000e+02   9.5886600e+02   3.9470200e+02   7.4000000e+01   1.0000000e+00   3.9000000e+03
   8.0000000e+00   8.1100000e+02   9.5508100e+02   3.9962400e+02   7.4000000e+01   1.0000000e+00   3.9000000e+03
   8.0000000e+00   8.1200000e+02   9.6795100e+02   3.8182900e+02   7.4000000e+01   1.0000000e+00   3.9000000e+03
   8.0000000e+00   8.1300000e+02   9.5886600e+02   3.8296500e+02   7.4000000e+01   1.0000000e+00   3.9000000e+03
   8.0000000e+00   8.1400000e+02   9.5205200e+02   3.7842200e+02   7.4000000e+01   1.0000000e+00   3.9000000e+03
   8.0000000e+00   8.1500000e+02   9.5015900e+02   3.8940100e+02   8.0000000e+01   1.0000000e+00   3.9000000e+03
   8.0000000e+00   8.1600000e+02   9.4940200e+02   3.7577100e+02   8.4000000e+01   1.0000000e+00   3.9000000e+03
   8.0000000e+00   8.1900000e+02   9.8233600e+02   3.7728600e+02   8.4000000e+01   3.0000000e+00   3.9000000e+03
   8.0000000e+00   8.2000000e+02   9.8082200e+02   3.6441300e+02   8.0000000e+01   3.0000000e+00   3.9000000e+03
   8.0000000e+00   8.2100000e+02   9.7022300e+02   3.6327700e+02   8.6000000e+01   1.0000000e+00   3.9000000e+03
   8.0000000e+00   8.2200000e+02   9.6833000e+02   3.5305500e+02   9.0000000e+01   1.0000000e+00   3.9000000e+03
   8.0000000e+00   8.2300000e+02   9.8309300e+02   3.6176300e+02   9.0000000e+01   1.0000000e+00   3.9000000e+03
   8.0000000e+00   8.2400000e+02   9.9104300e+02   3.7160700e+02   9.0000000e+01   1.0000000e+00   3.9000000e+03
   8.0000000e+00   8.2500000e+02   9.9104300e+02   3.7728600e+02   9.0000000e+01   1.0000000e+00   3.9000000e+03
   8.0000000e+00   8.2600000e+02   9.7438700e+02   3.5987000e+02   9.4000000e+01   1.0000000e+00   3.9000000e+03
   8.0000000e+00   7.2700000e+02   1.0338190e+03   3.8959100e+02   8.0000000e+01   3.0000000e+00   3.9010000e+03
   8.0000000e+00   7.2800000e+02   1.0394970e+03   3.9375500e+02   8.2000000e+01   3.0000000e+00   3.9010000e+03
   8.0000000e+00   6.9300000e+02   1.0408220e+03   3.5267600e+02   5.7000000e+01   1.0000000e+00   3.9020000e+03
   8.0000000e+00   6.9400000e+02   1.0493390e+03   3.5627300e+02   6.2000000e+01   1.0000000e+00   3.9020000e+03
   8.0000000e+00   6.9500000e+02   1.0561530e+03   3.6952400e+02   6.2000000e+01   1.0000000e+00   3.9020000e+03
   8.0000000e+00   6.9600000e+02   1.0406330e+03   3.4983600e+02   6.2000000e+01   1.0000000e+00   3.9020000e+03
   8.0000000e+00   6.9700000e+02   1.0141340e+03   3.5475800e+02   6.5000000e+01   1.0000000e+00   3.9020000e+03
   8.0000000e+00   6.9800000e+02   1.0266260e+03   3.7293200e+02   6.5000000e+01   1.0000000e+00   3.9020000e+03
   8.0000000e+00   6.9900000e+02   1.0270050e+03   3.6498100e+02   6.3000000e+01   1.0000000e+00   3.9020000e+03
   8.0000000e+00   7.0000000e+02   1.0186770e+03   3.6270900e+02   6.9000000e+01   1.0000000e+00   3.9020000e+03
   8.0000000e+00   7.0100000e+02   1.0368470e+03   3.7861100e+02   6.9000000e+01   1.0000000e+00   3.9020000e+03
   8.0000000e+00   7.0200000e+02   1.0459320e+03   3.6270900e+02   6.9000000e+01   1.0000000e+00   3.9020000e+03
   8.0000000e+00   7.0300000e+02   1.0542610e+03   3.6687400e+02   6.3000000e+01   1.0000000e+00   3.9020000e+03
   8.0000000e+00   7.0400000e+02   1.0659960e+03   3.6801000e+02   6.8000000e+01   2.0000000e+00   3.9020000e+03
   8.0000000e+00   7.0500000e+02   1.0360900e+03   3.6914600e+02   7.1000000e+01   2.0000000e+00   3.9020000e+03
   8.0000000e+00   7.0600000e+02   1.0319260e+03   3.7671800e+02   7.4000000e+01   2.0000000e+00   3.9020000e+03
   8.0000000e+00   7.0700000e+02   1.0239770e+03   3.7028100e+02   7.4000000e+01   1.0000000e+00   3.9020000e+03
   8.0000000e+00   7.0800000e+02   1.0323050e+03   3.7671800e+02   7.4000000e+01   2.0000000e+00   3.9020000e+03
   8.0000000e+00   7.0900000e+02   1.0349540e+03   3.4945800e+02   7.1000000e+01   1.0000000e+00   3.9020000e+03
   8.0000000e+00   7.1000000e+02   1.0209480e+03   3.4945800e+02   7.1000000e+01   1.0000000e+00   3.9020000e+03
   8.0000000e+00   7.1100000e+02   1.0152700e+03   3.5400100e+02   7.3000000e+01   1.0000000e+00   3.9020000e+03
   8.0000000e+00   7.1300000e+02   1.0690240e+03   3.4567200e+02   7.6000000e+01   1.0000000e+00   3.9020000e+03
   8.0000000e+00   7.1400000e+02   1.0394970e+03   3.8315400e+02   8.0000000e+01   3.0000000e+00   3.9020000e+03
   8.0000000e+00   7.1200000e+02   1.0239770e+03   3.6157300e+02   8.0000000e+01   1.0000000e+00   3.9030000e+03
   5.0000000e+00   1.1160000e+03   1.1294030e+03   4.2934500e+02   3.5000000e+01   1.0000000e+00   4.2970000e+03
   1.0000000e+01   1.0900000e+02   4.8208300e+02   2.6976000e+02   2.8000000e+01   1.0000000e+00   1.4990000e+03
   1.0000000e+01   1.1000000e+02   4.7564800e+02   2.5991600e+02   2.8000000e+01   1.0000000e+00   1.4990000e+03
   1.0000000e+01   1.1100000e+02   4.9230400e+02   2.5726600e+02   2.8000000e+01   1.0000000e+00   1.4990000e+03
   1.0000000e+01   1.1200000e+02   4.7905400e+02   2.5915900e+02   3.3000000e+01   1.0000000e+00   1.4990000e+03
   1.0000000e+01   1.1300000e+02   4.8511100e+02   2.5385900e+02   3.3000000e+01   1.0000000e+00   1.4990000e+03
   1.0000000e+01   1.1400000e+02   5.0441700e+02   2.5802300e+02   3.3000000e+01   1.0000000e+00   1.4990000e+03
   1.0000000e+01   1.1500000e+02   4.9836100e+02   2.3606400e+02   3.3000000e+01   1.0000000e+00   1.4990000e+03
   1.0000000e+01   1.1600000e+02   4.9192500e+02   2.3454900e+02   3.3000000e+01   1.0000000e+00   1.4990000e+03
   1.0000000e+01   1.1700000e+02   4.5974800e+02   2.9209800e+02   4.0000000e+01   1.0000000e+00   1.4990000e+03
   1.0000000e+01   1.2000000e+02   4.5179900e+02   2.8490500e+02   4.6000000e+01   1.0000000e+00   1.4990000e+03
   1.0000000e+01   1.2100000e+02   4.8586800e+02   2.2584100e+02   4.5000000e+01   1.0000000e+00   1.4990000e+03
   1.0000000e+01   1.2200000e+02   4.9608900e+02   2.2811300e+02   4.3000000e+01   2.0000000e+00   1.4990000e+03
   1.0000000e+01   1.2300000e+02   5.1672000e+02   2.3720000e+02   5.1000000e+01   3.0000000e+00   1.5000000e+03
   1.0000000e+01   1.2400000e+02   5.0082100e+02   2.3530700e+02   5.1000000e+01   3.0000000e+00   1.5000000e+03
   1.0000000e+01   1.2500000e+02   5.1255600e+02   2.8641900e+02   5.6000000e+01   1.0000000e+00   1.5000000e+03
   1.0000000e+01   1.2600000e+02   5.0195700e+02   2.8111900e+02   6.2000000e+01   1.0000000e+00   1.5000000e+03
   1.0000000e+01   1.2700000e+02   5.1179900e+02   2.7884700e+02   6.2000000e+01   1.0000000e+00   1.5000000e+03
   1.0000000e+01   1.2800000e+02   4.8037900e+02   2.5726600e+02   6.2000000e+01   2.0000000e+00   1.5000000e+03
   1.0000000e+01   1.2900000e+02   4.9362900e+02   2.6673100e+02   6.2000000e+01   2.0000000e+00   1.5000000e+03
   1.0000000e+01   1.3000000e+02   4.8378600e+02   2.5953800e+02   6.7000000e+01   1.0000000e+00   1.5000000e+03
   1.0000000e+01   1.3100000e+02   4.6220900e+02   2.6673100e+02   6.7000000e+01   1.0000000e+00   1.5000000e+03
   1.0000000e+01   1.1800000e+02   4.2832900e+02   2.7165300e+02   4.0000000e+01   1.0000000e+00   1.5060000e+03
   1.0000000e+01   1.1900000e+02   4.3741400e+02   2.6900300e+02   4.0000000e+01   1.0000000e+00   1.5060000e+03
   1.0000000e+01   1.7500000e+02   4.8000100e+02   1.7624300e+02   4.8000000e+01   1.0000000e+00   1.5120000e+03
   1.0000000e+01   1.7600000e+02   4.9211400e+02   1.7397200e+02   4.8000000e+01   1.0000000e+00   1.5120000e+03
   1.0000000e+01   1.7700000e+02   4.8454300e+02   1.8078700e+02   5.1000000e+01   1.0000000e+00   1.5120000e+03
   1.0000000e+01   1.7800000e+02   5.0384900e+02   1.9744600e+02   5.2000000e+01   1.0000000e+00   1.5120000e+03
   1.0000000e+01   1.7900000e+02   4.9855000e+02   1.8873800e+02   5.5000000e+01   2.0000000e+00   1.5120000e+03
   1.0000000e+01   1.8000000e+02   5.0195700e+02   2.0615400e+02   5.6000000e+01   1.0000000e+00   1.5120000e+03
   1.0000000e+01   1.8100000e+02   4.9173600e+02   2.0463900e+02   6.3000000e+01   1.0000000e+00   1.5120000e+03
   1.0000000e+01   1.8200000e+02   4.9514300e+02   1.9100900e+02   6.3000000e+01   1.0000000e+00   1.5120000e+03
   1.0000000e+01   1.8300000e+02   4.8113600e+02   1.8078700e+02   5.8000000e+01   2.0000000e+00   1.5120000e+03
   1.0000000e+01   1.8400000e+02   4.7621500e+02   1.8911600e+02   5.8000000e+01   2.0000000e+00   1.5120000e+03
   1.0000000e+01   1.8500000e+02   4.9362900e+02   1.8381600e+02   5.8000000e+01   1.0000000e+00   1.5120000e+03
   1.0000000e+01   2.1000000e+02   4.5577400e+02   1.7321400e+02   7.4000000e+01   3.0000000e+00   1.5410000e+03
   1.0000000e+01   2.1400000e+02   4.7924400e+02   1.8381600e+02   6.9000000e+01   3.0000000e+00   1.5430000e+03
   1.0000000e+01   2.1500000e+02   4.8000100e+02   1.7283600e+02   6.9000000e+01   3.0000000e+00   1.5440000e+03
   1.0000000e+01   2.1600000e+02   5.0422800e+02   1.5201200e+02   7.3000000e+01   3.0000000e+00   1.5470000e+03
   1.0000000e+01   2.1700000e+02   5.2012700e+02   1.4595400e+02   7.3000000e+01   2.0000000e+00   1.5470000e+03
   1.0000000e+01   2.1900000e+02   4.9817100e+02   1.8154400e+02   7.5000000e+01   2.0000000e+00   1.5470000e+03
   1.0000000e+01   2.2000000e+02   4.9476400e+02   1.6602100e+02   7.5000000e+01   2.0000000e+00   1.5470000e+03
   1.0000000e+01   2.2100000e+02   4.9779300e+02   1.6147800e+02   8.1000000e+01   2.0000000e+00   1.5470000e+03
   1.0000000e+01   2.2200000e+02   5.0006400e+02   1.7775800e+02   8.0000000e+01   1.0000000e+00   1.5470000e+03
   1.0000000e+01   2.2300000e+02   5.2277700e+02   1.3232400e+02   7.9000000e+01   1.0000000e+00   1.5470000e+03
   1.0000000e+01   2.2400000e+02   5.1407000e+02   1.4595400e+02   7.9000000e+01   1.0000000e+00   1.5470000e+03
   1.0000000e+01   2.2500000e+02   5.0536400e+02   1.3043100e+02   7.9000000e+01   1.0000000e+00   1.5470000e+03
   1.0000000e+01   2.2600000e+02   5.0157800e+02   1.3913900e+02   8.3000000e+01   1.0000000e+00   1.5470000e+03
   1.0000000e+01   2.2700000e+02   5.1861300e+02   1.2399500e+02   8.3000000e+01   1.0000000e+00   1.5470000e+03
   1.0000000e+01   2.1100000e+02   4.8000100e+02   1.7775800e+02   6.6000000e+01   3.0000000e+00   1.5480000e+03
   1.0000000e+01   2.1200000e+02   4.7886500e+02   1.7056400e+02   6.6000000e+01   3.0000000e+00   1.5480000e+03
   1.0000000e+01   2.1300000e+02   4.8302900e+02   1.6526400e+02   6.6000000e+01   3.0000000e+00   1.5480000e+03
   1.0000000e+01   1.8600000e+02   4.7848700e+02   1.8305800e+02   6.2000000e+01   3.0000000e+00   1.5500000e+03
   1.0000000e+01   1.8700000e+02   4.7697200e+02   1.9025200e+02   6.2000000e+01   3.0000000e+00   1.5500000e+03
   1.0000000e+01   1.8800000e+02   4.6713000e+02   1.8078700e+02   6.2000000e+01   3.0000000e+00   1.5500000e+03
   1.0000000e+01   1.8900000e+02   4.8378600e+02   1.6980700e+02   6.2000000e+01   3.0000000e+00   1.5500000e+03
   1.0000000e+01   1.9000000e+02   4.9892800e+02   1.4444000e+02   6.2000000e+01   3.0000000e+00   1.5540000e+03
   1.0000000e+01   1.9100000e+02   4.8492200e+02   1.5504100e+02   5.5000000e+01   2.0000000e+00   1.5540000e+03
   1.0000000e+01   1.9200000e+02   4.9741400e+02   1.3497500e+02   5.5000000e+01   2.0000000e+00   1.5540000e+03
   1.0000000e+01   1.9300000e+02   4.7773000e+02   1.5617700e+02   5.9000000e+01   2.0000000e+00   1.5540000e+03
   1.0000000e+01   1.9400000e+02   4.8416500e+02   1.5314800e+02   5.9000000e+01   2.0000000e+00   1.5540000e+03
   1.0000000e+01   2.1800000e+02   4.9438600e+02   1.7170000e+02   5.1000000e+01   1.0000000e+00   1.5540000e+03
   1.0000000e+01   2.2800000e+02   4.5350200e+02   1.7775800e+02   8.3000000e+01   1.0000000e+00   1.5620000e+03
   1.0000000e+01   2.2900000e+02   4.2170400e+02   1.5428400e+02   8.8000000e+01   1.0000000e+00   1.5620000e+03
   1.0000000e+01   2.3000000e+02   4.3041100e+02   1.5428400e+02   8.8000000e+01   1.0000000e+00   1.5620000e+03
   1.0000000e+01   2.3100000e+02   4.6334500e+02   1.3459600e+02   9.1000000e+01   2.0000000e+00   1.5620000e+03
   1.0000000e+01   3.0700000e+02   4.7754000e+02   1.0071000e+02   8.8000000e+01   1.0000000e+00   1.5650000e+03
   1.0000000e+01   3.0800000e+02   4.6618400e+02   1.0487500e+02   9.2000000e+01   1.0000000e+00   1.5650000e+03
   1.0000000e+01   3.0900000e+02   4.4271400e+02   1.0298200e+02   9.6000000e+01   1.0000000e+00   1.5650000e+03
   1.0000000e+01   3.1000000e+02   4.4082100e+02   9.2381000e+01   9.6000000e+01   1.0000000e+00   1.5650000e+03
   1.0000000e+01   3.1100000e+02   4.8700400e+02   1.1017600e+02   9.6000000e+01   1.0000000e+00   1.5650000e+03
   1.0000000e+01   2.3800000e+02   4.3438600e+02   1.6015200e+02   6.2000000e+01   1.0000000e+00   1.5680000e+03
   1.0000000e+01   2.3900000e+02   4.3022200e+02   1.4652200e+02   6.2000000e+01   1.0000000e+00   1.5680000e+03
   1.0000000e+01   2.4000000e+02   4.4422800e+02   1.5750200e+02   6.4000000e+01   1.0000000e+00   1.5680000e+03
   1.0000000e+01   2.4100000e+02   4.3097900e+02   1.5560900e+02   6.6000000e+01   2.0000000e+00   1.5680000e+03
   1.0000000e+01   2.4200000e+02   4.2908600e+02   1.4652200e+02   6.6000000e+01   2.0000000e+00   1.5680000e+03
   1.0000000e+01   2.4300000e+02   4.1659400e+02   1.6204500e+02   7.0000000e+01   1.0000000e+00   1.5680000e+03
   1.0000000e+01   2.4400000e+02   4.0258700e+02   1.4803700e+02   7.3000000e+01   1.0000000e+00   1.5680000e+03
   1.0000000e+01   2.4500000e+02   4.0978000e+02   1.4841500e+02   7.5000000e+01   1.0000000e+00   1.5680000e+03
   1.0000000e+01   2.4600000e+02   4.1962200e+02   1.5447300e+02   7.5000000e+01   1.0000000e+00   1.5680000e+03
   1.0000000e+01   2.4700000e+02   4.1924400e+02   1.6204500e+02   7.5000000e+01   1.0000000e+00   1.5680000e+03
   1.0000000e+01   3.0000000e+02   4.5369200e+02   1.2115500e+02   6.7000000e+01   2.0000000e+00   1.5720000e+03
   1.0000000e+01   3.0100000e+02   4.4801300e+02   1.1396200e+02   7.2000000e+01   2.0000000e+00   1.5720000e+03
   1.0000000e+01   3.0200000e+02   4.4120000e+02   1.1396200e+02   7.5000000e+01   2.0000000e+00   1.5720000e+03
   1.0000000e+01   3.0300000e+02   4.4877000e+02   1.1434000e+02   7.5000000e+01   2.0000000e+00   1.5720000e+03
   1.0000000e+01   2.4900000e+02   3.5791900e+02   1.7491800e+02   8.2000000e+01   1.0000000e+00   1.5780000e+03
   1.0000000e+01   2.5000000e+02   3.6662500e+02   1.9195600e+02   8.9000000e+01   1.0000000e+00   1.5780000e+03
   1.0000000e+01   2.0500000e+02   4.0656200e+02   2.0009600e+02   6.2000000e+01   1.0000000e+00   1.5840000e+03
   1.0000000e+01   2.0600000e+02   4.1602600e+02   2.0123200e+02   6.2000000e+01   1.0000000e+00   1.5840000e+03
   1.0000000e+01   2.0700000e+02   4.0429100e+02   2.0615400e+02   6.8000000e+01   1.0000000e+00   1.5840000e+03
   1.0000000e+01   2.0800000e+02   4.1413300e+02   2.1031800e+02   6.8000000e+01   1.0000000e+00   1.5840000e+03
   1.0000000e+01   2.0900000e+02   4.2435400e+02   2.0728900e+02   6.8000000e+01   1.0000000e+00   1.5840000e+03
   1.0000000e+01   2.9900000e+02   4.0675100e+02   1.1244700e+02   8.0000000e+01   1.0000000e+00   1.6840000e+03
   1.0000000e+01   2.8600000e+02   4.0410200e+02   1.5712300e+02   9.3000000e+01   2.0000000e+00   1.6850000e+03
   1.0000000e+01   2.8700000e+02   4.1735100e+02   1.5750200e+02   9.6000000e+01   1.0000000e+00   1.6850000e+03
   1.0000000e+01   3.0400000e+02   3.9501600e+02   1.2153400e+02   8.8000000e+01   2.0000000e+00   1.6850000e+03
   1.0000000e+01   3.0500000e+02   3.9804500e+02   1.0904000e+02   8.8000000e+01   1.0000000e+00   1.6850000e+03
   1.0000000e+01   3.0600000e+02   3.9955900e+02   1.1736900e+02   9.3000000e+01   1.0000000e+00   1.6850000e+03
   1.0000000e+01   1.9500000e+02   5.2050600e+02   1.6677800e+02   5.8000000e+01   2.0000000e+00   4.2090000e+03
   1.0000000e+01   1.9600000e+02   5.2315500e+02   1.7283600e+02   6.4000000e+01   3.0000000e+00   4.2090000e+03
   1.0000000e+01   1.9700000e+02   5.0498500e+02   1.5844900e+02   6.4000000e+01   3.0000000e+00   4.2090000e+03
   1.0000000e+01   1.9800000e+02   5.1217800e+02   1.7170000e+02   6.6000000e+01   3.0000000e+00   4.2090000e+03
   1.0000000e+01   1.9900000e+02   4.6069500e+02   1.9214500e+02   6.3000000e+01   2.0000000e+00   4.2100000e+03
   1.0000000e+01   2.0000000e+02   4.5198800e+02   1.7813600e+02   6.6000000e+01   2.0000000e+00   4.2100000e+03
   1.0000000e+01   2.0100000e+02   4.1791900e+02   2.2659900e+02   5.7000000e+01   2.0000000e+00   4.2110000e+03
   1.0000000e+01   2.0200000e+02   4.0429100e+02   2.1296900e+02   5.7000000e+01   1.0000000e+00   4.2110000e+03
   1.0000000e+01   2.0300000e+02   4.1867600e+02   2.0236700e+02   5.7000000e+01   1.0000000e+00   4.2110000e+03
   1.0000000e+01   2.0400000e+02   4.1413300e+02   1.9820300e+02   5.7000000e+01   1.0000000e+00   4.2110000e+03
   1.0000000e+01   2.4800000e+02   3.7533200e+02   1.5485200e+02   7.6000000e+01   1.0000000e+00   4.2120000e+03
   2.0000000e+00   3.3100000e+02   7.5549000e+02   6.9598100e+02   6.3000000e+01   1.0000000e+00   8.0000000e+01
   2.0000000e+00   3.3000000e+02   7.6429200e+02   6.9626500e+02   6.3000000e+01   1.0000000e+00   8.1000000e+01
   2.0000000e+00   3.2500000e+02   8.0101100e+02   7.3942700e+02   4.9000000e+01   1.0000000e+00   9.5000000e+01
   2.0000000e+00   3.2600000e+02   8.0366100e+02   7.3412600e+02   4.9000000e+01   1.0000000e+00   9.5000000e+01
   2.0000000e+00   3.2700000e+02   7.4810900e+02   6.8150000e+02   5.4000000e+01   1.0000000e+00   9.7000000e+01
   2.0000000e+00   3.2800000e+02   7.6400800e+02   7.0109300e+02   5.4000000e+01   1.0000000e+00   9.7000000e+01
   2.0000000e+00   3.2900000e+02   7.6997000e+02   6.9569700e+02   5.4000000e+01   1.0000000e+00   9.7000000e+01
   2.0000000e+00   3.3200000e+02   7.5889700e+02   6.5821500e+02   5.1000000e+01   1.0000000e+00   1.0000000e+02
   2.0000000e+00   3.3300000e+02   7.2823500e+02   6.5253600e+02   5.6000000e+01   1.0000000e+00   1.0100000e+02
   2.0000000e+00   3.3800000e+02   7.2473300e+02   7.7861300e+02   7.5000000e+01   1.0000000e+00   2.0800000e+02
   2.0000000e+00   3.3700000e+02   7.3306100e+02   7.8277800e+02   7.0000000e+01   1.0000000e+00   2.0900000e+02
   2.0000000e+00   3.3900000e+02   7.3949700e+02   7.8883600e+02   7.7000000e+01   1.0000000e+00   2.0900000e+02
   2.0000000e+00   3.4000000e+02   7.4555300e+02   7.7899200e+02   8.4000000e+01   1.0000000e+00   2.0900000e+02
   2.0000000e+00   3.2200000e+02   7.6221000e+02   9.0298700e+02   7.5000000e+01   1.0000000e+00   2.2900000e+02
   2.0000000e+00   3.2300000e+02   7.6069500e+02   8.9655000e+02   7.8000000e+01   1.0000000e+00   2.2900000e+02
   2.0000000e+00   3.2400000e+02   7.7470200e+02   8.8216300e+02   7.9000000e+01   1.0000000e+00   2.2900000e+02
   2.0000000e+00   3.2100000e+02   7.9211500e+02   8.6399000e+02   4.9000000e+01   1.0000000e+00   2.3700000e+02
   2.0000000e+00   3.2000000e+02   8.0120000e+02   8.4960300e+02   4.5000000e+01   1.0000000e+00   2.3800000e+02
   2.0000000e+00   3.4200000e+02   7.1867600e+02   8.0909100e+02   8.1000000e+01   1.0000000e+00   2.5300000e+02
   2.0000000e+00   3.4400000e+02   7.3154700e+02   8.0000500e+02   9.4000000e+01   1.0000000e+00   2.5600000e+02
   2.0000000e+00   3.4500000e+02   7.4668900e+02   8.0833400e+02   9.4000000e+01   1.0000000e+00   2.5600000e+02
   2.0000000e+00   3.4600000e+02   7.1867600e+02   8.0038300e+02   9.7000000e+01   1.0000000e+00   2.5600000e+02
   2.0000000e+00   3.4700000e+02   7.4063200e+02   7.9319000e+02   9.8000000e+01   1.0000000e+00   2.5600000e+02
   2.0000000e+00   3.4800000e+02   7.2246200e+02   7.9356800e+02   1.0000000e+02   1.0000000e+00   2.5600000e+02
   2.0000000e+00   3.4900000e+02   7.1262000e+02   7.8561800e+02   1.0000000e+02   1.0000000e+00   2.5600000e+02
   2.0000000e+00   3.5000000e+02   7.3116800e+02   7.7615200e+02   9.5000000e+01   1.0000000e+00   2.5600000e+02
   2.0000000e+00   3.4300000e+02   7.0429100e+02   8.3635100e+02   8.8000000e+01   1.0000000e+00   2.5700000e+02
   2.0000000e+00   3.4100000e+02   6.8422800e+02   8.1590600e+02   7.7000000e+01   1.0000000e+00   2.6000000e+02
   1.0000000e+00   3.1800000e+02   4.9798200e+02   3.9640600e+02   6.2000000e+01   4.0000000e+00   1.8400000e+03
   1.0000000e+00   3.1900000e+02   4.8832900e+02   3.8959100e+02   6.2000000e+01   4.0000000e+00   1.8400000e+03
   5.0000000e+00   1.1180000e+03   1.0947650e+03   3.3223100e+02   8.9000000e+01   4.0000000e+00   3.2780000e+03
   5.0000000e+00   1.1190000e+03   1.0868160e+03   3.3336700e+02   8.9000000e+01   4.0000000e+00   3.2780000e+03
   5.0000000e+00   1.1170000e+03   1.1061220e+03   3.3563900e+02   8.9000000e+01   4.0000000e+00   3.2790000e+03
   5.0000000e+00   1.0480000e+03   1.1279830e+03   3.4671300e+02   7.7000000e+01   4.0000000e+00   3.2820000e+03
   5.0000000e+00   1.0490000e+03   1.1115160e+03   3.3933000e+02   7.7000000e+01   4.0000000e+00   3.2820000e+03
   5.0000000e+00   9.9200000e+02   1.2597180e+03   3.9810900e+02   6.2000000e+01   1.0000000e+00   3.3020000e+03
   5.0000000e+00   9.7700000e+02   1.2381410e+03   3.8675100e+02   7.0000000e+01   1.0000000e+00   3.3030000e+03
   5.0000000e+00   9.7800000e+02   1.2497810e+03   3.7028100e+02   7.7000000e+01   1.0000000e+00   3.3030000e+03
   5.0000000e+00   9.7900000e+02   1.2350180e+03   3.8362700e+02   8.1000000e+01   1.0000000e+00   3.3030000e+03
   5.0000000e+00   9.9000000e+02   1.2497810e+03   3.7539300e+02   7.3000000e+01   1.0000000e+00   3.3030000e+03
   5.0000000e+00   9.9100000e+02   1.2580150e+03   3.6829400e+02   7.3000000e+01   1.0000000e+00   3.3030000e+03
   5.0000000e+00   1.1140000e+03   1.2316110e+03   4.2215100e+02   8.2000000e+01   1.0000000e+00   3.3040000e+03
   5.0000000e+00   1.1150000e+03   1.2494030e+03   4.1874400e+02   7.8000000e+01   1.0000000e+00   3.3040000e+03
   5.0000000e+00   1.1120000e+03   1.2781730e+03   4.2934500e+02   9.1000000e+01   1.0000000e+00   3.3090000e+03
   5.0000000e+00   1.1130000e+03   1.2740090e+03   4.5206100e+02   8.7000000e+01   1.0000000e+00   3.3090000e+03
   5.0000000e+00   1.0430000e+03   1.1609170e+03   3.4131800e+02   7.0000000e+01   4.0000000e+00   3.3480000e+03
   5.0000000e+00   1.0440000e+03   1.1524000e+03   3.4728100e+02   7.0000000e+01   4.0000000e+00   3.3480000e+03
   5.0000000e+00   1.0450000e+03   1.1708540e+03   3.4699700e+02   7.0000000e+01   4.0000000e+00   3.3480000e+03
   5.0000000e+00   1.0460000e+03   1.1552390e+03   3.2939100e+02   7.4000000e+01   4.0000000e+00   3.3480000e+03
   5.0000000e+00   1.0470000e+03   1.1501280e+03   3.3535500e+02   7.4000000e+01   4.0000000e+00   3.3480000e+03
   5.0000000e+00   1.0380000e+03   1.1492760e+03   3.2030500e+02   6.7000000e+01   4.0000000e+00   3.3500000e+03
   5.0000000e+00   1.0390000e+03   1.1387720e+03   3.2541600e+02   6.7000000e+01   4.0000000e+00   3.3500000e+03
   5.0000000e+00   1.0400000e+03   1.1356490e+03   3.1831700e+02   6.7000000e+01   4.0000000e+00   3.3500000e+03
   5.0000000e+00   1.0410000e+03   1.1333770e+03   3.1292200e+02   6.7000000e+01   4.0000000e+00   3.3500000e+03
   5.0000000e+00   1.0420000e+03   1.1294030e+03   3.0781100e+02   6.7000000e+01   4.0000000e+00   3.3500000e+03
   5.0000000e+00   1.0550000e+03   1.1356490e+03   3.0667500e+02   5.8000000e+01   1.0000000e+00   3.3500000e+03
   5.0000000e+00   1.0560000e+03   1.1069740e+03   3.1292200e+02   5.8000000e+01   1.0000000e+00   3.3500000e+03
   5.0000000e+00   1.0570000e+03   1.1001600e+03   3.2371200e+02   5.8000000e+01   1.0000000e+00   3.3500000e+03
   5.0000000e+00   1.0580000e+03   1.0941980e+03   3.1661300e+02   5.8000000e+01   1.0000000e+00   3.3500000e+03
   5.0000000e+00   1.0590000e+03   1.1328100e+03   2.7543900e+02   5.8000000e+01   1.0000000e+00   3.3500000e+03
   5.0000000e+00   1.0600000e+03   1.1302540e+03   2.9304500e+02   5.8000000e+01   1.0000000e+00   3.3500000e+03
   5.0000000e+00   1.0610000e+03   1.1126520e+03   2.9020500e+02   5.8000000e+01   1.0000000e+00   3.3500000e+03
   5.0000000e+00   1.0620000e+03   1.1197500e+03   2.8026700e+02   5.8000000e+01   1.0000000e+00   3.3500000e+03
   5.0000000e+00   1.0630000e+03   1.1115160e+03   2.8537800e+02   6.3000000e+01   1.0000000e+00   3.3500000e+03
   5.0000000e+00   1.0640000e+03   1.1282670e+03   2.7458800e+02   6.3000000e+01   1.0000000e+00   3.3500000e+03
   5.0000000e+00   1.0650000e+03   1.1203170e+03   2.7771100e+02   6.6000000e+01   1.0000000e+00   3.3500000e+03
   5.0000000e+00   1.0660000e+03   1.1254280e+03   2.6351300e+02   6.6000000e+01   1.0000000e+00   3.3500000e+03
   5.0000000e+00   1.0670000e+03   1.1441660e+03   2.6635300e+02   6.6000000e+01   1.0000000e+00   3.3500000e+03
   5.0000000e+00   1.0680000e+03   1.1160590e+03   2.7316800e+02   7.1000000e+01   1.0000000e+00   3.3500000e+03
   5.0000000e+00   1.0690000e+03   1.1365000e+03   2.6180900e+02   7.4000000e+01   1.0000000e+00   3.3500000e+03
   5.0000000e+00   1.0700000e+03   1.1285510e+03   2.6436500e+02   7.7000000e+01   1.0000000e+00   3.3500000e+03
   5.0000000e+00   1.0710000e+03   1.1234400e+03   2.7345200e+02   7.7000000e+01   1.0000000e+00   3.3500000e+03
   5.0000000e+00   1.0720000e+03   1.1328100e+03   2.8168600e+02   7.2000000e+01   1.0000000e+00   3.3500000e+03
   5.0000000e+00   1.0730000e+03   1.1365000e+03   2.8850100e+02   7.0000000e+01   3.0000000e+00   3.3500000e+03
   5.0000000e+00   1.0740000e+03   1.1521160e+03   2.7998300e+02   7.3000000e+01   1.0000000e+00   3.3500000e+03
   5.0000000e+00   1.0780000e+03   1.1274150e+03   2.9929200e+02   6.9000000e+01   1.0000000e+00   3.3500000e+03
   5.0000000e+00   1.0790000e+03   1.0936300e+03   3.1121800e+02   6.4000000e+01   1.0000000e+00   3.3500000e+03
   5.0000000e+00   1.0800000e+03   1.0930620e+03   3.2314400e+02   6.4000000e+01   1.0000000e+00   3.3500000e+03
   5.0000000e+00   1.0810000e+03   1.1257120e+03   3.2115700e+02   6.4000000e+01   1.0000000e+00   3.3500000e+03
   5.0000000e+00   1.0820000e+03   1.1137870e+03   3.2995900e+02   6.7000000e+01   1.0000000e+00   3.3500000e+03
   5.0000000e+00   1.0830000e+03   1.1132200e+03   3.1916900e+02   7.1000000e+01   1.0000000e+00   3.3500000e+03
   5.0000000e+00   1.0840000e+03   1.1171940e+03   2.9730400e+02   6.7000000e+01   1.0000000e+00   3.3500000e+03
   5.0000000e+00   1.0850000e+03   1.1112320e+03   2.8708200e+02   6.7000000e+01   1.0000000e+00   3.3500000e+03
   5.0000000e+00   1.0860000e+03   1.1259960e+03   3.0752700e+02   7.3000000e+01   1.0000000e+00   3.3500000e+03
   5.0000000e+00   1.0870000e+03   1.1217370e+03   2.9389700e+02   7.7000000e+01   1.0000000e+00   3.3500000e+03
   5.0000000e+00   1.0880000e+03   1.1132200e+03   2.8963700e+02   7.7000000e+01   1.0000000e+00   3.3500000e+03
   5.0000000e+00   1.0890000e+03   1.1044180e+03   2.8906900e+02   7.7000000e+01   1.0000000e+00   3.3500000e+03
   5.0000000e+00   1.0900000e+03   1.0998760e+03   2.9730400e+02   7.7000000e+01   1.0000000e+00   3.3500000e+03
   5.0000000e+00   1.0910000e+03   1.1061220e+03   3.0667500e+02   7.7000000e+01   1.0000000e+00   3.3500000e+03
   5.0000000e+00   1.0920000e+03   1.1254280e+03   3.1434200e+02   7.7000000e+01   1.0000000e+00   3.3500000e+03
   5.0000000e+00   1.0930000e+03   1.1186140e+03   3.1803300e+02   8.4000000e+01   1.0000000e+00   3.3500000e+03
   5.0000000e+00   1.0940000e+03   1.1100970e+03   3.0894600e+02   8.4000000e+01   1.0000000e+00   3.3500000e+03
   5.0000000e+00   1.0950000e+03   1.1055540e+03   3.0326700e+02   8.4000000e+01   1.0000000e+00   3.3500000e+03
   5.0000000e+00   1.0960000e+03   1.1089610e+03   2.9361300e+02   8.4000000e+01   1.0000000e+00   3.3500000e+03
   5.0000000e+00   1.0970000e+03   1.1475730e+03   2.8935300e+02   7.3000000e+01   1.0000000e+00   3.3500000e+03
   5.0000000e+00   1.0980000e+03   1.1399070e+03   3.0269900e+02   7.3000000e+01   1.0000000e+00   3.3500000e+03
   5.0000000e+00   1.0990000e+03   1.1586460e+03   2.9418100e+02   7.7000000e+01   1.0000000e+00   3.3500000e+03
   5.0000000e+00   1.1000000e+03   1.1472890e+03   2.9957600e+02   7.7000000e+01   1.0000000e+00   3.3500000e+03
   5.0000000e+00   1.1010000e+03   1.1549550e+03   3.0894600e+02   7.7000000e+01   1.0000000e+00   3.3500000e+03
   5.0000000e+00   1.1020000e+03   1.1492760e+03   3.1150200e+02   7.7000000e+01   1.0000000e+00   3.3500000e+03
   5.0000000e+00   1.1030000e+03   1.1671630e+03   3.0128000e+02   8.2000000e+01   1.0000000e+00   3.3500000e+03
   5.0000000e+00   1.1040000e+03   1.1524000e+03   3.1491000e+02   8.2000000e+01   1.0000000e+00   3.3500000e+03
   5.0000000e+00   1.1050000e+03   1.1435980e+03   3.0383500e+02   8.2000000e+01   1.0000000e+00   3.3500000e+03
   5.0000000e+00   1.1060000e+03   1.1427460e+03   2.8566200e+02   8.2000000e+01   1.0000000e+00   3.3500000e+03
   5.0000000e+00   1.1070000e+03   1.1461530e+03   2.9872400e+02   8.5000000e+01   1.0000000e+00   3.3500000e+03
   5.0000000e+00   1.1080000e+03   1.1518320e+03   2.8850100e+02   7.9000000e+01   1.0000000e+00   3.3500000e+03
   5.0000000e+00   1.1090000e+03   1.1506960e+03   2.7203200e+02   7.9000000e+01   1.0000000e+00   3.3500000e+03
   5.0000000e+00   1.1100000e+03   1.1430300e+03   2.7430400e+02   7.9000000e+01   1.0000000e+00   3.3500000e+03
   5.0000000e+00   1.0360000e+03   1.1603490e+03   3.3024300e+02   6.7000000e+01   4.0000000e+00   3.3510000e+03
   5.0000000e+00   1.0370000e+03   1.1549550e+03   3.2683600e+02   6.7000000e+01   4.0000000e+00   3.3510000e+03
   5.0000000e+00   1.0340000e+03   1.1711380e+03   3.4642900e+02   6.6000000e+01   4.0000000e+00   3.3520000e+03
   5.0000000e+00   1.0350000e+03   1.1700020e+03   3.3336700e+02   6.5000000e+01   4.0000000e+00   3.3520000e+03
   5.0000000e+00   9.4100000e+02   1.1859010e+03   2.7799500e+02   6.1000000e+01   1.0000000e+00   3.3540000e+03
   5.0000000e+00   9.4200000e+02   1.1947020e+03   2.8537800e+02   6.5000000e+01   1.0000000e+00   3.3540000e+03
   5.0000000e+00   9.4300000e+02   1.1674470e+03   2.6720500e+02   6.5000000e+01   1.0000000e+00   3.3540000e+03
   5.0000000e+00   9.4400000e+02   1.1609170e+03   2.7600700e+02   6.5000000e+01   1.0000000e+00   3.3540000e+03
   5.0000000e+00   9.4500000e+02   1.1612010e+03   2.8310600e+02   6.5000000e+01   1.0000000e+00   3.3540000e+03
   5.0000000e+00   9.4600000e+02   1.1745450e+03   2.7118000e+02   6.9000000e+01   1.0000000e+00   3.3540000e+03
   5.0000000e+00   9.4700000e+02   1.1813590e+03   2.7998300e+02   6.9000000e+01   1.0000000e+00   3.3540000e+03
   5.0000000e+00   9.4800000e+02   1.1748290e+03   2.8339000e+02   6.9000000e+01   1.0000000e+00   3.3540000e+03
   5.0000000e+00   9.4900000e+02   1.1694340e+03   2.8594600e+02   6.9000000e+01   1.0000000e+00   3.3540000e+03
   5.0000000e+00   9.5000000e+02   1.1623360e+03   2.8963700e+02   6.9000000e+01   1.0000000e+00   3.3540000e+03
   5.0000000e+00   9.5100000e+02   1.1688660e+03   2.9446500e+02   6.9000000e+01   1.0000000e+00   3.3540000e+03
   5.0000000e+00   9.5200000e+02   1.1725570e+03   3.0014400e+02   6.9000000e+01   1.0000000e+00   3.3540000e+03
   5.0000000e+00   9.5300000e+02   1.1569420e+03   2.9361300e+02   6.9000000e+01   1.0000000e+00   3.3540000e+03
   5.0000000e+00   9.5400000e+02   1.1697180e+03   3.1405800e+02   6.9000000e+01   1.0000000e+00   3.3540000e+03
   5.0000000e+00   9.5500000e+02   1.1575100e+03   3.1263800e+02   6.9000000e+01   1.0000000e+00   3.3540000e+03
   5.0000000e+00   9.5600000e+02   1.1515480e+03   3.0695900e+02   6.9000000e+01   1.0000000e+00   3.3540000e+03
   5.0000000e+00   9.5700000e+02   1.1629040e+03   2.8111900e+02   6.9000000e+01   1.0000000e+00   3.3540000e+03
   5.0000000e+00   9.5800000e+02   1.1665950e+03   2.7061200e+02   6.9000000e+01   1.0000000e+00   3.3540000e+03
   5.0000000e+00   1.0230000e+03   1.2145760e+03   3.0298300e+02   6.5000000e+01   1.0000000e+00   3.3540000e+03
   5.0000000e+00   1.0240000e+03   1.2069110e+03   3.0128000e+02   7.3000000e+01   1.0000000e+00   3.3540000e+03
   5.0000000e+00   1.0250000e+03   1.2006650e+03   2.8935300e+02   7.3000000e+01   1.0000000e+00   3.3540000e+03
   5.0000000e+00   1.0260000e+03   1.1966900e+03   3.1093400e+02   7.6000000e+01   1.0000000e+00   3.3540000e+03
   5.0000000e+00   1.0750000e+03   1.1711380e+03   3.1093400e+02   6.5000000e+01   1.0000000e+00   3.3540000e+03
   5.0000000e+00   1.0760000e+03   1.1663110e+03   2.9758800e+02   6.5000000e+01   1.0000000e+00   3.3540000e+03
   5.0000000e+00   1.0770000e+03   1.1487090e+03   2.9844000e+02   6.8000000e+01   1.0000000e+00   3.3540000e+03
   5.0000000e+00   1.0330000e+03   1.1827780e+03   3.4387300e+02   6.6000000e+01   4.0000000e+00   3.3550000e+03
   5.0000000e+00   9.7300000e+02   1.2265010e+03   3.6517000e+02   5.8000000e+01   1.0000000e+00   3.3560000e+03
   5.0000000e+00   9.7400000e+02   1.2222420e+03   3.7482500e+02   5.8000000e+01   1.0000000e+00   3.3560000e+03
   5.0000000e+00   9.7500000e+02   1.2009480e+03   3.7738000e+02   6.5000000e+01   1.0000000e+00   3.3560000e+03
   5.0000000e+00   9.7600000e+02   1.1961220e+03   3.7113300e+02   6.5000000e+01   1.0000000e+00   3.3560000e+03
   5.0000000e+00   9.8000000e+02   1.1819260e+03   3.4358900e+02   7.4000000e+01   1.0000000e+00   3.3560000e+03
   5.0000000e+00   9.8100000e+02   1.1935670e+03   3.3847800e+02   7.8000000e+01   1.0000000e+00   3.3560000e+03
   5.0000000e+00   9.8200000e+02   1.2222420e+03   3.5267600e+02   7.8000000e+01   1.0000000e+00   3.3560000e+03
   5.0000000e+00   1.0310000e+03   1.1912950e+03   3.4046600e+02   6.3000000e+01   4.0000000e+00   3.3570000e+03
   5.0000000e+00   1.0320000e+03   1.1912950e+03   3.3450300e+02   6.3000000e+01   4.0000000e+00   3.3570000e+03
   5.0000000e+00   1.1110000e+03   1.1969740e+03   3.3762600e+02   5.9000000e+01   1.0000000e+00   3.3570000e+03
   5.0000000e+00   1.0270000e+03   1.1810750e+03   3.3052700e+02   5.6000000e+01   3.0000000e+00   3.3580000e+03
   5.0000000e+00   1.0170000e+03   1.1870370e+03   3.4472500e+02   5.5000000e+01   1.0000000e+00   3.3590000e+03
   5.0000000e+00   1.0300000e+03   1.1867530e+03   3.4358900e+02   5.5000000e+01   1.0000000e+00   3.3590000e+03
   5.0000000e+00   9.5900000e+02   1.1876050e+03   3.4188600e+02   3.7000000e+01   1.0000000e+00   3.3600000e+03
   5.0000000e+00   9.6000000e+02   1.1910120e+03   3.3450300e+02   3.7000000e+01   1.0000000e+00   3.3600000e+03
   5.0000000e+00   9.6100000e+02   1.1768160e+03   3.3847800e+02   4.0000000e+01   1.0000000e+00   3.3600000e+03
   5.0000000e+00   9.6200000e+02   1.1924310e+03   3.3961400e+02   4.3000000e+01   1.0000000e+00   3.3600000e+03
   5.0000000e+00   9.6300000e+02   1.1790870e+03   3.4046600e+02   4.6000000e+01   1.0000000e+00   3.3600000e+03
   5.0000000e+00   9.6400000e+02   1.1586460e+03   3.4614500e+02   4.9000000e+01   1.0000000e+00   3.3600000e+03
   5.0000000e+00   9.6500000e+02   1.1816420e+03   3.4784900e+02   4.7000000e+01   2.0000000e+00   3.3600000e+03
   5.0000000e+00   9.6600000e+02   1.1751120e+03   3.3791000e+02   4.7000000e+01   2.0000000e+00   3.3600000e+03
   5.0000000e+00   9.6700000e+02   1.1717060e+03   3.5863900e+02   4.3000000e+01   2.0000000e+00   3.3600000e+03
   5.0000000e+00   9.6800000e+02   1.1895920e+03   3.5721900e+02   4.9000000e+01   2.0000000e+00   3.3600000e+03
   5.0000000e+00   9.6900000e+02   1.1876050e+03   3.6687400e+02   4.9000000e+01   1.0000000e+00   3.3600000e+03
   5.0000000e+00   9.7000000e+02   1.2043550e+03   3.6119500e+02   4.9000000e+01   1.0000000e+00   3.3600000e+03
   5.0000000e+00   9.7100000e+02   1.1995290e+03   3.7028100e+02   5.3000000e+01   1.0000000e+00   3.3600000e+03
   5.0000000e+00   9.7200000e+02   1.1904440e+03   3.6318200e+02   5.3000000e+01   1.0000000e+00   3.3600000e+03
   5.0000000e+00   8.8300000e+02   1.2416430e+03   3.2068300e+02   2.2000000e+01   1.0000000e+00   3.3630000e+03
   5.0000000e+00   8.8400000e+02   1.2306650e+03   3.1462600e+02   2.2000000e+01   1.0000000e+00   3.3630000e+03
   5.0000000e+00   8.8500000e+02   1.2246080e+03   3.2106200e+02   2.2000000e+01   1.0000000e+00   3.3630000e+03
   5.0000000e+00   8.8600000e+02   1.2473210e+03   3.2257600e+02   2.7000000e+01   1.0000000e+00   3.3630000e+03
   5.0000000e+00   8.8700000e+02   1.2389930e+03   3.3090600e+02   2.7000000e+01   1.0000000e+00   3.3630000e+03
   5.0000000e+00   8.8800000e+02   1.2302860e+03   3.3090600e+02   2.7000000e+01   1.0000000e+00   3.3630000e+03
   5.0000000e+00   8.8900000e+02   1.2238510e+03   3.2598400e+02   2.7000000e+01   1.0000000e+00   3.3630000e+03
   5.0000000e+00   8.9000000e+02   1.2283930e+03   3.1083900e+02   2.7000000e+01   1.0000000e+00   3.3630000e+03
   5.0000000e+00   8.9100000e+02   1.2230940e+03   3.1386800e+02   2.9000000e+01   1.0000000e+00   3.3630000e+03
   5.0000000e+00   8.9200000e+02   1.2325570e+03   3.0516000e+02   2.9000000e+01   1.0000000e+00   3.3630000e+03
   5.0000000e+00   8.9300000e+02   1.2347340e+03   3.1576100e+02   3.5000000e+01   2.0000000e+00   3.3630000e+03
   5.0000000e+00   8.9400000e+02   1.2412640e+03   3.2768800e+02   3.5000000e+01   2.0000000e+00   3.3630000e+03
   5.0000000e+00   8.9500000e+02   1.2307590e+03   3.4472500e+02   3.5000000e+01   2.0000000e+00   3.3630000e+03
   5.0000000e+00   8.9600000e+02   1.2321790e+03   3.3876200e+02   3.5000000e+01   2.0000000e+00   3.3630000e+03
   5.0000000e+00   8.9700000e+02   1.2333140e+03   3.5182400e+02   3.5000000e+01   1.0000000e+00   3.3630000e+03
   5.0000000e+00   8.9800000e+02   1.2321790e+03   3.5835500e+02   3.5000000e+01   1.0000000e+00   3.3630000e+03
   5.0000000e+00   8.9900000e+02   1.2245130e+03   3.5863900e+02   3.2000000e+01   1.0000000e+00   3.3630000e+03
   5.0000000e+00   9.0000000e+02   1.2384250e+03   3.5693500e+02   3.9000000e+01   1.0000000e+00   3.3630000e+03
   5.0000000e+00   9.0100000e+02   1.2250810e+03   3.6005900e+02   3.9000000e+01   1.0000000e+00   3.3630000e+03
   5.0000000e+00   9.0200000e+02   1.2151440e+03   3.5636700e+02   3.9000000e+01   1.0000000e+00   3.3630000e+03
   5.0000000e+00   9.0300000e+02   1.2162800e+03   3.4841700e+02   3.9000000e+01   1.0000000e+00   3.3630000e+03
   5.0000000e+00   9.0400000e+02   1.2250810e+03   3.4472500e+02   4.3000000e+01   1.0000000e+00   3.3630000e+03
   5.0000000e+00   9.0500000e+02   1.2199710e+03   3.3734200e+02   3.8000000e+01   2.0000000e+00   3.3630000e+03
   5.0000000e+00   9.0600000e+02   1.2378570e+03   3.3620600e+02   4.5000000e+01   1.0000000e+00   3.3630000e+03
   5.0000000e+00   9.0700000e+02   1.2344500e+03   3.2797200e+02   4.5000000e+01   1.0000000e+00   3.3630000e+03
   5.0000000e+00   9.0800000e+02   1.2299080e+03   3.2570000e+02   4.5000000e+01   1.0000000e+00   3.3630000e+03
   5.0000000e+00   9.0900000e+02   1.2233780e+03   3.3137900e+02   4.1000000e+01   1.0000000e+00   3.3630000e+03
   5.0000000e+00   9.1000000e+02   1.2395610e+03   3.3421900e+02   4.0000000e+01   2.0000000e+00   3.3630000e+03
   5.0000000e+00   9.1100000e+02   1.2435350e+03   3.1831700e+02   4.9000000e+01   1.0000000e+00   3.3630000e+03
   5.0000000e+00   9.1200000e+02   1.2327470e+03   3.0128000e+02   4.9000000e+01   1.0000000e+00   3.3630000e+03
   5.0000000e+00   9.1300000e+02   1.2262170e+03   3.0298300e+02   4.9000000e+01   1.0000000e+00   3.3630000e+03
   5.0000000e+00   9.1400000e+02   1.2225260e+03   3.1093400e+02   4.9000000e+01   1.0000000e+00   3.3630000e+03
   5.0000000e+00   9.1500000e+02   1.2259330e+03   3.1945300e+02   3.9000000e+01   1.0000000e+00   3.3630000e+03
   5.0000000e+00   9.1600000e+02   1.2316110e+03   3.0610700e+02   3.9000000e+01   1.0000000e+00   3.3630000e+03
   5.0000000e+00   9.1700000e+02   1.2287720e+03   3.1604500e+02   4.2000000e+01   2.0000000e+00   3.3630000e+03
   5.0000000e+00   9.1800000e+02   1.2219580e+03   2.9787200e+02   3.6000000e+01   1.0000000e+00   3.3630000e+03
   5.0000000e+00   9.1900000e+02   1.2211060e+03   3.0042800e+02   4.1000000e+01   1.0000000e+00   3.3630000e+03
   5.0000000e+00   9.2000000e+02   1.2293400e+03   2.8963700e+02   4.1000000e+01   1.0000000e+00   3.3630000e+03
   5.0000000e+00   9.2100000e+02   1.2335980e+03   2.8623000e+02   4.1000000e+01   1.0000000e+00   3.3630000e+03
   5.0000000e+00   9.2200000e+02   1.2367210e+03   2.9162500e+02   4.1000000e+01   1.0000000e+00   3.3630000e+03
   5.0000000e+00   9.2300000e+02   1.2409800e+03   3.0383500e+02   4.1000000e+01   1.0000000e+00   3.3630000e+03
   5.0000000e+00   9.2400000e+02   1.2091820e+03   3.2626800e+02   3.6000000e+01   1.0000000e+00   3.3630000e+03
   5.0000000e+00   9.2500000e+02   1.2037880e+03   3.1689700e+02   4.2000000e+01   1.0000000e+00   3.3630000e+03
   5.0000000e+00   9.8300000e+02   1.2406960e+03   3.2030500e+02   3.7000000e+01   1.0000000e+00   3.3630000e+03
   5.0000000e+00   9.8400000e+02   1.2421160e+03   3.4358900e+02   5.6000000e+01   1.0000000e+00   3.3630000e+03
   5.0000000e+00   9.8500000e+02   1.2418320e+03   3.2541600e+02   5.6000000e+01   1.0000000e+00   3.3630000e+03
   5.0000000e+00   9.8600000e+02   1.2577310e+03   3.4358900e+02   5.9000000e+01   1.0000000e+00   3.3630000e+03
   5.0000000e+00   9.8700000e+02   1.2565950e+03   3.3024300e+02   5.9000000e+01   1.0000000e+00   3.3630000e+03
   5.0000000e+00   9.8800000e+02   1.2506330e+03   3.2115700e+02   5.9000000e+01   1.0000000e+00   3.3630000e+03
   5.0000000e+00   9.8900000e+02   1.2412640e+03   3.2541600e+02   6.2000000e+01   1.0000000e+00   3.3630000e+03
   5.0000000e+00   1.0280000e+03   1.1802230e+03   3.1916900e+02   5.6000000e+01   3.0000000e+00   3.3640000e+03
   5.0000000e+00   1.0290000e+03   1.1947020e+03   3.3563900e+02   5.6000000e+01   3.0000000e+00   3.3640000e+03
   5.0000000e+00   9.2600000e+02   1.2151440e+03   2.8140300e+02   4.2000000e+01   1.0000000e+00   3.3650000e+03
   5.0000000e+00   9.2700000e+02   1.2080460e+03   2.7913100e+02   4.2000000e+01   1.0000000e+00   3.3650000e+03
   5.0000000e+00   9.2800000e+02   1.1995290e+03   2.9446500e+02   4.2000000e+01   1.0000000e+00   3.3650000e+03
   5.0000000e+00   9.2900000e+02   1.1998130e+03   2.8906900e+02   4.2000000e+01   1.0000000e+00   3.3650000e+03
   5.0000000e+00   9.3000000e+02   1.2009480e+03   2.9048900e+02   4.9000000e+01   1.0000000e+00   3.3650000e+03
   5.0000000e+00   9.3100000e+02   1.2219580e+03   2.8736600e+02   5.7000000e+01   1.0000000e+00   3.3650000e+03
   5.0000000e+00   9.3200000e+02   1.2131570e+03   2.7146400e+02   5.7000000e+01   1.0000000e+00   3.3650000e+03
   5.0000000e+00   9.3300000e+02   1.2123050e+03   2.9304500e+02   5.8000000e+01   1.0000000e+00   3.3650000e+03
   5.0000000e+00   9.3400000e+02   1.2060590e+03   2.7742700e+02   5.9000000e+01   1.0000000e+00   3.3650000e+03
   5.0000000e+00   9.3500000e+02   1.2205380e+03   2.7089600e+02   5.9000000e+01   1.0000000e+00   3.3650000e+03
   5.0000000e+00   9.3600000e+02   1.1907280e+03   2.8935300e+02   4.2000000e+01   1.0000000e+00   3.3650000e+03
   5.0000000e+00   9.3700000e+02   1.1836300e+03   2.8395800e+02   4.2000000e+01   1.0000000e+00   3.3650000e+03
   5.0000000e+00   9.3800000e+02   1.1677310e+03   2.8850100e+02   4.7000000e+01   1.0000000e+00   3.3650000e+03
   5.0000000e+00   9.3900000e+02   1.1782360e+03   2.8282200e+02   5.6000000e+01   1.0000000e+00   3.3650000e+03
   5.0000000e+00   9.4000000e+02   1.1717060e+03   2.8679800e+02   5.6000000e+01   1.0000000e+00   3.3650000e+03
   5.0000000e+00   1.0190000e+03   1.1742610e+03   3.0639100e+02   5.5000000e+01   3.0000000e+00   4.2940000e+03
   5.0000000e+00   1.0200000e+03   1.2015160e+03   3.0866200e+02   5.6000000e+01   1.0000000e+00   4.2940000e+03
   5.0000000e+00   1.0210000e+03   1.1972580e+03   2.9645200e+02   5.6000000e+01   1.0000000e+00   4.2940000e+03
   5.0000000e+00   1.0220000e+03   1.2029360e+03   3.0241500e+02   5.6000000e+01   1.0000000e+00   4.2940000e+03
   5.0000000e+00   1.0180000e+03   1.1861850e+03   2.9815600e+02   5.4000000e+01   1.0000000e+00   4.2950000e+03
   5.0000000e+00   9.9300000e+02   1.1558060e+03   3.2229200e+02   3.2000000e+01   1.0000000e+00   4.2960000e+03
   5.0000000e+00   9.9400000e+02   1.1700020e+03   3.2939100e+02   3.2000000e+01   1.0000000e+00   4.2960000e+03
   5.0000000e+00   9.9500000e+02   1.1700020e+03   3.1263800e+02   3.2000000e+01   1.0000000e+00   4.2960000e+03
   5.0000000e+00   9.9600000e+02   1.1700020e+03   3.3194700e+02   3.7000000e+01   1.0000000e+00   4.2960000e+03
   5.0000000e+00   9.9700000e+02   1.1768160e+03   3.2655200e+02   3.7000000e+01   1.0000000e+00   4.2960000e+03
   5.0000000e+00   9.9800000e+02   1.1660270e+03   3.3365100e+02   4.1000000e+01   1.0000000e+00   4.2960000e+03
   5.0000000e+00   9.9900000e+02   1.1597810e+03   3.2598400e+02   4.1000000e+01   1.0000000e+00   4.2960000e+03
   5.0000000e+00   1.0000000e+03   1.1396230e+03   3.2314400e+02   4.5000000e+01   1.0000000e+00   4.2960000e+03
   5.0000000e+00   1.0010000e+03   1.1495600e+03   3.1121800e+02   4.5000000e+01   1.0000000e+00   4.2960000e+03
   5.0000000e+00   1.0020000e+03   1.1498440e+03   2.9276100e+02   4.5000000e+01   1.0000000e+00   4.2960000e+03
   5.0000000e+00   1.0030000e+03   1.1685830e+03   3.0667500e+02   4.5000000e+01   1.0000000e+00   4.2960000e+03
   5.0000000e+00   1.0040000e+03   1.1484250e+03   3.2030500e+02   4.3000000e+01   1.0000000e+00   4.2960000e+03
   5.0000000e+00   1.0050000e+03   1.1651760e+03   3.2598400e+02   5.0000000e+01   1.0000000e+00   4.2960000e+03
   5.0000000e+00   1.0060000e+03   1.1577940e+03   3.1945300e+02   5.0000000e+01   1.0000000e+00   4.2960000e+03
   5.0000000e+00   1.0070000e+03   1.1498440e+03   3.3109500e+02   5.4000000e+01   1.0000000e+00   4.2960000e+03
   5.0000000e+00   1.0080000e+03   1.1450180e+03   3.1746500e+02   5.4000000e+01   1.0000000e+00   4.2960000e+03
   5.0000000e+00   1.0090000e+03   1.1404750e+03   3.2825600e+02   5.4000000e+01   1.0000000e+00   4.2960000e+03
   5.0000000e+00   1.0100000e+03   1.1626200e+03   3.2882400e+02   5.4000000e+01   1.0000000e+00   4.2960000e+03
   5.0000000e+00   1.0110000e+03   1.1555230e+03   3.1576100e+02   5.4000000e+01   1.0000000e+00   4.2960000e+03
   5.0000000e+00   1.0120000e+03   1.1614850e+03   3.0184700e+02   5.0000000e+01   2.0000000e+00   4.2960000e+03
   5.0000000e+00   1.0130000e+03   1.1529670e+03   2.8793400e+02   5.0000000e+01   1.0000000e+00   4.2960000e+03
   5.0000000e+00   1.0140000e+03   1.1342290e+03   2.9247700e+02   5.0000000e+01   1.0000000e+00   4.2960000e+03
   5.0000000e+00   1.0150000e+03   1.1359330e+03   3.0128000e+02   5.0000000e+01   1.0000000e+00   4.2960000e+03
   5.0000000e+00   1.0160000e+03   1.1492760e+03   2.8821700e+02   5.2000000e+01   1.0000000e+00   4.2960000e+03
   5.0000000e+00   1.0500000e+03   1.1387720e+03   3.1377400e+02   5.3000000e+01   1.0000000e+00   4.2960000e+03
   5.0000000e+00   1.0510000e+03   1.1336610e+03   3.1746500e+02   5.3000000e+01   1.0000000e+00   4.2960000e+03
   5.0000000e+00   1.0520000e+03   1.1271310e+03   3.1888500e+02   5.3000000e+01   1.0000000e+00   4.2960000e+03
   5.0000000e+00   1.0530000e+03   1.1271310e+03   3.0355100e+02   5.1000000e+01   1.0000000e+00   4.2960000e+03
   5.0000000e+00   1.0540000e+03   1.1188980e+03   3.0752700e+02   5.3000000e+01   1.0000000e+00   4.2960000e+03
   3.0000000e+00   8.6700000e+02   8.6687800e+02   4.5206100e+02   6.9000000e+01   1.0000000e+00   2.2830000e+03
   3.0000000e+00   8.6800000e+02   8.6498600e+02   4.4335300e+02   6.9000000e+01   1.0000000e+00   2.2830000e+03
   3.0000000e+00   8.6900000e+02   8.4340800e+02   4.8045700e+02   6.6000000e+01   1.0000000e+00   2.2830000e+03
   3.0000000e+00   8.7000000e+02   8.6044300e+02   4.6947700e+02   6.2000000e+01   1.0000000e+00   2.2830000e+03
   3.0000000e+00   8.7100000e+02   8.4643700e+02   4.8651500e+02   6.2000000e+01   1.0000000e+00   2.2830000e+03
   3.0000000e+00   8.7200000e+02   8.8694200e+02   4.4486800e+02   6.5000000e+01   1.0000000e+00   2.2830000e+03
   3.0000000e+00   8.7300000e+02   8.9602700e+02   4.3843100e+02   6.5000000e+01   1.0000000e+00   2.2830000e+03
   3.0000000e+00   8.2700000e+02   8.4719400e+02   4.7534600e+02   9.4000000e+01   1.0000000e+00   2.2910000e+03
   3.0000000e+00   8.2800000e+02   8.4889700e+02   4.5490100e+02   9.4000000e+01   1.0000000e+00   2.2910000e+03
   3.0000000e+00   8.2900000e+02   8.6536400e+02   4.5717300e+02   9.4000000e+01   1.0000000e+00   2.2910000e+03
   3.0000000e+00   8.3000000e+02   8.9659500e+02   4.8216100e+02   9.4000000e+01   1.0000000e+00   2.2910000e+03
   3.0000000e+00   8.3100000e+02   8.9943400e+02   4.6739500e+02   9.4000000e+01   1.0000000e+00   2.2910000e+03
   3.0000000e+00   8.3200000e+02   8.9148400e+02   4.7080300e+02   9.4000000e+01   1.0000000e+00   2.2910000e+03
   3.0000000e+00   8.3300000e+02   8.9886600e+02   4.6114800e+02   9.4000000e+01   1.0000000e+00   2.2910000e+03
   3.0000000e+00   8.3400000e+02   8.9091600e+02   4.5376500e+02   9.4000000e+01   1.0000000e+00   2.2910000e+03
   3.0000000e+00   8.3500000e+02   8.4681500e+02   4.6872000e+02   8.5000000e+01   1.0000000e+00   2.2910000e+03
   3.0000000e+00   8.3600000e+02   8.4605800e+02   4.6228400e+02   8.5000000e+01   1.0000000e+00   2.2910000e+03
   3.0000000e+00   8.3700000e+02   8.5400800e+02   4.5887600e+02   8.5000000e+01   1.0000000e+00   2.2910000e+03
   3.0000000e+00   8.3800000e+02   9.0397600e+02   4.7137000e+02   8.9000000e+01   1.0000000e+00   2.2910000e+03
   3.0000000e+00   8.3900000e+02   8.9451300e+02   4.7477800e+02   8.9000000e+01   1.0000000e+00   2.2910000e+03
   3.0000000e+00   8.4000000e+02   8.9451300e+02   4.8045700e+02   8.8000000e+01   1.0000000e+00   2.2910000e+03
   3.0000000e+00   8.4100000e+02   9.0019100e+02   4.8272900e+02   8.4000000e+01   1.0000000e+00   2.2910000e+03
   3.0000000e+00   8.4200000e+02   8.9754100e+02   4.9976600e+02   8.9000000e+01   1.0000000e+00   2.2910000e+03
   3.0000000e+00   8.4300000e+02   8.9489100e+02   5.0733900e+02   8.9000000e+01   1.0000000e+00   2.2910000e+03
   3.0000000e+00   8.4400000e+02   8.7861400e+02   5.0696000e+02   8.9000000e+01   1.0000000e+00   2.2910000e+03
   3.0000000e+00   8.4500000e+02   8.6309300e+02   5.0544500e+02   8.9000000e+01   1.0000000e+00   2.2910000e+03
   3.0000000e+00   8.4600000e+02   8.6120000e+02   4.9711600e+02   8.9000000e+01   1.0000000e+00   2.2910000e+03
   3.0000000e+00   8.4700000e+02   8.7369200e+02   5.0847400e+02   8.2000000e+01   1.0000000e+00   2.2910000e+03
   3.0000000e+00   8.4800000e+02   8.8732000e+02   5.1301800e+02   8.4000000e+01   1.0000000e+00   2.2910000e+03
   3.0000000e+00   8.4900000e+02   8.8277800e+02   5.0733900e+02   8.4000000e+01   1.0000000e+00   2.2910000e+03
   3.0000000e+00   8.5000000e+02   8.7293500e+02   5.1680400e+02   8.2000000e+01   1.0000000e+00   2.2910000e+03
   3.0000000e+00   8.5100000e+02   8.6536400e+02   4.9863000e+02   9.0000000e+01   1.0000000e+00   2.2910000e+03
   3.0000000e+00   8.5200000e+02   8.6044300e+02   5.0279500e+02   8.5000000e+01   1.0000000e+00   2.2910000e+03
   3.0000000e+00   8.5300000e+02   8.6498600e+02   4.9560200e+02   8.5000000e+01   1.0000000e+00   2.2910000e+03
   3.0000000e+00   8.5400000e+02   8.6120000e+02   5.0998900e+02   8.5000000e+01   1.0000000e+00   2.2910000e+03
   3.0000000e+00   8.5500000e+02   8.8429200e+02   5.0355200e+02   7.9000000e+01   1.0000000e+00   2.2910000e+03
   3.0000000e+00   8.5600000e+02   8.7974900e+02   5.0279500e+02   7.9000000e+01   1.0000000e+00   2.2910000e+03
   3.0000000e+00   8.5700000e+02   8.4530100e+02   4.6682700e+02   9.4000000e+01   1.0000000e+00   2.2910000e+03
   3.0000000e+00   8.5800000e+02   8.4681500e+02   4.6531300e+02   8.8000000e+01   1.0000000e+00   2.2910000e+03
   3.0000000e+00   8.5900000e+02   8.5287200e+02   4.7553500e+02   8.8000000e+01   1.0000000e+00   2.2910000e+03
   3.0000000e+00   8.6000000e+02   8.4416600e+02   4.7174900e+02   8.8000000e+01   1.0000000e+00   2.2910000e+03
   3.0000000e+00   8.6100000e+02   8.4719400e+02   4.5774000e+02   8.8000000e+01   1.0000000e+00   2.2910000e+03
   3.0000000e+00   8.6200000e+02   8.6271400e+02   4.5887600e+02   8.7000000e+01   1.0000000e+00   2.2910000e+03
   3.0000000e+00   8.6300000e+02   8.9337700e+02   4.6228400e+02   8.8000000e+01   1.0000000e+00   2.2910000e+03
   3.0000000e+00   8.6400000e+02   8.9262000e+02   4.5622600e+02   8.8000000e+01   1.0000000e+00   2.2910000e+03
   3.0000000e+00   8.6500000e+02   8.9867700e+02   4.6909900e+02   8.5000000e+01   1.0000000e+00   2.2910000e+03
   3.0000000e+00   8.6600000e+02   8.7217800e+02   5.1074600e+02   8.3000000e+01   1.0000000e+00   2.2910000e+03
   1.7000000e+01   2.9200000e+02   7.7054736e+02  -9.2170276e+01   1.6067800e+02   1.0000000e+00   7.2150000e+03
   1.7000000e+01   2.9300000e+02   7.5729636e+02  -1.0087628e+02   1.6067800e+02   1.0000000e+00   7.2150000e+03
   1.7000000e+01   2.9400000e+02   7.9288536e+02  -5.6965276e+01   1.5667800e+02   1.0000000e+00   7.2150000e+03
   1.7000000e+01   2.9500000e+02   7.9023436e+02  -7.5892276e+01   1.5367800e+02   1.0000000e+00   7.2150000e+03
   1.7000000e+01   2.9600000e+02   7.9061336e+02  -5.2801276e+01   1.5367800e+02   1.0000000e+00   7.2150000e+03
   1.7000000e+01   2.9700000e+02   7.9591336e+02  -9.0655276e+01   1.4267800e+02   1.0000000e+00   7.2220000e+03
   1.7000000e+01   2.9800000e+02   7.8493436e+02  -7.8164276e+01   1.3867800e+02   1.0000000e+00   7.2220000e+03
   1.7000000e+01   2.9900000e+02   7.9780636e+02  -7.6649276e+01   1.3867800e+02   1.0000000e+00   7.2220000e+03
   1.7000000e+01   3.0000000e+02   7.9780636e+02  -9.3684276e+01   1.3867800e+02   1.0000000e+00   7.2220000e+03
   1.7000000e+01   3.0100000e+02   7.5067136e+02  -1.2642828e+02   1.4567800e+02   1.0000000e+00   7.2150000e+03
   1.7000000e+01   3.0200000e+02   7.5748636e+02  -1.2718528e+02   1.4067800e+02   1.0000000e+00   7.2150000e+03
   1.7000000e+01   3.0300000e+02   7.3211936e+02  -1.1469328e+02   1.3367800e+02   1.0000000e+00   7.2200000e+03
   1.7000000e+01   3.0400000e+02   7.2341236e+02  -1.0295828e+02   1.3367800e+02   1.0000000e+00   7.2200000e+03
   1.7000000e+01   3.0500000e+02   7.2757636e+02  -8.8573276e+01   1.3367800e+02   1.0000000e+00   7.2200000e+03
   1.7000000e+01   3.0600000e+02   7.1697536e+02  -9.4630276e+01   1.3367800e+02   1.0000000e+00   7.2200000e+03
   1.7000000e+01   3.0700000e+02   7.1281136e+02  -9.1602276e+01   1.4067800e+02   1.0000000e+00   7.2200000e+03
   1.7000000e+01   3.0800000e+02   7.0788936e+02  -7.6460276e+01   1.5567800e+02   1.0000000e+00   7.2230000e+03
   1.7000000e+01   3.0900000e+02   6.9956036e+02  -8.9331276e+01   1.5167800e+02   1.0000000e+00   7.2230000e+03
   1.7000000e+01   3.1000000e+02   6.9388136e+02  -6.3590276e+01   1.5167800e+02   1.0000000e+00   7.2230000e+03
   1.7000000e+01   3.1100000e+02   6.9085236e+02  -7.6839276e+01   1.4467800e+02   1.0000000e+00   7.2180000e+03
   1.7000000e+01   3.1200000e+02   6.8858036e+02  -6.8889276e+01   1.3867800e+02   1.0000000e+00   7.2200000e+03
   1.7000000e+01   3.1300000e+02   6.8138736e+02  -6.6997276e+01   1.3867800e+02   1.0000000e+00   7.2200000e+03
   1.7000000e+01   3.1400000e+02   6.8252336e+02  -8.1381276e+01   1.3867800e+02   1.0000000e+00   7.2200000e+03
   1.7000000e+01   3.1500000e+02   6.8593036e+02  -7.7217276e+01   1.3367800e+02   1.0000000e+00   7.2180000e+03
   1.7000000e+01   3.1600000e+02   7.0221036e+02  -7.1539276e+01   1.3967800e+02   1.0000000e+00   7.2180000e+03
   1.7000000e+01   3.1700000e+02   6.4220236e+02  -5.7722276e+01   1.6067800e+02   1.0000000e+00   7.1890000e+03
   1.7000000e+01   3.1800000e+02   6.6529636e+02  -5.4694276e+01   1.6067800e+02   1.0000000e+00   7.1890000e+03
   1.7000000e+01   3.1900000e+02   6.5658936e+02  -2.8196276e+01   1.5667800e+02   1.0000000e+00   7.1890000e+03
   1.7000000e+01   3.2000000e+02   6.4939536e+02  -2.3275276e+01   1.5667800e+02   1.0000000e+00   7.1890000e+03
   1.7000000e+01   3.2100000e+02   6.3235836e+02  -4.9394276e+01   1.5667800e+02   1.0000000e+00   7.1890000e+03
   1.7000000e+01   3.2200000e+02   6.7097536e+02  -4.7502276e+01   1.5067800e+02   1.0000000e+00   7.1890000e+03
   1.7000000e+01   3.2300000e+02   6.6151036e+02  -5.9237276e+01   1.5067800e+02   1.0000000e+00   7.1890000e+03
   1.7000000e+01   3.2400000e+02   6.7476136e+02  -5.8858276e+01   1.5067800e+02   1.0000000e+00   7.1890000e+03
   1.7000000e+01   3.2500000e+02   6.6378236e+02  -4.7880276e+01   1.5067800e+02   1.0000000e+00   7.1890000e+03
   1.7000000e+01   3.2600000e+02   6.2857236e+02  -2.8953276e+01   1.4267800e+02   1.0000000e+00   7.1890000e+03
   1.7000000e+01   3.2700000e+02   6.1305036e+02  -4.5231276e+01   1.3867800e+02   1.0000000e+00   7.1890000e+03
   1.7000000e+01   3.2800000e+02   6.1342836e+02  -5.1287276e+01   1.3867800e+02   1.0000000e+00   7.1890000e+03
   1.7000000e+01   3.2900000e+02   6.2062236e+02  -5.7722276e+01   1.3867800e+02   1.0000000e+00   7.1890000e+03
   1.7000000e+01   3.3000000e+02   6.3160136e+02  -4.0688276e+01   1.3367800e+02   1.0000000e+00   7.1890000e+03
   1.7000000e+01   3.3100000e+02   6.3652336e+02  -5.0152276e+01   1.3367800e+02   1.0000000e+00   7.1890000e+03
   1.7000000e+01   3.3200000e+02   6.5393836e+02  -5.6208276e+01   1.3567800e+02   1.0000000e+00   7.1890000e+03
   1.7000000e+01   3.3300000e+02   6.4333836e+02  -5.3937276e+01   1.3567800e+02   1.0000000e+00   7.1890000e+03
   1.7000000e+01   3.3400000e+02   6.4598836e+02  -7.6271276e+01   1.3967800e+02   1.0000000e+00   7.1890000e+03
   1.7000000e+01   3.3500000e+02   6.1494336e+02  -7.2107276e+01   1.5567800e+02   1.0000000e+00   7.1890000e+03
   1.7000000e+01   3.3600000e+02   6.3273736e+02  -7.9678276e+01   1.5567800e+02   1.0000000e+00   7.1890000e+03
   1.7000000e+01   3.3700000e+02   6.0244936e+02  -6.1886276e+01   1.5867800e+02   1.0000000e+00   7.1890000e+03
   1.7000000e+01   3.3800000e+02   6.4352736e+02   7.7226724e+01   1.5767800e+02   8.0000000e+00   7.2300000e+03
   1.7000000e+01   3.3900000e+02   6.5677836e+02   5.5650724e+01   1.5067800e+02   8.0000000e+00   7.2300000e+03
   1.7000000e+01   3.4000000e+02   6.7722236e+02   8.0633724e+01   1.5267800e+02   8.0000000e+00   7.2300000e+03
   1.7000000e+01   3.4100000e+02   6.8365836e+02   6.5492724e+01   1.4567800e+02   8.0000000e+00   7.2300000e+03
   1.7000000e+01   3.4200000e+02   6.7835836e+02   7.0413724e+01   1.4067800e+02   1.0000000e+00   7.2300000e+03
   1.7000000e+01   3.4300000e+02   6.9085236e+02   7.9119724e+01   1.4067800e+02   1.0000000e+00   7.2300000e+03
   1.7000000e+01   3.4400000e+02   6.6737936e+02   5.1864724e+01   1.1967800e+02   8.0000000e+00   7.1970000e+03
   1.7000000e+01   3.4500000e+02   6.0415236e+02   6.7763724e+01   1.5867800e+02   1.0000000e+00   7.1870000e+03
   1.7000000e+01   3.4600000e+02   5.9468736e+02   7.2684724e+01   1.5867800e+02   1.0000000e+00   7.1870000e+03
   1.7000000e+01   3.4700000e+02   6.3141236e+02   8.4797724e+01   1.5367800e+02   1.0000000e+00   7.1870000e+03
   1.7000000e+01   3.4800000e+02   6.1058936e+02   8.5554724e+01   1.4667800e+02   1.0000000e+00   7.1870000e+03
   1.7000000e+01   3.4900000e+02   6.0188136e+02   7.6848724e+01   1.4667800e+02   1.0000000e+00   7.1870000e+03
   1.7000000e+01   3.5000000e+02   5.9544536e+02   7.0791724e+01   1.4667800e+02   1.0000000e+00   7.1870000e+03
   1.7000000e+01   3.5100000e+02   6.0188136e+02   5.0350724e+01   1.4667800e+02   1.0000000e+00   7.1870000e+03
   1.7000000e+01   3.5200000e+02   6.0604536e+02   4.4293724e+01   1.4667800e+02   1.0000000e+00   7.1870000e+03
   1.7000000e+01   3.5300000e+02   6.1588936e+02   4.9971724e+01   1.4667800e+02   1.0000000e+00   7.1870000e+03
   1.7000000e+01   3.5400000e+02   6.3595536e+02   7.4198724e+01   1.3867800e+02   1.0000000e+00   7.1870000e+03
   1.7000000e+01   3.5500000e+02   6.2800436e+02   8.2526724e+01   1.3867800e+02   1.0000000e+00   7.1870000e+03
   1.7000000e+01   3.5600000e+02   6.2459736e+02   8.8204724e+01   1.3867800e+02   1.0000000e+00   7.1870000e+03
   1.7000000e+01   3.5700000e+02   6.1513236e+02   7.3062724e+01   1.3867800e+02   1.0000000e+00   7.1870000e+03
   1.7000000e+01   3.5800000e+02   6.0945336e+02  -6.3022276e+01   1.1367800e+02   1.0000000e+00   6.8370000e+03
   1.7000000e+01   3.5900000e+02   5.9998836e+02  -6.9836276e+01   1.1367800e+02   1.0000000e+00   6.8370000e+03
   1.7000000e+01   3.6000000e+02   6.1361736e+02  -6.4158276e+01   1.0867800e+02   1.0000000e+00   6.8370000e+03
   1.7000000e+01   3.6100000e+02   6.1778236e+02  -6.4536276e+01   1.0867800e+02   1.0000000e+00   6.8370000e+03
   1.7000000e+01   3.6200000e+02   6.0188136e+02  -6.1508276e+01   1.0367800e+02   1.0000000e+00   6.8370000e+03
   1.7000000e+01   3.6300000e+02   5.8030136e+02  -4.6745276e+01   9.6678000e+01   1.0000000e+00   6.8370000e+03
   1.7000000e+01   3.6400000e+02   5.6742836e+02  -5.0530276e+01   9.6678000e+01   1.0000000e+00   6.8370000e+03
   1.7000000e+01   3.6500000e+02   5.6402136e+02  -5.7722276e+01   9.6678000e+01   1.0000000e+00   6.8370000e+03
   1.7000000e+01   3.6600000e+02   5.7500036e+02  -8.5734276e+01   9.0678000e+01   1.0000000e+00   6.8390000e+03
   1.7000000e+01   3.6700000e+02   5.6364236e+02  -8.4220276e+01   9.0678000e+01   1.0000000e+00   6.8390000e+03
   1.7000000e+01   3.6800000e+02   5.6250636e+02  -7.5892276e+01   9.0678000e+01   1.0000000e+00   6.8390000e+03
   1.7000000e+01   3.6900000e+02   5.7272936e+02  -6.9457276e+01   9.0678000e+01   1.0000000e+00   6.8390000e+03
   1.7000000e+01   3.7000000e+02   5.8598036e+02  -1.2131728e+02   8.3678000e+01   1.0000000e+00   6.8400000e+03
   1.7000000e+01   3.7100000e+02   5.9506636e+02  -1.2851028e+02   8.3678000e+01   1.0000000e+00   6.8400000e+03
   1.7000000e+01   3.7200000e+02   5.5682736e+02  -1.0125528e+02   9.7678000e+01   1.0000000e+00   6.8250000e+03
   1.7000000e+01   3.7300000e+02   5.4546936e+02  -1.0844728e+02   9.7678000e+01   1.0000000e+00   6.8250000e+03
   1.7000000e+01   3.7400000e+02   5.4849836e+02  -1.1715328e+02   9.7678000e+01   1.0000000e+00   6.8250000e+03
   1.7000000e+01   3.7500000e+02   5.5228436e+02  -1.2434628e+02   9.7678000e+01   1.0000000e+00   6.8250000e+03
   1.7000000e+01   3.7600000e+02   6.1361736e+02  -1.0882528e+02   8.3678000e+01   8.0000000e+00   6.8560000e+03
   1.7000000e+01   3.7700000e+02   5.6894336e+02  -1.2548128e+02   9.2678000e+01   8.0000000e+00   6.8400000e+03
   1.7000000e+01   3.7800000e+02   5.8522236e+02  -1.1488228e+02   1.0467800e+02   1.0000000e+00   6.8310000e+03
   1.7000000e+01   3.7900000e+02   5.7802936e+02  -1.2358928e+02   1.0467800e+02   1.0000000e+00   6.8310000e+03
   1.6000000e+01   3.8000000e+02   7.3760936e+02  -2.8386276e+01   4.3678000e+01   3.0000000e+00   7.1570000e+03
   1.6000000e+01   3.8100000e+02   7.3760936e+02  -2.6871276e+01   4.9678000e+01   3.0000000e+00   7.1450000e+03
   1.6000000e+01   3.8200000e+02   7.1792236e+02  -1.2865276e+01   5.1678000e+01   3.0000000e+00   7.1450000e+03
   1.6000000e+01   3.8300000e+02   7.3041636e+02  -3.1035276e+01   5.1678000e+01   3.0000000e+00   7.1450000e+03
   1.6000000e+01   3.8400000e+02   7.3874536e+02  -2.1193276e+01   5.5678000e+01   3.0000000e+00   7.1440000e+03
   1.6000000e+01   3.8500000e+02   7.3533736e+02  -4.5041276e+01   6.0678000e+01   1.0000000e+00   6.0210000e+03
   1.6000000e+01   3.8600000e+02   8.0537836e+02  -5.0341276e+01   6.0678000e+01   1.0000000e+00   6.0210000e+03
   1.6000000e+01   3.8700000e+02   7.6221836e+02  -4.0877276e+01   6.7678000e+01   1.0000000e+00   5.9950000e+03
   1.5000000e+01   6.4000000e+02   1.0005474e+03  -1.5898228e+02   6.0678000e+01   4.0000000e+00   6.6400000e+03
   1.5000000e+01   6.4100000e+02   9.9534136e+02  -1.6305128e+02   5.7678000e+01   4.0000000e+00   6.6410000e+03
   1.5000000e+01   6.0500000e+02   1.0077404e+03  -1.5141128e+02   6.0678000e+01   4.0000000e+00   6.6400000e+03
   1.5000000e+01   6.0600000e+02   1.0122834e+03  -1.4346228e+02   6.0678000e+01   4.0000000e+00   6.6390000e+03
   1.5000000e+01   6.0700000e+02   1.0160694e+03  -1.4800428e+02   6.4678000e+01   4.0000000e+00   6.6210000e+03
   1.5000000e+01   6.0800000e+02   9.9486836e+02  -1.5746828e+02   6.4678000e+01   4.0000000e+00   6.6400000e+03
   1.5000000e+01   6.0900000e+02   1.0050904e+03  -1.4876128e+02   6.5678000e+01   4.0000000e+00   6.6390000e+03
   1.5000000e+01   6.1000000e+02   1.0145554e+03  -1.4308328e+02   6.7678000e+01   4.0000000e+00   6.6210000e+03
   1.5000000e+01   6.1100000e+02   1.0058474e+03  -1.3551328e+02   6.7678000e+01   4.0000000e+00   6.6200000e+03
   1.5000000e+01   6.1200000e+02   1.0081194e+03  -1.2188528e+02   6.7678000e+01   4.0000000e+00   6.6190000e+03
   1.5000000e+01   6.1300000e+02   1.0001684e+03  -1.2567028e+02   6.7678000e+01   4.0000000e+00   6.6190000e+03
   1.5000000e+01   6.1400000e+02   1.0160694e+03  -1.2302128e+02   7.2678000e+01   4.0000000e+00   6.6180000e+03
   1.5000000e+01   6.1500000e+02   1.0126624e+03  -1.0409428e+02   7.6678000e+01   4.0000000e+00   6.5170000e+03
   1.5000000e+01   6.1600000e+02   1.0050904e+03  -1.0257928e+02   7.6678000e+01   4.0000000e+00   6.5170000e+03
   1.5000000e+01   6.1700000e+02   1.0183414e+03  -1.9872928e+02   5.9678000e+01   4.0000000e+00   6.6260000e+03
   1.5000000e+01   6.1800000e+02   1.0096334e+03  -2.0592128e+02   5.9678000e+01   4.0000000e+00   6.6270000e+03
   1.5000000e+01   6.1900000e+02   1.0232634e+03  -1.9229428e+02   6.1678000e+01   4.0000000e+00   6.6260000e+03
   1.5000000e+01   6.2000000e+02   1.0274274e+03  -1.7866628e+02   6.1678000e+01   4.0000000e+00   6.6250000e+03
   1.5000000e+01   6.2100000e+02   1.0126624e+03  -1.8055928e+02   6.4678000e+01   4.0000000e+00   6.6240000e+03
   1.4000000e+01   6.2200000e+02   8.9775736e+02  -2.7159828e+02   8.9678000e+01   3.0000000e+00   5.3950000e+03
   1.4000000e+01   6.2300000e+02   8.8715636e+02  -2.9260728e+02   8.9678000e+01   3.0000000e+00   5.3950000e+03
   1.4000000e+01   6.2400000e+02   8.9094236e+02  -2.8957928e+02   9.7678000e+01   3.0000000e+00   5.3920000e+03
   1.4000000e+01   6.2500000e+02   9.0760136e+02  -2.7443728e+02   1.0567800e+02   4.0000000e+00   5.3840000e+03
   1.4000000e+01   6.2600000e+02   9.1744436e+02  -2.6724528e+02   1.0567800e+02   4.0000000e+00   5.4060000e+03
   1.4000000e+01   6.2700000e+02   9.2690936e+02  -2.6459528e+02   9.4678000e+01   4.0000000e+00   5.3880000e+03
   1.4000000e+01   6.2800000e+02   9.1971636e+02  -2.6838028e+02   9.4678000e+01   4.0000000e+00   5.3880000e+03
   1.5000000e+01   6.2900000e+02   1.1770694e+03  -1.1280028e+02   9.9678000e+01   3.0000000e+00   5.3290000e+03
   1.5000000e+01   6.3000000e+02   1.1705384e+03  -1.0769028e+02   9.9678000e+01   3.0000000e+00   5.3290000e+03
   1.5000000e+01   6.3100000e+02   1.1444154e+03  -1.0910928e+02   9.6678000e+01   4.0000000e+00   5.3260000e+03
   1.5000000e+01   6.3200000e+02   1.1577614e+03  -1.1223228e+02   9.6678000e+01   4.0000000e+00   5.3280000e+03
   1.5000000e+01   6.3300000e+02   1.1620204e+03  -1.0286328e+02   9.6678000e+01   4.0000000e+00   5.3280000e+03
   1.5000000e+01   6.3400000e+02   1.1665634e+03  -1.0513528e+02   9.6678000e+01   4.0000000e+00   5.3280000e+03
   1.5000000e+01   6.3500000e+02   1.1466874e+03  -1.0967728e+02   9.5678000e+01   4.0000000e+00   5.3260000e+03
   1.5000000e+01   6.3600000e+02   1.1427114e+03  -1.0627028e+02   9.5678000e+01   4.0000000e+00   5.3260000e+03
