1	1	578.636	1325.355	123	4
1	2	586.207	1320.813	123	4
1	3	584.314	1314.377	123	4
1	4	586.585	1304.913	123	4
1	5	593.778	1315.513	123	4
1	6	582.8	1326.113	125	4
1	7	580.15	1314.756	125	4
1	8	584.314	1307.184	125	4
1	9	594.535	1315.513	125	4
1	10	586.207	1333.684	120	4
1	11	589.235	1326.491	120	4
1	12	586.964	1315.513	120	4
1	13	580.528	1322.705	120	4
1	14	577.878	1330.277	120	4
1	15	575.228	1319.298	120	4
1	16	572.957	1330.277	116	4
1	17	557.057	1326.491	116	4
1	18	566.522	1320.434	116	4
1	19	577.5	1317.784	116	4
1	20	580.528	1309.077	116	4
1	21	581.664	1329.898	116	4
1	22	579.771	1309.456	114	4
1	23	580.15	1301.127	114	4
1	24	580.907	1294.313	114	4
1	25	587.721	1313.998	112	4
1	26	586.964	1304.534	112	4
1	27	588.1	1295.827	112	4
1	28	582.421	1298.477	110	4
1	29	580.907	1323.841	113	4
1	30	542.293	1330.277	101	4
1	31	540.022	1334.441	101	4
1	32	501.408	1338.227	101	4
1	33	500.273	1326.87	101	4
1	34	487.78	1324.22	101	4
1	35	515.415	1350.341	100	4
1	36	540.401	1318.541	99	4
1	37	523.365	1324.598	98	4
1	38	520.337	1332.927	98	4
1	39	535.101	1335.198	98	4
1	40	531.315	1348.069	98	4
1	41	533.208	1355.641	98	4
1	42	516.172	1348.826	98	4
1	43	498.001	1336.334	98	4
1	44	496.487	1324.22	98	4
1	45	529.044	1337.848	94	4
1	46	525.637	1355.262	94	4
1	47	527.908	1363.969	94	4
1	48	524.501	1371.919	94	4
1	49	531.694	1354.505	91	4
1	50	511.251	1357.912	91	4
1	51	515.415	1345.041	91	4
1	52	510.873	1331.413	88	3
1	53	522.987	1327.627	88	3
1	54	545.7	1311.727	85	3
1	55	514.28	1354.505	83	3
1	56	510.873	1346.555	83	3
1	57	492.701	1381.383	89	3
1	58	499.894	1384.79	89	3
1	59	506.33	1385.547	89	3
1	60	511.251	1382.14	89	3
1	61	525.258	1392.361	89	3
1	62	523.365	1384.79	91	4
1	63	528.665	1375.705	91	4
1	64	505.951	1392.74	87	4
1	65	524.501	1392.74	87	4
1	66	535.858	1398.04	85	4
1	67	525.258	1394.633	85	4
1	68	543.051	1392.74	81	4
1	69	513.901	1368.133	94	4
1	70	511.251	1345.798	94	4
1	71	512.008	1326.113	109	1
1	72	505.194	1330.277	109	1
1	73	514.658	1315.891	109	1
1	74	513.144	1308.699	109	1
1	75	512.387	1306.049	104	1
1	76	512.387	1314.377	103	1
1	77	468.852	1369.269	93	1
1	78	479.452	1371.919	95	1
1	79	487.023	1379.49	95	1
1	80	473.395	1381.762	98	1
1	81	469.609	1377.219	98	1
1	82	478.316	1373.433	98	1
1	83	473.016	1365.862	98	1
1	84	522.608	1399.176	106	1
1	85	488.537	1366.24	106	1
1	86	493.08	1352.991	106	1
1	87	532.451	1400.311	103	1
1	88	487.023	1395.768	103	1
1	89	485.13	1372.298	103	1
1	90	494.594	1363.969	103	1
1	91	480.209	1384.033	100	1
1	92	483.616	1371.919	100	1
1	93	471.88	1380.626	100	1
1	94	491.566	1370.783	100	1
1	95	522.229	1406.368	97	3
1	96	521.472	1400.311	97	3
1	97	520.337	1393.118	97	3
1	98	524.879	1388.954	97	3
1	99	524.122	1384.412	92	3
1	100	525.258	1396.526	92	3
1	101	572.579	1305.67	99	4
1	102	576.364	1313.62	99	4
1	103	585.828	1310.97	99	4
1	104	596.807	1307.941	99	4
1	105	605.135	1324.598	99	4
1	106	637.313	1313.62	99	4
1	107	599.078	1302.263	96	4
1	108	596.807	1308.32	96	4
1	109	613.842	1316.648	97	4
1	110	605.514	1324.22	97	4
1	111	591.885	1321.948	96	4
1	112	592.642	1332.17	96	4
1	113	599.835	1334.82	96	4
1	114	596.049	1304.913	93	4
1	115	608.542	1315.134	93	4
1	116	602.485	1325.355	93	4
1	117	605.892	1332.17	93	4
1	118	606.649	1344.284	93	4
1	119	604.757	1351.855	93	4
1	120	606.649	1361.698	93	4
1	121	605.514	1370.026	93	4
1	122	598.699	1378.354	93	4
1	123	591.128	1384.033	93	4
1	124	592.642	1371.54	93	4
1	125	594.914	1365.862	93	4
1	126	598.321	1357.533	93	4
1	127	592.642	1346.934	93	4
1	128	596.049	1399.933	93	4
1	129	585.071	1395.011	93	4
1	130	587.721	1358.669	93	4
1	131	605.514	1347.691	96	4
1	132	602.107	1360.941	96	4
1	133	605.135	1323.841	96	4
1	134	611.949	1315.513	96	4
1	135	596.428	1363.59	90	4
1	136	598.321	1355.641	90	4
1	137	614.221	1349.205	90	4
1	138	612.328	1357.155	90	4
1	139	610.435	1364.726	90	4
1	140	598.699	1378.733	90	4
1	141	612.328	1378.733	90	4
1	142	618.006	1374.569	90	4
1	143	625.578	1379.112	90	4
1	144	629.363	1385.547	90	4
1	145	632.013	1390.847	90	4
1	146	635.42	1380.247	90	4
1	147	610.435	1372.298	87	4
1	148	614.599	1381.383	87	4
1	149	611.192	1358.669	87	4
1	150	618.385	1364.726	87	4
1	151	623.685	1368.89	87	4
1	152	618.763	1360.941	84	4
1	153	619.521	1369.269	84	4
1	154	597.185	1307.941	91	4
1	155	603.999	1318.92	91	4
1	156	603.242	1321.57	88	4
1	157	607.785	1314.756	88	4
1	158	598.699	1320.056	85	4
1	159	589.992	1320.434	93	4
1	160	618.385	1359.048	82	4
1	161	635.042	1337.469	76	3
1	162	630.877	1350.341	76	3
1	163	622.928	1341.634	76	3
1	164	644.884	1318.163	72	1
1	165	665.705	1355.262	86	1
1	166	641.477	1349.584	88	1
1	167	626.713	1368.133	94	1
1	168	639.206	1357.155	94	1
1	169	625.956	1359.048	94	1
1	170	624.82	1364.348	97	1
1	171	635.799	1360.183	97	1
1	172	625.578	1370.026	97	1
1	173	653.213	1354.126	89	3
1	174	634.285	1408.261	90	3
1	175	649.806	1405.611	86	1
1	176	639.963	1401.447	86	1
1	177	626.713	1408.64	88	1
1	178	638.449	1406.368	88	1
1	179	625.578	1422.268	92	1
1	180	597.942	1411.29	95	1
1	181	588.478	1407.504	94	3
1	182	535.101	1308.32	89	1
1	183	635.42	1374.19	88	3
1	184	646.02	1366.998	88	3
1	185	642.992	1381.762	88	3
2	186	526.962	1146.484	95	4
2	187	511.062	1169.197	92	4
2	188	495.162	1147.051	92	4
2	189	503.68	1141.373	92	4
2	190	545.133	1109.573	92	4
2	191	551	1095.756	92	4
2	192	551	1099.163	89	4
2	193	552.136	1091.97	89	4
2	194	537.751	1084.02	89	4
2	195	532.829	1087.049	89	4
2	196	532.451	1076.828	89	4
2	197	551.758	1071.906	89	4
2	198	530.936	1083.642	86	4
2	199	535.858	1066.606	86	4
2	200	543.808	1083.642	86	4
2	201	550.622	1074.556	86	4
2	202	540.401	1060.549	86	4
2	203	533.208	1052.221	86	4
2	204	527.151	1057.142	83	4
2	205	533.208	1080.613	83	4
2	206	544.565	1062.064	83	4
2	207	542.672	1056.007	80	4
2	208	549.108	1050.707	80	4
2	209	553.272	1045.028	80	4
2	210	543.808	1042	80	4
2	211	558.572	1042.378	80	4
2	212	558.572	1035.943	80	4
2	213	568.036	1042.378	80	4
2	214	567.657	1033.671	80	4
2	215	571.064	1028.371	80	4
2	216	564.25	1024.964	80	4
2	217	535.858	1081.37	81	4
2	218	533.586	1090.077	81	4
2	219	543.808	1085.156	81	4
2	220	543.808	1074.178	81	4
2	221	540.022	1093.484	81	4
2	222	547.972	1095.377	81	4
2	223	534.344	1090.835	78	4
2	224	541.158	1081.749	78	4
2	225	543.808	1092.727	78	4
2	226	549.865	1090.835	78	4
2	227	551.758	1034.428	76	4
2	228	541.158	1029.886	76	4
2	229	536.236	1032.914	76	4
2	230	538.129	1041.243	76	4
2	231	536.236	1036.7	73	4
2	232	547.593	1042.378	73	4
2	233	551.379	1035.943	73	4
2	234	552.893	1029.128	73	4
2	235	553.65	1021.936	73	4
2	236	544.943	1038.593	70	3
2	237	571.821	1026.857	77	3
2	238	569.55	1039.728	77	3
2	239	561.979	1034.807	77	3
2	240	571.064	1054.492	92	3
2	241	574.85	1064.335	92	3
2	242	580.15	1075.692	92	3
2	243	582.421	1085.913	89	3
2	244	532.451	1086.67	72	3
2	245	536.994	1080.613	76	3
2	246	538.129	1090.456	76	3
2	247	545.322	1087.806	76	3
2	248	518.444	1090.835	89	3
2	249	512.765	1094.999	89	3
2	250	582.043	1034.428	93	1
2	251	584.693	1083.263	90	1
2	252	592.642	1077.206	90	1
2	253	592.642	1077.206	90	1
2	254	515.794	1151.783	88	4
2	255	508.601	1168.062	88	4
2	256	506.708	1176.39	88	4
2	257	483.237	1181.311	88	4
2	258	482.859	1175.255	88	4
2	259	484.752	1166.547	88	4
2	260	486.266	1174.876	84	4
2	261	487.023	1167.305	84	4
2	262	488.537	1174.119	82	4
2	263	498.001	1170.333	82	4
2	264	487.78	1177.147	79	4
2	265	491.566	1170.712	79	4
2	266	502.544	1169.576	79	4
2	267	491.944	1171.847	75	4
2	268	500.273	1176.012	75	4
2	269	504.058	1181.311	85	4
2	270	500.273	1187.747	85	4
2	271	515.794	1176.39	79	4
2	272	518.444	1160.49	79	4
2	273	528.665	1157.84	79	4
2	274	510.115	1162.762	76	4
2	275	513.522	1176.012	74	4
2	276	499.894	1211.975	69	4
2	277	495.351	1185.854	69	4
2	278	505.194	1200.618	69	4
2	279	512.387	1209.325	66	4
2	280	501.408	1225.982	64	4
2	281	521.094	1218.789	64	4
2	282	513.901	1219.925	62	4
2	283	494.216	1207.432	71	4
2	284	505.573	1213.868	62	4
2	285	514.28	1249.453	58	4
2	286	519.58	1258.917	56	4
2	287	530.179	1257.782	56	4
2	288	519.58	1251.725	52	4
2	289	530.936	1255.132	52	4
2	290	519.58	1260.053	52	4
2	291	528.665	1262.324	52	4
2	292	530.936	1255.889	49	4
2	293	522.987	1247.56	49	4
2	294	527.151	1260.81	47	4
2	295	533.586	1254.753	47	4
2	296	514.658	1255.51	47	3
2	297	506.33	1260.432	47	3
2	298	512.765	1245.289	47	3
2	299	520.715	1247.182	47	3
2	300	506.33	1243.018	45	3
2	301	540.022	1248.696	45	4
2	302	493.459	1177.147	72	4
3	303	633.149	1065.471	116	4
3	304	622.17	1073.421	116	4
3	305	613.842	1076.07	118	4
3	306	585.828	1080.613	119	4
3	307	571.443	1087.806	117	4
3	308	558.572	1083.642	117	4
3	309	568.414	1082.128	117	4
3	310	559.329	1082.128	113	4
3	311	564.25	1096.892	115	4
3	312	599.078	1080.235	122	4
3	313	589.992	1070.771	122	4
3	314	581.286	1085.535	122	4
3	315	595.671	1089.699	122	4
3	316	614.788	1149.323	114	4
3	317	622.36	1153.866	114	4
3	318	628.417	1143.266	114	4
3	319	630.31	1151.216	114	4
3	320	622.36	1171.28	114	4
3	321	617.817	1161.815	114	4
3	322	613.274	1165.98	117	4
3	323	615.546	1155.001	117	4
3	324	622.738	1142.887	117	4
3	325	628.038	1150.837	117	4
3	326	623.874	1197.401	120	4
3	327	618.196	1193.615	120	4
3	328	615.924	1169.387	120	4
3	329	630.31	1179.987	120	4
3	330	632.581	1195.886	123	4
3	331	648.481	1147.051	134	4
3	332	658.702	1153.108	134	4
3	333	660.216	1160.301	131	4
3	334	673.844	1151.216	131	4
3	335	659.459	1144.023	131	4
3	336	671.573	1154.623	127	3
3	337	680.659	1164.465	127	3
3	338	670.816	1144.401	124	3
3	339	686.337	1156.137	129	3
3	340	662.109	1158.03	129	3
3	341	693.151	1193.615	130	1
3	342	679.144	1188.693	130	1
4	343	475.288	942.437	86	4
4	344	481.723	934.487	86	4
4	345	470.745	946.223	86	4
4	346	459.766	942.437	86	4
4	347	463.173	937.516	86	4
4	348	450.681	944.708	86	4
4	349	443.11	947.737	88	4
4	350	430.238	940.544	88	4
4	351	440.46	933.352	88	4
4	352	432.131	927.673	88	4
4	353	422.289	926.916	88	4
4	354	416.231	923.509	88	4
4	355	419.26	936.759	88	4
4	356	418.881	935.623	93	4
4	357	423.046	929.187	93	4
4	358	430.238	934.487	93	4
4	359	439.702	939.787	93	4
4	360	450.681	949.251	93	4
4	361	457.495	941.301	93	4
4	362	453.331	935.244	89	4
4	363	463.173	936.002	89	4
4	364	463.931	950.387	89	4
4	365	473.395	947.737	89	4
4	366	452.574	938.651	88	4
4	367	432.888	933.73	88	4
4	368	446.327	955.687	89	4
4	369	438.661	960.514	89	4
4	370	434.97	969.883	89	4
4	371	427.304	971.587	89	4
4	372	411.689	973.29	93	4
4	373	414.528	980.956	93	4
4	374	405.158	982.376	93	4
4	375	396.357	982.376	93	4
4	376	419.639	974.71	93	4
4	377	425.601	972.722	93	4
4	378	408.849	973.006	96	4
4	379	397.776	973.006	96	4
4	380	401.467	974.426	99	4
4	381	391.814	974.142	99	4
4	382	399.196	976.129	102	4
4	383	388.691	980.104	102	4
4	384	381.877	982.66	102	4
4	385	381.309	980.956	106	4
4	386	375.63	983.227	106	4
4	387	375.63	983.795	110	4
4	388	381.877	980.104	110	4
4	389	380.457	984.647	112	4
4	390	372.223	974.71	112	4
4	391	367.965	964.489	112	4
4	392	358.595	971.303	112	4
4	393	363.422	978.401	112	4
4	394	352.349	975.278	113	4
4	395	350.361	974.994	109	4
4	396	375.914	978.401	109	4
4	397	381.025	983.795	109	4
4	398	393.234	984.647	117	4
4	399	391.53	989.474	117	4
4	400	379.605	978.969	113	4
4	401	381.877	992.881	105	4
4	402	388.691	990.042	105	4
4	403	382.161	995.72	101	4
4	404	390.678	991.461	101	4
4	405	387.271	990.326	97	4
4	406	416.799	972.722	96	4
4	407	427.588	983.511	93	4
4	408	436.39	989.758	89	4
4	409	443.772	979.536	89	4
4	410	452.574	982.66	89	4
4	411	446.895	999.979	87	4
4	412	454.277	1003.67	87	4
4	413	437.81	994.017	87	4
4	414	447.463	997.424	84	4
4	415	452.006	1005.09	84	4
4	416	461.659	1003.102	84	4
4	417	446.043	1005.09	81	4
4	418	446.895	996.004	81	4
4	419	447.747	988.906	81	4
4	420	450.018	980.672	81	4
4	421	440.933	999.979	78	4
4	422	450.87	996.856	78	4
4	423	437.242	1017.866	75	4
4	424	446.327	983.511	78	4
4	425	452.006	980.672	78	4
4	426	429.008	980.672	90	4
4	427	432.699	985.499	90	4
4	428	445.759	982.944	86	4
4	429	453.425	982.092	86	4
4	430	456.832	988.338	86	4
4	431	445.192	988.054	83	4
4	432	453.993	984.079	83	4
4	433	471.597	1011.904	87	4
4	434	468.757	1006.225	87	4
4	435	462.227	1006.509	87	4
4	436	471.029	995.436	84	4
4	437	469.325	1002.534	84	4
4	438	417.651	971.587	98	4
4	439	417.083	977.833	98	4
4	440	441.217	967.896	94	4
4	441	438.377	977.549	94	4
4	442	433.551	976.129	97	4
4	443	455.981	1021.841	86	4
4	444	462.227	997.708	94	4
4	445	469.041	1000.831	94	4
4	446	460.24	999.695	91	4
4	447	456.265	995.152	91	4
4	448	461.375	986.918	87	4
4	449	469.041	1013.323	83	4
4	450	441.785	961.933	91	4
4	451	474.72	925.875	92	4
4	452	465.35	919.629	92	4
4	453	473.016	916.222	92	4
4	454	472.164	921.9	95	4
4	455	479.262	912.814	95	4
4	456	484.657	899.186	95	4
4	457	468.473	903.445	95	4
4	458	461.091	908.272	95	4
4	459	456.832	913.098	95	4
4	460	456.265	920.196	95	4
4	461	456.832	925.875	95	4
4	462	470.461	891.804	95	4
4	463	472.732	886.977	95	4
4	464	483.237	880.163	95	4
4	465	489.484	873.633	95	4
4	466	497.15	869.942	95	4
4	467	491.755	888.965	95	4
4	468	494.878	882.435	95	4
4	469	500.557	880.731	95	4
4	470	509.358	884.99	95	4
4	471	511.346	876.472	95	4
4	472	460.807	930.702	99	4
4	473	451.722	915.938	99	4
4	474	448.031	922.184	99	4
4	475	462.795	911.395	99	4
4	476	470.177	913.098	99	4
4	477	465.918	924.171	99	4
4	478	457.116	921.332	102	4
4	479	445.192	921.616	102	4
4	480	457.684	930.134	102	4
4	481	455.413	938.935	102	4
4	482	464.782	939.219	102	4
4	483	445.476	919.913	105	4
4	484	443.772	930.418	105	4
4	485	437.242	939.503	105	4
4	486	453.425	940.923	105	4
4	487	467.338	946.601	105	4
4	488	457.4	919.629	105	4
4	489	456.832	925.023	105	4
4	490	459.956	931.837	105	4
4	491	466.202	935.812	105	4
4	492	470.745	940.071	105	4
4	493	474.152	951.996	105	4
4	494	480.966	958.242	105	4
4	495	487.212	955.119	105	4
4	496	481.25	943.478	105	4
4	497	486.644	942.91	105	4
4	498	493.459	951.144	105	4
4	499	497.717	948.021	105	4
4	500	501.692	944.898	105	4
4	501	494.594	941.491	105	4
4	502	479.546	956.255	108	4
4	503	469.609	951.996	108	4
4	504	469.609	942.91	108	4
4	505	465.35	936.948	108	4
4	506	464.214	945.75	108	4
4	507	455.413	931.269	108	4
4	508	451.154	920.196	108	4
4	509	450.586	908.556	108	4
4	510	445.192	911.111	108	4
4	511	445.759	902.309	108	4
4	512	465.066	905.432	108	4
4	513	470.177	908.839	108	4
4	514	452.574	913.382	111	4
4	515	446.043	903.445	105	4
4	516	454.277	909.407	105	4
4	517	453.993	885.558	102	4
4	518	448.599	878.46	102	4
4	519	447.747	890.668	102	4
4	520	442.92	944.046	105	4
4	521	444.056	944.614	102	4
4	522	478.127	906	99	4
4	523	477.843	913.382	99	4
4	524	492.607	871.362	98	4
4	525	498.285	869.09	98	4
4	526	506.519	867.671	98	4
4	527	505.099	878.46	98	4
4	528	495.162	888.113	98	4
4	529	488.632	886.41	98	4
4	530	492.039	876.188	101	4
4	531	504.532	873.065	101	4
4	532	501.692	879.879	101	4
4	533	486.644	868.522	101	4
4	534	495.73	865.115	101	4
4	535	497.434	884.706	101	4
4	536	509.074	879.879	101	4
4	537	488.348	865.967	98	4
4	538	487.496	899.754	98	4
4	539	476.991	909.123	98	4
4	540	370.804	998.843	97	4
4	541	367.113	991.461	97	4
4	542	377.618	1023.829	97	3
4	543	392.666	1015.311	97	3
4	544	390.678	1025.816	97	3
4	545	398.344	1038.309	98	3
4	546	404.023	1029.791	98	3
4	547	401.467	1029.223	95	3
4	548	371.939	1016.447	93	3
4	549	401.751	1005.374	89	1
4	550	387.555	1032.346	92	1
4	551	392.098	1035.753	93	1
4	552	400.616	1017.298	93	1
4	553	310.612	952.848	113	1
4	554	302.662	950.86	97	1
4	555	330.771	901.174	101	1
4	556	324.808	896.063	101	1
4	557	321.969	907.704	108	1
4	558	317.142	902.025	108	1
4	559	315.723	896.631	108	1
4	560	321.685	894.643	108	1
4	561	332.758	898.902	108	1
4	562	344.967	899.47	108	1
4	563	352.917	898.618	108	1
4	564	340.424	917.073	112	1
4	565	316.574	893.224	112	1
4	566	330.203	895.211	112	1
4	567	316.574	898.618	112	1
4	568	308.341	929.282	112	1
4	569	311.748	913.098	112	1
4	570	307.205	918.209	112	1
4	571	318.278	917.357	112	1
4	572	316.29	905.716	115	1
4	573	324.808	896.347	115	1
4	574	340.424	911.679	115	1
4	575	336.165	916.789	115	1
4	576	328.499	910.827	102	1
4	577	301.243	951.996	100	1
4	578	318.278	969.315	100	1
4	579	358.595	931.269	116	1
4	580	379.605	933.541	99	1
4	581	378.47	924.739	99	1
4	582	372.223	930.418	99	1
4	583	365.409	932.973	99	1
4	584	376.482	921.048	102	1
4	585	383.864	922.468	102	1
4	586	385.852	930.134	102	1
4	587	381.309	935.528	102	1
4	588	379.605	940.071	102	1
4	589	377.902	935.244	105	1
4	590	381.877	921.332	105	1
4	591	408.566	946.601	99	1
4	592	400.048	953.699	100	1
4	593	406.578	957.39	100	1
4	594	413.96	945.182	100	1
4	595	416.231	957.674	104	1
4	596	407.998	961.933	104	1
4	597	396.357	959.378	104	1
4	598	409.701	955.971	107	1
4	599	399.764	959.094	107	1
4	600	417.935	943.762	112	1
4	601	419.922	972.722	114	1
4	602	427.304	972.722	114	1
4	603	427.872	962.785	111	1
4	604	416.231	979.536	111	1
4	605	413.96	970.735	111	1
4	606	422.762	984.363	111	1
4	607	428.724	986.067	111	1
4	608	420.774	971.871	107	1
4	609	414.528	974.426	107	1
4	610	424.181	981.24	107	1
4	611	419.071	981.808	107	1
4	612	445.759	991.461	99	1
4	613	428.724	985.499	99	1
4	614	423.613	990.609	102	1
4	615	446.895	997.708	102	1
4	616	438.094	988.622	105	1
4	617	452.858	970.735	122	1
4	618	457.684	957.107	122	1
4	619	462.227	968.18	119	1
4	620	451.154	954.267	119	1
4	621	460.523	974.426	119	1
4	622	469.041	955.403	119	1
4	623	472.448	940.355	119	1
4	624	466.77	940.355	119	1
4	625	463.647	940.639	115	1
4	626	467.622	934.677	115	1
4	627	482.386	942.342	115	1
4	628	475.855	950.292	115	1
4	629	484.941	954.551	115	1
4	630	470.177	937.232	112	1
4	631	450.586	954.267	116	1
4	632	458.252	971.871	116	1
4	633	457.4	979.536	116	1
4	634	444.056	962.217	113	1
4	635	454.277	982.376	113	1
4	636	455.413	970.167	113	1
4	637	444.056	973.858	109	1
4	638	456.549	990.042	109	1
4	639	451.438	985.783	110	1
4	640	455.129	969.315	110	1
4	641	480.114	983.227	112	1
4	642	490.619	969.883	112	1
4	643	479.83	976.129	112	1
4	644	479.262	971.587	109	1
4	645	487.212	961.933	109	1
4	646	492.039	968.747	109	1
4	647	486.361	976.981	109	1
4	648	480.398	972.722	106	1
4	649	475.288	975.845	106	1
4	650	470.745	983.227	106	1
4	651	462.511	981.808	106	1
4	652	463.079	967.612	106	1
4	653	499.989	986.351	107	1
4	654	489.768	978.117	107	1
4	655	477.275	992.029	107	1
4	656	484.657	973.29	96	1
4	657	479.262	971.871	96	1
4	658	483.237	947.453	96	1
4	659	503.396	924.739	96	1
4	660	489.768	935.528	96	1
4	661	430.995	921.048	127	1
4	662	452.574	919.061	125	1
4	663	417.935	906.284	122	1
4	664	444.056	903.729	122	1
4	665	452.29	900.322	122	1
4	666	458.82	895.779	122	1
4	667	465.918	891.804	122	1
4	668	411.973	891.804	116	1
4	669	421.058	901.741	81	1
4	670	411.121	895.779	81	1
4	671	413.108	888.965	81	1
4	672	430.712	896.631	86	1
4	673	438.377	885.274	86	1
4	674	430.995	875.053	86	1
4	675	424.181	902.309	86	1
4	676	432.983	886.977	92	1
4	677	425.317	880.447	92	1
4	678	426.737	902.025	92	1
4	679	430.995	896.631	94	1
4	680	419.071	898.05	94	1
4	681	420.49	886.693	94	1
4	682	423.33	879.311	94	1
4	683	414.528	879.028	94	1
4	684	454.277	863.98	102	1
4	685	455.981	859.153	98	1
4	686	455.697	863.98	98	1
4	687	447.179	869.942	98	1
4	688	443.772	860.856	96	1
4	689	454.845	861.992	96	1
4	690	458.252	885.558	84	1
4	691	461.375	866.819	89	1
4	692	453.425	865.967	89	1
4	693	470.745	869.942	92	1
4	694	461.375	878.46	92	1
4	695	455.981	863.412	92	1
4	696	448.883	871.929	92	1
4	697	413.392	850.351	106	1
4	698	406.01	852.339	106	1
4	699	407.998	846.376	106	1
4	700	414.244	841.834	106	1
4	701	375.347	855.746	104	1
4	702	372.507	877.892	104	1
4	703	355.756	865.967	104	1
4	704	360.015	850.919	104	1
4	705	370.804	850.351	100	1
4	706	377.902	851.771	96	1
4	707	373.359	906.568	96	1
4	708	362.286	900.322	98	1
4	709	354.904	897.199	101	1
4	710	356.04	892.656	101	1
4	711	497.434	907.988	121	1
4	712	469.041	904.202	118	1
4	713	481.912	893.224	118	1
4	714	476.991	887.545	118	1
4	715	458.441	895.874	118	1
4	716	473.963	909.502	115	1
4	717	436.863	872.781	112	1
4	718	449.356	857.26	112	1
4	719	456.927	874.295	114	1
4	720	457.306	862.938	114	1
4	721	447.084	871.645	114	1
4	722	452.006	913.666	125	1
4	723	487.591	899.659	114	1
4	724	483.427	894.738	114	1
4	725	495.541	894.738	114	1
4	726	494.784	883.381	114	1
4	727	487.212	886.031	114	1
4	728	470.934	905.716	114	1
4	729	483.048	915.559	114	1
4	730	476.612	885.652	111	1
4	731	477.37	881.11	111	1
4	732	465.256	859.531	111	1
4	733	441.406	872.024	111	1
4	734	475.477	876.567	108	1
4	735	468.284	884.138	108	1
4	736	492.134	907.988	105	1
4	737	492.512	906.852	106	1
4	738	487.591	886.031	109	1
4	739	518.255	865.588	107	1
4	740	523.554	888.302	107	1
4	741	515.983	886.41	107	1
4	742	493.648	904.581	104	1
4	743	488.348	948.873	94	1
4	744	495.541	952.658	94	1
4	745	497.055	959.094	94	1
4	746	488.727	963.637	94	1
4	747	483.805	956.444	94	1
4	748	480.02	957.958	101	1
4	749	477.37	952.28	101	1
4	750	484.184	970.829	101	1
4	751	490.241	951.523	101	1
4	752	476.234	985.215	101	1
4	753	477.37	990.515	101	1
4	754	355.283	938.084	121	3
4	755	363.611	935.434	121	3
4	756	365.882	944.141	121	3
4	757	366.545	935.244	118	3
4	758	366.261	945.466	118	3
4	759	358.027	936.38	118	3
4	760	352.917	940.923	118	3
4	761	374.495	946.033	118	3
4	762	362.286	936.948	115	3
4	763	365.977	930.418	115	3
4	764	372.507	929.566	115	3
4	765	342.128	918.493	106	3
4	766	332.758	920.764	106	3
4	767	350.645	952.564	118	3
4	768	343.547	926.443	105	3
4	769	323.105	956.539	117	3
4	770	320.265	963.921	117	3
4	771	327.647	968.18	114	3
4	772	332.474	966.476	114	3
4	773	316.574	967.044	112	3
4	774	333.042	980.104	109	3
4	775	339.288	978.401	109	3
4	776	327.647	963.637	110	2
4	777	352.633	890.952	91	3
4	778	362.854	890.668	91	3
4	779	361.15	895.779	91	3
4	780	365.977	888.965	93	3
4	781	371.372	895.495	93	4
4	782	374.779	904.013	93	4
4	783	364.841	905.148	93	4
4	784	361.718	897.766	93	4
4	785	359.447	892.088	93	4
4	786	368.248	914.234	90	4
4	787	374.779	914.234	90	4
4	788	366.829	928.43	92	4
4	789	393.518	914.234	90	4
4	790	401.751	918.493	92	4
4	791	392.666	926.159	92	4
4	792	388.123	897.483	94	4
4	793	391.246	914.518	94	4
4	794	397.209	895.495	97	4
4	795	396.357	888.681	97	4
4	796	392.098	884.422	97	4
4	797	387.839	904.865	94	4
4	798	386.42	875.62	97	1
4	799	378.47	852.055	97	1
4	800	384.148	888.965	69	1
4	801	390.962	880.731	69	1
4	802	386.703	882.435	69	1
4	803	390.962	887.545	69	1
4	804	367.965	912.814	72	1
4	805	360.866	861.708	72	1
4	806	389.259	859.153	72	1
4	807	358.311	854.61	73	1
4	808	382.161	861.708	73	3
4	809	387.271	863.412	73	3
4	810	380.457	870.794	73	3
4	811	386.987	863.696	75	3
4	812	387.271	907.704	74	1
4	813	379.038	904.865	76	1
4	814	363.422	912.814	78	1
4	815	380.741	864.263	84	1
4	816	381.025	852.623	84	1
4	817	369.668	870.226	81	1
4	818	363.706	853.474	81	1
4	819	370.52	842.685	81	1
4	820	386.42	847.228	81	1
4	821	388.123	858.017	81	1
4	822	396.641	864.263	77	1
4	823	409.701	867.387	77	1
4	824	367.681	864.263	72	1
4	825	409.701	847.512	94	1
4	826	391.814	864.831	94	1
4	827	427.021	847.512	94	1
4	828	421.342	854.326	90	1
4	829	388.407	860.572	90	1
4	830	400.048	843.253	90	1
4	831	407.714	842.401	90	1
4	832	408.566	852.623	87	1
4	833	404.591	842.685	87	1
4	834	400.048	859.153	87	1
4	835	406.01	886.977	86	3
4	836	402.887	878.46	86	3
4	837	411.121	874.485	86	3
4	838	415.38	896.915	92	3
4	839	417.367	884.422	92	3
4	840	417.651	879.879	92	3
4	841	413.392	890.384	95	3
4	842	413.96	885.842	95	3
4	843	398.912	876.472	94	3
4	844	415.096	934.96	110	1
4	845	413.108	955.119	108	1
4	846	403.455	925.023	104	1
4	847	411.973	916.789	104	1
4	848	419.922	924.171	104	1
4	849	409.417	929.282	100	1
4	850	412.824	917.641	100	1
4	851	422.194	913.666	100	1
4	852	417.651	922.184	97	1
4	853	415.096	934.109	106	1
4	854	436.674	940.639	108	3
4	855	429.86	933.541	105	3
4	856	381.309	892.656	109	3
4	857	385.568	886.977	107	3
4	858	386.42	884.99	105	3
4	859	388.407	897.483	105	3
4	860	384.432	897.483	102	3
4	861	393.518	895.495	102	3
4	862	390.962	884.99	102	3
4	863	384.148	885.558	102	3
4	864	396.073	891.804	99	3
4	865	386.987	875.904	99	3
4	866	392.098	980.672	122	3
4	867	392.382	976.981	122	3
4	868	391.814	976.413	119	3
4	869	391.246	988.906	119	3
4	870	395.221	985.215	119	3
4	871	464.214	890.384	118	3
4	872	466.77	885.842	115	3
4	873	482.386	896.915	115	3
4	874	470.745	878.46	112	3
4	875	457.684	873.065	112	3
4	876	464.498	895.495	112	3
4	877	465.634	908.556	112	3
4	878	452.006	878.176	109	3
4	879	455.413	874.485	109	3
4	880	459.388	869.374	109	3
4	881	438.094	883.854	104	3
4	882	448.883	882.151	104	3
4	883	452.858	890.668	104	3
4	884	444.34	898.618	105	3
4	885	521.567	900.038	98	3
4	886	525.826	890.668	98	3
4	887	525.826	883.002	98	3
4	888	530.369	884.99	98	3
4	889	523.554	898.334	95	3
4	890	526.11	883.002	95	3
4	891	520.715	886.693	95	3
4	892	521.567	879.879	95	3
4	893	522.703	893.508	92	3
4	894	471.597	886.126	91	3
4	895	474.152	894.359	92	3
4	896	477.843	882.719	92	3
4	897	473.3	887.261	94	3
4	898	482.67	880.731	94	3
4	899	453.993	887.545	86	1
4	900	460.807	867.954	86	1
4	901	476.991	883.854	90	1
4	902	467.622	871.078	90	1
4	903	447.747	872.213	93	1
4	904	457.116	863.696	93	1
4	905	470.745	870.51	93	1
4	906	458.536	873.349	93	1
4	907	524.69	875.62	110	1
4	908	530.936	877.892	89	1
4	909	530.085	880.163	92	3
4	910	512.481	876.756	94	3
4	911	539.17	874.485	94	3
4	912	523.554	883.57	94	3
4	913	512.765	864.263	98	3
4	914	511.914	865.115	100	3
4	915	512.765	857.449	100	3
4	916	518.444	850.635	100	3
4	917	509.074	852.055	100	3
4	918	501.125	854.326	100	3
4	919	487.496	861.992	100	3
4	920	529.517	859.437	100	3
4	921	532.356	856.598	102	3
4	922	516.74	854.326	102	3
4	923	505.951	857.449	102	3
4	924	522.703	852.339	104	3
4	925	513.333	856.03	104	3
4	926	509.074	854.61	104	3
4	927	492.607	861.992	104	3
4	928	486.644	868.238	104	3
4	929	487.496	874.201	104	3
4	930	498.569	870.51	104	3
4	931	487.78	861.708	101	3
4	932	472.732	829.909	98	1
4	933	481.534	836.723	98	1
4	934	500.557	844.389	103	1
4	935	493.175	837.291	103	1
4	936	486.928	844.389	107	1
4	937	486.928	856.03	107	1
4	938	483.521	887.261	102	1
4	939	492.891	885.558	102	1
4	940	520.999	900.89	105	1
4	941	537.183	903.729	102	1
4	942	488.916	901.174	109	1
4	943	399.196	984.269	131	1
4	944	393.139	982.376	131	1
4	945	392.003	974.047	131	1
4	946	389.732	980.104	126	1
4	947	386.325	897.577	103	3
4	948	390.111	885.085	103	3
4	949	402.225	866.156	103	3
5	950	893.601	979.158	101	4
5	951	905.337	989.379	101	4
5	952	910.636	1003.765	101	4
5	953	902.687	992.786	97	4
5	954	893.223	1000.736	97	4
5	955	892.087	1009.443	108	4
5	956	890.194	1029.886	108	4
5	957	872.402	1034.428	117	4
5	958	874.673	1021.557	117	4
5	959	856.88	1044.65	117	4
5	960	846.281	1044.271	117	4
5	961	855.745	1045.407	121	4
5	962	847.038	1042.378	121	4
5	963	848.173	1034.05	121	4
5	964	836.059	1034.807	121	4
5	965	831.138	1043.514	121	4
5	966	850.445	1045.785	125	4
5	967	845.523	1037.457	125	4
5	968	841.359	1022.314	125	4
5	969	843.536	1012.188	126	4
5	970	904.296	1063.578	106	4
5	971	917.924	1113.264	113	4
5	972	930.133	1099.068	107	4
5	973	916.22	1139.669	104	4
5	974	919.06	1132.287	104	4
5	975	927.861	1131.152	104	4
5	976	937.515	1111.277	104	4
5	977	943.193	1103.611	104	4
5	978	931.552	1098.217	104	4
5	979	944.897	1088.563	102	4
5	980	945.18	1078.058	102	4
5	981	944.045	1080.045	98	4
5	982	932.404	1117.523	104	4
5	983	918.492	1140.805	102	4
5	984	927.861	1128.312	102	4
5	985	966.475	1144.212	114	4
5	986	972.721	1146.484	114	4
5	987	973.573	1147.903	118	4
5	988	981.807	1145.916	121	4
5	989	976.98	1151.31	136	1
5	990	984.078	1150.458	136	1
5	991	987.769	1149.323	133	1
5	992	972.153	1147.335	130	1
5	993	975.56	1190.492	115	1
5	994	965.055	1194.751	115	1
5	995	924.17	1155.569	115	1
5	996	931.268	1154.717	115	3
5	997	935.527	1149.323	115	3
5	998	875.43	1181.69	120	4
5	999	889.815	1190.397	120	4
5	1000	886.408	1198.347	120	4
5	1001	876.944	1204.025	120	4
5	1002	893.601	1202.89	120	4
5	1003	897.008	1222.575	120	4
5	1004	890.573	1234.689	120	4
5	1005	885.651	1209.704	120	4
5	1006	875.809	1194.183	123	4
5	1007	876.944	1192.29	126	4
5	1008	889.815	1236.582	117	4
5	1009	900.037	1225.604	117	4
5	1010	921.993	1231.661	117	4
5	1011	877.701	1231.661	117	4
5	1012	885.651	1236.96	114	4
5	1013	888.68	1223.332	114	4
5	1014	867.102	1239.232	111	4
5	1015	859.909	1233.553	104	4
5	1016	874.294	1224.468	105	3
5	1017	877.323	1219.547	108	3
5	1018	872.023	1233.175	108	3
5	1019	870.13	1239.232	112	3
5	1020	847.038	1274.817	110	1
5	1021	853.852	1256.267	110	1
5	1022	897.008	1216.518	104	1
5	1023	892.844	1207.054	104	1
5	1024	917.829	1235.068	112	1
5	1025	908.744	1247.56	110	1
6	1026	440.649	847.985	55	4
6	1027	432.699	852.907	55	4
6	1028	422.194	848.364	52	4
6	1029	415.664	849.216	50	4
6	1030	407.146	864.263	50	4
6	1031	397.776	856.881	49	4
6	1032	400.616	850.919	49	4
6	1033	403.171	844.389	49	4
6	1034	398.912	852.623	46	4
6	1035	407.146	840.13	46	4
6	1036	388.975	839.562	46	4
6	1037	396.925	837.291	46	4
6	1038	392.666	829.625	46	4
6	1039	400.9	834.452	46	4
6	1040	423.33	855.746	48	4
6	1041	401.184	849.499	44	4
6	1042	404.023	840.414	44	4
6	1043	398.344	832.464	44	4
6	1044	397.776	823.378	44	4
6	1045	398.344	818.268	44	4
6	1046	396.357	809.466	44	4
6	1047	385.568	807.763	44	4
6	1048	398.628	846.092	42	4
6	1049	402.319	840.13	42	4
6	1050	390.111	841.266	40	4
6	1051	381.025	844.957	40	4
6	1052	384.716	842.969	38	4
6	1053	376.766	840.414	38	4
6	1054	372.507	844.389	38	4
6	1055	370.804	848.932	35	4
6	1056	374.495	838.426	35	4
6	1057	381.025	841.266	35	4
6	1058	391.814	844.389	35	4
6	1059	376.766	863.696	33	4
6	1060	369.952	852.339	33	4
6	1061	372.791	838.994	33	4
6	1062	379.605	837.859	33	4
6	1063	385.852	838.994	33	4
6	1064	389.259	846.376	33	4
6	1065	375.063	856.598	30	4
6	1066	381.025	850.351	30	4
6	1067	367.965	836.439	30	4
6	1068	370.236	829.341	30	4
6	1069	377.618	823.378	30	4
6	1070	386.987	823.662	30	4
6	1071	383.58	835.019	30	4
6	1072	382.161	841.834	30	4
6	1073	370.236	843.537	30	4
6	1074	379.889	845.525	28	4
6	1075	383.296	834.452	28	4
6	1076	367.397	837.007	28	4
6	1077	364.841	830.76	28	4
6	1078	377.618	814.293	28	4
6	1079	392.382	821.675	28	4
6	1080	393.518	815.429	28	4
6	1081	385.568	824.23	28	4
6	1082	382.445	807.763	28	4
6	1083	369.668	830.477	26	4
6	1084	359.163	832.18	26	4
6	1085	362.286	819.404	26	4
6	1086	368.816	822.243	26	4
6	1087	386.42	824.23	24	4
6	1088	400.9	823.095	24	4
6	1089	387.839	814.009	24	4
6	1090	379.038	820.823	22	4
6	1091	393.802	821.391	22	4
6	1092	378.186	822.811	20	4
6	1093	380.173	814.861	20	4
6	1094	377.618	819.971	20	4
6	1095	378.754	816.28	17	4
6	1096	372.791	812.305	17	4
6	1097	375.914	812.589	10	1
6	1098	373.927	809.466	13	1
6	1099	378.47	819.687	16	1
6	1100	374.495	811.454	16	1
6	1101	362.854	813.441	16	1
6	1102	371.088	812.589	18	3
6	1103	390.962	806.911	28	1
6	1104	453.709	877.892	11	1
6	1105	458.82	875.337	11	1
6	1106	451.154	895.495	16	3
6	1107	449.45	903.161	18	3
6	1108	448.599	895.779	18	3
6	1109	466.77	891.804	20	3
6	1110	452.858	894.075	23	3
6	1111	453.141	885.274	23	3
6	1112	467.622	879.595	23	2
6	1113	463.363	868.522	15	2
6	1114	465.066	879.879	25	2
6	1115	459.104	883.57	27	2
6	1116	416.515	881.299	42	2
6	1117	421.91	870.226	40	2
6	1118	430.428	877.892	40	2
6	1119	425.885	866.819	38	2
6	1120	439.229	866.535	38	2
6	1121	420.49	870.794	33	3
6	1122	427.872	865.115	33	3
6	1123	421.058	883.286	35	3
6	1124	401.184	873.917	33	3
6	1125	417.935	871.929	32	3
6	1126	390.394	893.224	30	4
6	1127	367.113	884.138	30	4
6	1128	366.545	876.756	30	4
6	1129	360.299	887.261	30	4
6	1130	360.015	878.744	30	4
6	1131	356.04	875.053	30	4
6	1132	350.361	881.015	30	4
6	1133	340.14	873.349	30	4
6	1134	329.351	885.274	30	4
6	1135	338.153	887.545	30	4
6	1136	335.881	894.359	21	3
6	1137	334.178	897.483	25	3
6	1138	341.56	894.643	25	3
6	1139	344.683	888.113	25	3
6	1140	334.178	870.51	25	3
6	1141	325.092	873.349	25	3
6	1142	320.833	894.075	28	3
6	1143	316.574	877.608	28	3
6	1144	315.155	892.088	31	3
6	1145	341.56	902.025	30	3
6	1146	323.956	917.357	26	1
6	1147	329.919	928.43	30	3
6	1148	334.746	935.812	30	3
6	1149	347.238	911.395	27	3
6	1150	348.09	905.716	27	3
6	1151	339.856	887.829	34	1
6	1152	331.338	837.291	25	1
6	1153	294.144	841.55	23	1
6	1154	293.009	842.117	25	1
6	1155	302.094	844.673	26	3
6	1156	308.057	834.735	28	3
6	1157	312.883	842.117	28	3
6	1158	317.426	848.08	33	1
6	1159	319.13	847.228	31	1
6	1160	339.288	844.957	36	1
6	1161	346.102	843.253	36	1
6	1162	350.645	840.698	36	1
6	1163	357.175	843.253	36	1
6	1164	354.336	831.896	36	1
6	1165	361.15	835.303	33	1
6	1166	344.683	849.216	31	1
6	1167	306.353	858.301	40	1
6	1168	296.7	860.856	40	1
6	1169	286.195	867.954	40	1
6	1170	297.552	866.251	37	1
6	1171	312.599	883.854	31	3
6	1172	342.411	908.556	30	3
6	1173	396.641	860.005	20	1
6	1174	391.246	863.696	23	1
6	1175	407.43	872.213	22	3
6	1176	401.467	875.337	22	3
6	1177	391.246	881.867	23	3
6	1178	403.171	871.362	23	3
6	1179	399.764	904.013	22	3
6	1180	396.641	899.186	22	3
6	1181	419.355	924.739	28	3
6	1182	411.405	939.219	28	3
6	1183	416.799	934.109	25	3
6	1184	417.083	921.616	25	3
6	1185	413.96	934.96	22	3
6	1186	426.169	928.714	22	3
6	1187	391.246	891.236	28	4
6	1188	405.726	890.668	28	4
6	1189	404.875	875.904	28	4
6	1190	409.133	885.274	23	4
6	1191	410.269	892.656	25	4
6	1192	402.603	878.46	27	4
6	1193	405.158	890.952	27	4
6	1194	398.628	899.186	24	4
6	1195	395.789	894.075	24	4
6	1196	402.887	872.781	24	4
6	1197	391.246	878.744	24	4
6	1198	390.111	886.41	24	4
6	1199	337.585	781.358	30	1
6	1200	366.261	777.951	30	1
6	1201	362.286	791.579	30	1
6	1202	341.276	776.531	33	4
6	1203	343.547	783.629	33	4
6	1204	362.57	790.159	33	4
6	1205	350.645	782.21	36	4
6	1206	353.201	793.85	36	4
6	1207	361.434	785.901	39	4
6	1208	352.633	799.813	39	4
6	1209	351.213	807.763	39	4
6	1210	359.163	809.182	39	4
6	1211	358.311	819.12	39	4
6	1212	370.236	806.627	39	4
6	1213	377.334	802.936	39	4
6	1214	371.372	815.429	39	4
6	1215	379.321	819.404	39	4
6	1216	348.658	796.69	42	4
6	1217	358.879	792.147	42	4
6	1218	362.002	783.913	42	4
6	1219	370.804	789.024	42	4
6	1220	369.952	798.109	42	4
6	1221	376.198	804.923	42	4
6	1222	384.432	809.466	42	4
6	1223	391.814	810.886	42	4
6	1224	396.925	817.416	42	4
6	1225	400.332	828.205	42	4
6	1226	350.645	814.577	42	4
6	1227	364.557	814.577	42	4
6	1228	371.372	815.429	42	4
6	1229	388.407	825.082	42	4
6	1230	392.95	833.032	42	4
6	1231	383.864	846.092	42	4
6	1232	354.62	816.564	44	4
6	1233	351.781	803.788	44	4
6	1234	362.286	802.368	44	4
6	1235	369.384	798.961	44	4
6	1236	363.99	789.592	44	4
6	1237	356.608	792.715	44	4
6	1238	375.347	792.999	44	4
6	1239	374.211	786.184	44	4
6	1240	377.334	778.519	44	4
6	1241	363.99	802.652	46	4
6	1242	363.138	792.147	46	4
6	1243	374.211	821.959	42	4
6	1244	371.088	809.466	47	4
6	1245	372.507	813.157	45	4
6	1246	377.618	824.23	45	4
6	1247	384.716	830.193	44	4
6	1248	385.284	807.195	45	4
6	1249	397.776	809.182	46	4
6	1250	402.603	819.12	48	4
6	1251	403.739	810.034	48	4
6	1252	411.689	812.305	48	4
6	1253	415.096	820.255	48	4
6	1254	427.021	819.971	50	3
6	1255	417.651	785.333	53	3
6	1256	423.613	809.466	53	3
6	1257	422.478	831.044	61	1
6	1258	410.269	836.723	59	1
6	1259	413.108	821.107	59	1
6	1260	404.023	820.539	57	1
6	1261	391.814	840.13	52	1
6	1262	402.887	831.612	52	1
6	1263	425.033	833.6	57	1
6	1264	434.686	796.974	57	1
6	1265	399.48	779.37	56	1
6	1266	383.296	790.443	53	1
6	1267	387.271	791.863	50	1
6	1268	389.543	783.061	50	1
6	1269	400.048	782.493	52	1
6	1270	391.53	778.235	52	1
6	1271	359.731	764.89	56	1
6	1272	372.507	766.026	56	1
6	1273	363.422	769.717	47	1
6	1274	380.173	770.285	47	1
6	1275	371.088	778.235	46	3
6	1276	376.198	763.755	43	3
6	1277	366.261	762.619	43	3
6	1278	366.829	753.249	43	3
6	1279	369.1	746.719	43	3
6	1280	365.693	764.322	45	3
6	1281	373.927	764.038	45	3
6	1282	377.618	776.531	45	3
6	1283	371.939	778.802	45	3
6	1284	374.779	785.049	45	3
7	1285	319.13	795.838	20	1
7	1286	317.994	806.911	20	1
7	1287	335.313	802.652	27	1
7	1288	310.612	802.368	28	1
7	1289	305.217	817.416	28	1
7	1290	310.896	817.132	31	1
7	1291	320.833	806.343	31	1
7	1292	314.303	806.627	31	1
7	1293	308.341	807.763	31	1
7	1294	301.81	807.479	31	1
7	1295	342.128	886.693	40	1
7	1296	340.424	896.631	40	1
7	1297	327.08	901.741	40	1
7	1298	327.08	893.508	43	1
7	1299	336.449	888.681	46	3
7	1300	321.969	888.681	46	3
7	1301	316.007	885.842	49	3
7	1302	325.376	886.41	49	3
7	1303	326.796	892.94	49	3
7	1304	325.092	897.766	49	3
7	1305	314.587	876.756	55	1
7	1306	322.537	884.706	52	1
7	1307	329.067	878.46	52	1
7	1308	324.524	871.929	52	1
7	1309	302.378	890.952	49	1
7	1310	316.858	893.792	49	1
7	1311	334.746	852.907	56	1
7	1312	339.288	863.128	56	1
7	1313	349.51	850.067	56	1
7	1314	347.238	862.276	56	1
7	1315	350.077	864.831	59	1
7	1316	349.793	854.61	59	1
7	1317	341.844	868.522	61	1
7	1318	336.449	865.967	61	1
7	1319	330.487	867.671	61	1
7	1320	326.796	861.424	61	1
7	1321	328.499	855.746	61	1
7	1322	332.758	861.14	63	1
7	1323	343.547	863.696	63	1
7	1324	308.908	841.55	63	3
7	1325	316.858	838.426	63	3
7	1326	328.499	838.143	63	3
7	1327	334.746	839.846	63	3
7	1328	339.572	846.944	63	3
7	1329	316.29	835.871	60	3
7	1330	306.069	834.735	58	3
7	1331	329.067	837.291	61	3
7	1332	326.796	837.575	53	1
7	1333	319.698	833.884	53	1
7	1334	327.647	827.353	53	1
7	1335	339.004	845.241	60	1
7	1336	465.634	975.183	19	1
7	1337	464.498	970.262	19	1
7	1338	463.079	972.722	22	1
7	1339	459.956	968.18	22	1
7	1340	447.179	965.056	22	1
7	1341	442.636	968.18	22	1
7	1342	442.636	960.798	22	1
7	1343	433.267	966.76	22	1
7	1344	452.006	955.971	22	1
7	1345	447.463	951.428	22	1
7	1346	463.931	949.157	22	1
7	1347	477.559	934.677	24	1
7	1348	475.288	944.614	24	1
7	1349	469.325	934.96	26	1
7	1350	462.511	928.714	24	1
7	1351	471.88	926.443	24	1
7	1352	470.461	943.478	21	1
7	1353	474.72	937.516	21	1
7	1354	462.227	937.8	21	1
7	1355	461.943	927.862	21	1
7	1356	457.4	951.712	22	3
7	1357	457.116	946.885	22	3
7	1358	463.647	958.81	22	3
7	1359	463.931	941.207	30	1
7	1360	429.008	954.267	26	1
7	1361	439.229	948.021	26	1
7	1362	437.242	965.056	26	1
7	1363	445.759	965.34	26	1
7	1364	452.29	962.217	26	1
7	1365	452.006	944.046	26	1
7	1366	442.068	961.649	29	1
7	1367	430.995	952.564	29	1
7	1368	462.795	941.775	29	1
7	1369	455.697	961.365	29	1
7	1370	475.855	968.18	19	1
7	1371	471.88	946.601	34	3
7	1372	472.732	939.787	34	3
7	1373	466.486	934.677	34	3
7	1374	470.745	929.566	34	3
7	1375	466.77	938.935	37	3
7	1376	471.597	928.146	37	3
7	1377	460.807	915.938	37	3
7	1378	451.438	913.95	37	3
7	1379	481.25	916.505	39	3
7	1380	475.571	923.036	39	3
7	1381	465.35	927.862	39	3
7	1382	467.622	937.516	39	3
7	1383	474.72	913.95	34	3
7	1384	471.029	905.716	34	3
7	1385	483.521	907.704	34	3
7	1386	465.918	936.38	44	3
7	1387	472.732	930.986	44	3
7	1388	465.35	929.566	44	3
7	1389	467.622	937.516	41	3
7	1390	467.054	930.986	41	3
7	1391	468.189	925.591	39	3
7	1392	461.375	919.913	38	3
7	1393	467.622	922.468	28	1
7	1394	465.35	938.935	26	1
7	1395	470.461	927.011	26	1
7	1396	486.644	927.578	44	1
7	1397	491.471	919.629	44	1
7	1398	483.521	913.95	44	1
7	1399	499.705	920.764	44	1
7	1400	483.805	931.553	41	1
7	1401	488.632	935.244	41	1
7	1402	496.866	937.516	41	1
7	1403	503.68	933.541	41	1
7	1404	506.803	927.862	41	1
7	1405	500.557	917.073	41	1
7	1406	501.692	921.616	41	1
7	1407	481.818	918.493	41	1
7	1408	487.78	929.282	37	1
7	1409	501.692	926.727	37	1
7	1410	494.026	915.938	37	1
7	1411	484.089	911.395	37	1
7	1412	499.137	910.827	37	1
7	1413	506.519	922.184	37	1
7	1414	498.853	934.109	37	1
7	1415	439.797	928.43	31	1
7	1416	439.797	921.332	31	1
7	1417	430.428	933.257	34	1
7	1418	440.933	935.812	34	1
7	1419	440.365	905.148	34	1
7	1420	457.116	913.95	34	1
7	1421	441.217	934.393	38	1
7	1422	430.144	932.405	38	1
7	1423	458.536	913.666	45	1
7	1424	452.858	909.407	45	1
7	1425	463.363	901.741	45	1
7	1426	451.722	900.606	45	1
7	1427	442.636	902.025	42	1
7	1428	458.82	901.741	42	1
7	1429	450.87	914.518	42	1
7	1430	449.167	896.631	38	1
7	1431	459.104	899.186	38	1
7	1432	492.607	916.789	29	1
7	1433	484.941	919.629	29	1
7	1434	484.373	968.747	38	1
7	1435	496.298	962.501	38	1
7	1436	500.841	961.365	38	1
7	1437	510.778	971.587	38	1
7	1438	508.79	977.833	38	1
7	1439	479.546	970.451	33	3
7	1440	477.843	964.205	35	3
7	1441	480.114	973.006	35	3
7	1442	475.004	962.785	38	3
7	1443	477.275	952.848	38	3
7	1444	450.018	959.662	38	3
7	1445	452.006	954.835	38	3
7	1446	460.24	956.255	38	3
7	1447	449.734	963.921	39	3
7	1448	430.995	977.265	41	3
7	1449	447.179	970.451	41	3
7	1450	432.131	990.042	41	3
7	1451	444.056	994.868	45	3
7	1452	436.958	1001.683	45	3
7	1453	440.081	1008.497	45	3
7	1454	455.129	1004.238	45	3
7	1455	432.131	999.411	20	1
7	1456	433.267	989.19	20	1
7	1457	442.92	996.572	20	1
7	1458	442.92	1005.941	23	1
7	1459	432.699	1007.645	23	1
7	1460	427.872	1000.263	23	1
7	1461	425.601	992.313	23	1
7	1462	429.86	984.363	23	1
7	1463	433.835	980.956	23	1
7	1464	465.634	998.559	23	1
7	1465	448.315	1003.102	27	1
7	1466	455.697	981.524	29	1
7	1467	444.34	969.031	33	1
7	1468	448.599	967.612	29	1
7	1469	455.129	970.451	29	1
7	1470	464.214	992.597	23	1
7	1471	446.043	982.66	27	3
7	1472	439.513	988.622	30	3
7	1473	435.822	1011.052	37	3
7	1474	433.551	1002.818	37	3
7	1475	431.563	994.3	37	3
7	1476	442.068	988.906	34	3
7	1477	435.822	980.672	34	3
7	1478	420.49	978.969	34	3
7	1479	413.108	974.426	34	3
7	1480	417.935	988.906	31	3
7	1481	411.973	994.017	31	3
7	1482	406.578	1000.547	31	3
7	1483	405.158	1004.522	31	3
7	1484	412.824	1004.522	31	3
7	1485	416.799	976.697	31	3
7	1486	407.43	950.008	31	1
7	1487	417.083	943.762	31	1
7	1488	408.566	983.795	32	1
7	1489	437.242	978.969	37	1
7	1490	416.799	950.292	33	1
7	1491	364.179	969.315	41	3
7	1492	363.422	960.23	41	3
7	1493	383.486	965.53	41	3
7	1494	376.293	958.337	41	3
7	1495	367.397	960.23	43	3
7	1496	376.482	958.81	43	3
7	1497	366.545	969.599	43	3
7	1498	363.99	974.994	43	3
7	1499	382.729	976.981	43	3
7	1500	379.889	969.883	43	3
7	1501	373.643	966.76	43	3
7	1502	376.766	970.735	46	3
7	1503	369.1	974.142	46	3
7	1504	371.372	980.672	46	4
7	1505	382.729	975.845	46	4
7	1506	367.113	987.486	46	4
7	1507	397.493	984.363	46	4
7	1508	394.085	978.685	46	4
7	1509	391.814	973.006	46	4
7	1510	402.319	968.18	46	4
7	1511	414.812	961.081	46	4
7	1512	408.566	948.021	48	4
7	1513	408.282	928.43	51	4
7	1514	396.925	938.084	54	4
7	1515	404.307	927.578	54	4
7	1516	407.714	923.32	56	4
7	1517	366.545	988.338	48	4
7	1518	368.816	978.969	48	4
7	1519	376.482	975.562	48	4
7	1520	379.321	969.883	48	4
7	1521	390.678	972.438	48	4
7	1522	396.357	970.735	48	4
7	1523	399.196	980.956	48	4
7	1524	373.359	976.413	51	4
7	1525	377.05	973.29	51	4
7	1526	382.729	988.338	51	4
7	1527	394.085	996.004	51	4
7	1528	398.344	990.042	51	4
7	1529	398.344	983.795	51	4
7	1530	398.628	968.18	51	4
7	1531	406.01	966.76	51	4
7	1532	404.875	958.81	51	4
7	1533	398.912	988.906	53	4
7	1534	392.382	997.992	53	4
7	1535	385.852	994.584	53	4
7	1536	382.445	986.635	53	4
7	1537	388.123	988.338	56	4
7	1538	388.691	994.584	56	4
7	1539	400.9	992.029	56	4
7	1540	395.789	984.647	56	4
7	1541	402.319	988.622	56	4
7	1542	385.852	966.476	50	4
7	1543	397.493	961.649	50	4
7	1544	437.81	1007.929	34	4
7	1545	406.578	1023.829	34	1
7	1546	396.073	993.733	29	1
7	1547	416.515	990.042	35	1
7	1548	399.196	975.845	34	1
7	1549	504.248	945.75	27	1
7	1550	503.68	931.837	27	1
7	1551	500.557	961.649	31	1
7	1552	482.953	956.823	31	1
7	1553	501.976	931.837	31	1
7	1554	490.619	942.059	31	1
7	1555	513.049	956.539	34	1
7	1556	516.456	946.033	34	1
7	1557	496.866	958.526	34	3
7	1558	494.594	948.589	34	3
7	1559	486.644	949.724	34	3
7	1560	482.386	974.426	37	3
7	1561	488.348	978.401	43	1
7	1562	509.358	978.401	39	1
7	1563	483.521	967.896	39	1
7	1564	495.73	959.378	36	1
7	1565	458.82	946.317	50	1
7	1566	465.918	950.008	50	1
7	1567	474.152	949.441	50	1
7	1568	475.571	945.466	50	1
7	1569	482.67	936.38	50	1
7	1570	476.423	936.38	50	1
7	1571	467.338	929.566	50	1
7	1572	471.313	925.307	50	1
7	1573	463.931	936.948	46	1
7	1574	463.931	929.566	46	1
7	1575	468.473	924.171	46	1
7	1576	483.237	934.96	46	1
7	1577	471.313	960.514	46	1
7	1578	466.77	962.785	46	1
7	1579	456.549	955.687	46	1
7	1580	458.536	947.737	46	1
7	1581	478.411	945.182	46	1
7	1582	480.398	950.576	46	1
7	1583	445.192	995.72	43	1
7	1584	448.883	990.609	43	1
7	1585	477.843	977.549	52	1
7	1586	479.262	966.192	50	1
7	1587	463.647	976.981	50	1
7	1588	488.632	1000.263	44	1
7	1589	491.755	996.856	44	1
7	1590	475.004	998.275	44	1
7	1591	478.411	993.449	44	1
7	1592	488.916	995.436	46	1
7	1593	487.496	1003.102	46	1
7	1594	473.584	1017.866	51	1
7	1595	472.164	1000.263	52	3
7	1596	471.313	994.017	52	3
7	1597	478.979	999.411	52	3
7	1598	480.114	992.597	52	3
7	1599	469.041	996.856	48	3
7	1600	476.423	994.017	48	3
7	1601	459.388	989.474	46	3
7	1602	465.918	988.054	46	3
7	1603	434.403	1021.273	52	3
7	1604	440.649	1010.768	52	3
7	1605	440.649	1004.238	49	3
7	1606	443.772	994.017	49	3
7	1607	452.858	1003.102	49	3
7	1608	433.551	1017.014	50	3
7	1609	438.945	1017.866	47	1
7	1610	447.463	1020.421	47	1
7	1611	463.931	1005.657	29	1
7	1612	467.338	997.992	29	1
7	1613	459.672	1009.065	39	1
7	1614	456.265	997.992	36	1
7	1615	415.664	1024.68	41	1
7	1616	443.488	968.747	54	1
7	1617	452.858	982.092	54	1
7	1618	449.734	986.635	57	1
7	1619	455.413	926.727	31	1
7	1620	453.425	922.184	31	1
7	1621	458.82	777.951	35	1
7	1622	468.663	768.108	35	1
7	1623	459.199	784.008	39	1
7	1624	452.006	784.386	39	1
7	1625	451.627	771.515	39	1
7	1626	455.791	759.022	39	1
7	1627	462.227	760.158	43	1
7	1628	454.656	790.443	44	1
7	1629	468.284	788.929	44	1
7	1630	450.87	784.008	48	1
7	1631	447.084	757.887	50	1
7	1632	445.949	750.694	50	1
7	1633	483.805	787.415	52	1
7	1634	490.619	778.329	52	1
7	1635	450.87	774.165	52	3
7	1636	459.577	767.729	52	3
7	1637	470.555	771.515	52	3
7	1638	456.927	775.679	49	3
7	1639	466.013	776.436	49	3
7	1640	464.498	786.658	55	1
7	1641	478.505	774.544	55	1
7	1642	486.077	783.251	55	1
7	1643	456.549	727.602	42	1
7	1644	449.356	731.766	42	1
7	1645	459.577	734.416	45	1
7	1646	452.384	741.987	45	1
7	1647	445.949	739.716	45	1
7	1648	447.463	721.545	47	1
7	1649	434.592	729.116	47	1
7	1650	460.713	736.687	47	3
7	1651	451.627	744.258	47	3
7	1652	446.327	759.401	48	3
7	1653	416.421	781.358	55	3
7	1654	549.486	787.036	52	4
7	1655	565.764	782.872	52	4
7	1656	553.272	792.715	55	4
7	1657	568.414	787.036	55	4
7	1658	554.786	798.015	55	4
7	1659	558.572	784.765	58	4
7	1660	570.686	776.058	62	4
7	1661	565.764	784.386	62	4
7	1662	561.6	788.172	59	4
7	1663	570.686	775.679	59	4
7	1664	555.543	805.207	55	3
7	1665	562.736	815.429	55	3
7	1666	580.528	804.072	55	3
7	1667	578.636	811.643	62	3
7	1668	571.064	808.614	59	3
7	1669	566.522	801.422	59	3
7	1670	576.364	802.179	56	3
7	1671	555.165	804.829	57	3
7	1672	551.758	811.643	57	3
8	1673	832.652	458.631	33	4
8	1674	821.295	459.767	33	4
8	1675	814.481	456.36	33	4
8	1676	828.867	442.353	33	4
8	1677	808.803	453.331	33	4
8	1678	833.409	458.253	36	4
8	1679	832.652	443.489	38	4
8	1680	824.324	443.867	38	4
8	1681	827.731	452.574	38	4
8	1682	812.967	444.246	38	4
8	1683	808.046	456.738	38	4
8	1684	807.288	446.139	38	4
8	1685	800.096	456.738	38	4
8	1686	793.282	459.767	38	4
8	1687	784.575	460.903	38	4
8	1688	781.167	466.203	38	4
8	1689	785.71	449.924	38	4
8	1690	796.689	446.517	38	4
8	1691	773.596	451.817	38	4
8	1692	826.974	444.624	40	4
8	1693	831.517	452.574	40	4
8	1694	786.846	457.117	34	4
8	1695	824.702	460.146	35	4
8	1696	815.995	456.738	35	4
8	1697	762.618	454.467	40	4
8	1698	772.082	452.196	40	4
8	1699	768.296	444.624	40	4
8	1700	757.318	444.624	40	4
8	1701	756.939	459.388	43	4
8	1702	763.375	455.981	43	4
8	1703	727.033	446.517	43	4
8	1704	734.226	434.782	43	4
8	1705	725.518	437.432	43	4
8	1706	710.944	426.832	43	4
8	1707	704.508	427.968	43	4
8	1708	695.801	446.139	43	4
8	1709	690.88	455.224	43	4
8	1710	684.066	458.253	43	4
8	1711	675.737	460.146	43	4
8	1712	660.973	455.981	43	4
8	1713	671.952	440.46	43	4
8	1714	676.116	445.76	43	4
8	1715	684.066	450.681	43	4
8	1716	690.123	441.596	43	4
8	1717	688.23	432.132	43	4
8	1718	681.037	434.025	43	4
8	1719	662.109	451.06	46	4
8	1720	660.595	460.146	46	4
8	1721	688.23	463.174	46	4
8	1722	692.773	446.896	46	4
8	1723	651.509	443.867	49	4
8	1724	660.973	450.681	49	4
8	1725	662.866	463.931	49	4
8	1726	679.523	451.06	40	4
8	1727	704.887	427.21	40	4
8	1728	716.622	422.289	40	4
8	1729	711.701	419.261	48	4
8	1730	713.972	426.075	48	4
8	1731	720.786	443.489	48	4
8	1732	731.765	442.353	48	4
8	1733	711.701	439.703	48	4
8	1734	703.372	437.432	48	4
8	1735	703.372	430.239	48	4
8	1736	722.301	444.624	45	4
8	1737	731.765	445.76	45	4
8	1738	734.415	435.539	45	4
8	1739	727.222	429.482	45	4
8	1740	719.272	423.803	45	4
8	1741	692.773	449.546	48	4
8	1742	681.416	457.496	48	4
8	1743	643.559	447.274	39	4
8	1744	639.395	437.432	39	4
8	1745	634.474	430.996	38	4
8	1746	634.095	424.939	35	4
8	1747	631.824	415.096	35	4
8	1748	640.531	405.632	35	4
8	1749	642.802	412.825	35	4
8	1750	637.881	422.289	33	4
8	1751	634.095	434.403	33	4
8	1752	630.31	443.489	33	4
8	1753	628.417	450.303	33	4
8	1754	634.474	409.039	33	4
8	1755	639.017	402.604	33	4
8	1756	634.474	421.532	29	4
8	1757	637.881	440.839	36	4
8	1758	636.745	434.403	36	4
8	1759	652.266	458.631	45	4
8	1760	656.809	454.846	47	4
9	1761	756.75	769.054	55	4
9	1762	756.372	763.755	55	4
9	1763	746.15	739.526	55	4
9	1764	751.072	731.955	55	4
9	1765	757.507	725.898	55	4
9	1766	761.671	720.598	55	4
9	1767	768.864	720.22	55	4
9	1768	770	738.391	55	4
9	1769	773.785	734.226	55	4
9	1770	779.085	732.334	55	4
9	1771	757.129	764.89	58	4
9	1772	755.993	756.562	58	4
9	1773	760.157	746.341	58	4
9	1774	771.136	744.069	58	4
9	1775	776.057	741.041	58	4
9	1776	778.707	731.577	58	4
9	1777	792.335	724.762	58	4
9	1778	764.7	716.434	58	4
9	1779	759.021	724.762	58	4
9	1780	756.75	729.305	58	4
9	1781	746.907	735.362	58	4
9	1782	770	730.062	52	4
9	1783	778.328	734.984	52	4
9	1784	790.442	728.548	52	4
9	1785	783.25	718.705	52	4
9	1786	771.893	719.841	52	4
9	1787	781.357	715.677	49	3
9	1788	792.335	717.57	49	3
9	1789	793.092	728.927	49	3
9	1790	786.278	729.305	61	3
9	1791	759.021	729.305	61	4
9	1792	765.079	722.87	61	4
9	1793	768.486	717.948	61	4
9	1794	763.186	738.012	61	4
9	1795	771.514	731.198	61	4
9	1796	760.914	745.205	61	4
9	1797	754.857	753.533	61	4
9	1798	749.936	770.947	58	4
9	1799	773.028	736.498	64	4
9	1800	780.6	727.412	62	4
9	1801	789.307	733.469	62	4
9	1802	784.385	765.269	52	1
9	1803	787.035	755.426	52	1
9	1804	802.178	762.619	52	1
9	1805	805.963	742.555	54	1
10	1806	904.579	784.765	41	4
10	1807	926.536	773.408	41	4
10	1808	906.094	773.408	38	4
10	1809	901.93	786.279	38	4
10	1810	924.643	784.386	38	4
10	1811	921.236	774.165	38	4
10	1812	922.372	780.601	38	4
10	1813	918.208	776.815	35	4
10	1814	924.265	787.793	35	4
10	1815	917.451	802.936	35	4
10	1816	920.101	801.422	32	4
10	1817	909.122	804.072	32	4
10	1818	903.822	793.472	32	4
10	1819	911.772	782.115	32	4
10	1820	921.993	779.086	32	4
10	1821	927.293	787.415	32	4
10	1822	927.672	793.472	32	4
10	1823	902.308	789.308	29	4
10	1824	914.044	805.207	29	4
10	1825	934.865	787.793	29	4
10	1826	931.079	783.251	29	4
10	1827	935.622	797.258	29	4
10	1828	904.579	788.55	26	4
10	1829	905.715	780.979	26	4
10	1830	897.387	802.179	26	4
10	1831	906.851	800.665	26	4
10	1832	912.151	801.043	26	4
10	1833	919.343	803.315	26	4
10	1834	928.05	800.286	26	4
10	1835	934.107	798.015	26	4
10	1836	941.3	800.286	26	4
10	1837	943.572	809.75	26	4
10	1838	939.407	777.572	26	4
10	1839	947.357	784.008	26	4
10	1840	937.515	818.457	26	4
10	1841	949.25	822.621	26	4
10	1842	953.036	816.943	26	4
10	1843	959.093	802.936	26	4
10	1844	966.285	804.829	26	4
10	1845	974.235	808.614	26	4
10	1846	886.787	790.065	24	4
10	1847	901.551	785.143	24	4
10	1848	907.987	794.608	24	4
10	1849	888.301	791.579	22	4
10	1850	939.407	775.301	22	4
10	1851	938.65	765.837	22	4
10	1852	940.543	756.751	22	4
10	1853	949.25	762.43	22	4
10	1854	943.95	774.165	19	4
10	1855	936.379	768.108	19	4
10	1856	933.35	761.672	19	4
10	1857	952.279	763.565	19	4
10	1858	946.222	753.723	19	4
10	1859	942.057	745.016	19	4
10	1860	928.808	752.208	19	4
10	1861	939.029	752.587	19	4
10	1862	936	739.716	19	4
10	1863	925.779	737.444	19	4
10	1864	929.186	758.265	17	4
10	1865	938.272	764.322	17	4
10	1866	938.65	771.137	17	4
10	1867	950.386	765.458	17	4
10	1868	947.736	751.83	17	4
10	1869	944.329	749.937	15	4
10	1870	941.3	745.016	15	4
10	1871	928.429	741.608	13	4
10	1872	942.436	746.908	13	4
10	1873	949.25	784.765	21	4
10	1874	959.471	778.708	21	4
10	1875	923.886	737.823	20	4
10	1876	918.965	747.665	20	4
10	1877	933.35	745.016	20	4
10	1878	927.293	735.551	16	4
10	1879	933.729	732.523	16	4
10	1880	911.772	738.58	16	4
10	1881	914.422	747.287	16	4
10	1882	923.129	748.801	16	4
10	1883	921.615	747.665	13	4
10	1884	911.015	746.908	13	4
10	1885	908.365	740.473	13	4
10	1886	897.008	743.88	13	4
10	1887	891.708	748.044	13	4
10	1888	905.337	748.423	13	4
10	1889	901.172	757.508	13	4
10	1890	892.087	760.158	13	4
10	1891	906.094	739.337	10	4
10	1892	905.337	748.044	10	4
10	1893	901.93	752.587	10	4
10	1894	903.065	751.073	8	4
10	1895	891.708	757.13	10	4
10	1896	897.765	756.373	10	3
10	1897	897.387	749.18	27	3
10	1898	890.951	736.309	27	3
10	1899	892.844	730.63	27	3
10	1900	900.794	731.766	27	3
10	1901	908.365	738.959	27	3
10	1902	890.951	745.394	24	3
10	1903	895.872	749.937	24	3
10	1904	900.037	730.252	24	3
10	1905	907.229	729.116	24	3
10	1906	913.286	737.066	24	3
10	1907	921.615	730.63	24	3
10	1908	900.415	745.016	24	3
10	1909	901.172	735.173	22	3
10	1910	901.172	727.602	22	3
10	1911	915.936	740.473	22	3
10	1912	914.422	736.309	22	1
10	1913	897.765	756.373	23	1
10	1914	890.951	751.451	23	1
10	1915	899.658	749.937	19	3
10	1916	903.065	742.366	19	3
10	1917	915.179	741.608	19	3
10	1918	907.229	690.881	11	3
10	1919	919.343	691.638	13	3
10	1920	911.772	698.074	13	3
10	1921	918.208	702.995	13	3
10	1922	914.044	696.559	15	3
10	1923	918.586	701.481	15	3
10	1924	906.472	701.102	15	3
10	1925	911.772	706.023	15	3
10	1926	909.501	711.323	15	3
10	1927	915.558	715.866	15	3
10	1928	920.101	720.03	14	3
10	1929	926.158	728.359	14	3
10	1930	939.786	732.144	14	3
10	1931	946.979	724.573	14	3
10	1932	957.578	726.466	14	3
10	1933	964.771	719.652	14	3
10	1934	945.086	723.816	11	3
10	1935	952.657	715.866	11	3
10	1936	951.143	708.295	11	3
10	1937	960.607	708.673	11	3
10	1938	960.986	734.416	11	3
10	1939	949.629	727.223	8	3
10	1940	958.714	713.216	8	3
10	1941	949.629	707.538	8	3
10	1942	971.207	708.295	3	1
10	1943	965.528	699.966	3	1
10	1944	954.171	703.373	3	1
10	1945	963.257	696.559	5	1
10	1946	968.557	805.207	31	3
10	1947	957.2	802.179	31	3
10	1948	959.093	804.45	29	3
10	1949	971.964	806.722	29	3
10	1950	955.686	811.643	29	3
10	1951	964.771	818.836	29	3
10	1952	946.979	837.385	21	3
10	1953	935.243	832.085	21	3
10	1954	949.25	832.085	23	3
10	1955	954.171	835.871	23	3
10	1956	932.215	830.193	23	3
10	1957	939.407	825.65	23	3
10	1958	942.057	818.836	23	3
10	1959	954.171	818.079	23	3
10	1960	923.508	746.151	38	4
10	1961	921.993	738.959	38	4
10	1962	915.558	730.252	35	4
10	1963	923.886	734.037	33	4
10	1964	943.95	711.323	33	4
10	1965	949.25	703.752	33	4
10	1966	953.793	698.831	33	4
10	1967	968.557	711.323	30	4
10	1968	986.728	703.373	30	4
10	1969	982.185	697.695	30	4
10	1970	974.614	690.124	30	4
10	1971	991.649	691.259	30	4
10	1972	987.485	682.174	30	4
10	1973	995.435	676.117	30	4
10	1974	998.842	691.259	30	4
10	1975	1001.87	687.095	30	4
10	1976	1011.713	682.174	30	4
10	1977	1026.477	680.66	30	4
10	1978	963.635	707.916	27	4
10	1979	968.557	702.616	27	4
10	1980	970.828	696.181	27	4
10	1981	980.292	698.074	27	4
10	1982	985.971	701.859	27	4
10	1983	987.106	695.424	27	4
10	1984	975.75	698.452	25	4
10	1985	987.864	694.288	25	4
10	1986	979.535	691.259	23	4
10	1987	987.485	693.152	23	4
10	1988	988.242	688.231	21	4
10	1989	1007.36	672.142	33	4
10	1990	995.246	677.82	33	4
10	1991	998.653	685.77	33	4
10	1992	1031.966	681.606	33	4
10	1993	1006.981	680.092	35	4
10	1994	997.896	678.199	37	4
10	1995	1016.445	683.12	37	4
10	1996	1006.224	674.413	37	4
10	1997	1017.202	672.52	31	4
10	1998	1002.06	687.663	27	4
10	1999	1010.767	682.742	27	4
10	2000	1022.881	670.249	27	4
10	2001	1011.145	672.52	27	4
10	2002	1014.174	672.142	25	4
10	2003	1028.559	671.385	25	4
10	2004	1008.874	661.921	25	4
10	2005	1006.603	653.214	25	4
10	2006	1011.145	642.614	25	4
10	2007	1022.502	673.656	23	4
10	2008	1042.188	671.763	23	4
10	2009	1042.188	671.763	23	4
10	2010	995.246	628.985	28	3
10	2011	949.818	756.183	5	1
10	2012	930.133	763.376	5	1
10	2013	918.397	756.562	5	1
10	2014	919.154	762.24	8	1
10	2015	918.776	755.048	8	1
10	2016	925.968	745.583	8	1
10	2017	945.275	749.748	8	1
10	2018	919.911	789.497	4	1
10	2019	921.426	783.061	4	1
10	2020	929.754	774.733	4	1
10	2021	938.84	789.497	4	1
10	2022	932.404	794.418	4	1
10	2023	938.461	790.254	7	1
10	2024	930.511	792.147	7	1
10	2025	924.076	791.39	7	1
10	2026	922.183	789.118	10	1
10	2027	916.504	787.983	10	1
10	2028	923.318	786.847	12	1
10	2029	919.911	776.247	12	1
10	2030	911.204	817.889	18	1
10	2031	923.697	818.646	18	1
10	2032	923.318	809.939	18	1
10	2033	921.804	795.554	18	1
10	2034	918.018	820.539	15	1
10	2035	920.29	805.775	15	1
10	2036	921.804	793.283	15	1
10	2037	930.133	796.311	15	1
10	2038	933.918	808.804	13	3
10	2039	945.654	800.097	13	3
10	2040	976.317	778.897	21	4
10	2041	986.16	773.219	21	4
10	2042	979.724	769.054	21	4
10	2043	989.567	770.19	21	4
10	2044	984.646	773.219	18	4
10	2045	991.838	769.054	18	4
10	2046	981.239	781.547	18	4
10	2047	990.324	782.304	18	4
10	2048	994.867	782.683	18	4
10	2049	996.76	782.304	16	4
10	2050	994.867	772.84	16	4
10	2051	998.653	778.14	13	3
10	2052	1006.981	779.654	13	3
10	2053	1016.067	788.361	11	3
10	2054	1010.388	797.825	10	3
10	2055	1011.524	786.847	10	3
10	2056	1006.603	780.411	14	3
10	2057	995.246	795.175	15	3
10	2058	994.488	803.504	15	3
10	2059	1000.167	790.633	15	3
10	2060	938.461	795.933	23	4
10	2061	945.654	803.882	23	4
10	2062	950.575	798.583	23	1
10	2063	956.253	819.025	6	3
10	2064	936.19	829.625	12	3
10	2065	927.104	828.489	12	3
10	2066	942.625	808.047	12	3
10	2067	949.439	800.475	12	3
10	2068	933.54	807.668	12	3
10	2069	936.19	824.325	6	3
10	2070	938.84	816.375	6	3
10	2071	936.568	811.075	6	3
10	2072	921.804	815.618	9	3
10	2073	922.183	806.154	9	3
10	2074	940.732	692.016	27	4
10	2075	934.297	688.988	27	4
10	2076	893.033	724.952	40	4
10	2077	883.191	721.923	40	4
10	2078	871.455	737.444	40	4
10	2079	862.369	733.659	40	4
10	2080	867.291	720.03	40	4
10	2081	857.448	716.434	42	4
10	2082	854.798	711.134	42	4
10	2083	845.713	706.97	42	4
10	2084	838.899	699.398	42	4
10	2085	872.212	733.469	43	4
10	2086	878.648	741.041	43	4
10	2087	877.134	718.705	43	4
10	2088	886.976	718.327	43	4
10	2089	892.276	722.112	46	4
10	2090	880.919	726.277	46	4
10	2091	903.633	725.141	46	4
10	2092	912.34	724.384	46	4
10	2093	913.476	716.434	46	4
10	2094	909.69	734.226	49	4
10	2095	906.283	723.627	49	4
10	2096	913.097	721.734	49	4
10	2097	902.497	699.02	50	3
10	2098	904.012	708.484	47	3
10	2099	911.961	701.67	47	3
10	2100	935.811	696.749	42	3
10	2101	931.647	701.291	42	3
10	2102	936.568	702.427	44	3
10	2103	927.861	706.213	44	3
10	2104	931.268	712.648	44	3
10	2105	925.968	713.405	44	3
10	2106	928.997	714.163	47	3
10	2107	870.698	671.763	33	3
10	2108	872.969	671.006	37	3
10	2109	880.919	687.284	37	3
10	2110	880.162	694.477	37	3
10	2111	869.941	703.563	33	3
10	2112	833.599	680.47	42	3
10	2113	829.056	669.113	42	3
10	2114	825.649	689.177	39	3
10	2115	831.327	685.392	39	3
10	2116	830.192	660.785	39	3
10	2117	842.306	670.249	39	3
10	2118	838.52	674.413	39	3
10	2119	842.684	687.284	39	3
10	2120	844.198	708.484	39	3
10	2121	827.163	700.913	39	3
10	2122	846.091	703.941	37	3
10	2123	844.956	712.648	37	3
10	2124	838.52	669.113	37	3
10	2125	829.434	654.728	37	3
10	2126	876.755	728.169	49	3
10	2127	876.755	740.283	52	3
10	2128	867.669	733.091	52	3
10	2129	858.962	737.255	52	3
10	2130	850.255	734.984	52	3
10	2131	873.726	727.412	54	3
10	2132	883.948	737.634	54	3
10	2133	875.619	742.933	54	3
10	2134	877.134	739.905	56	3
10	2135	878.648	728.169	56	3
10	2136	870.698	741.798	59	3
10	2137	874.862	738.769	59	3
10	2138	872.212	704.32	31	3
10	2139	968.557	707.159	33	4
10	2140	985.592	713.216	33	4
10	2141	981.807	725.33	33	4
10	2142	979.157	730.63	33	4
10	2143	994.678	726.087	33	4
10	2144	1000.735	731.387	33	4
10	2145	979.914	722.68	36	4
10	2146	988.242	726.087	36	4
10	2147	979.535	729.873	38	3
10	2148	973.1	734.037	38	3
10	2149	971.964	746.151	38	3
10	2150	966.285	752.965	38	3
10	2151	968.935	754.48	41	3
10	2152	972.721	741.987	41	3
10	2153	971.207	735.93	41	3
10	2154	988.621	739.716	41	3
10	2155	1004.899	728.737	41	2
10	2156	995.056	751.83	41	2
10	2157	982.564	729.116	41	2
10	2158	978.399	750.315	41	2
10	2159	977.642	760.915	41	2
10	2160	980.671	740.094	46	2
10	2161	983.699	733.659	46	2
10	2162	993.542	727.602	46	2
10	2163	975.75	754.48	46	2
10	2164	982.564	731.009	44	2
10	2165	963.635	749.558	36	2
10	2166	960.228	761.672	39	2
10	2167	1004.52	721.166	30	4
10	2168	1007.928	737.066	30	4
10	2169	998.085	736.309	30	4
10	2170	1006.792	721.923	28	4
10	2171	1008.685	734.037	28	4
