   1.0000000e+00   3.4600000e+02   7.9382000e+02   1.0800000e+03   2.3000000e+01   1.0000000e+00   1.2990000e+03
   1.0000000e+00   3.4700000e+02   7.8984300e+02   1.0646690e+03   2.3000000e+01   1.0000000e+00   1.2990000e+03
   1.0000000e+00   3.4800000e+02   7.9552100e+02   1.0606940e+03   2.3000000e+01   1.0000000e+00   1.2990000e+03
   1.0000000e+00   3.4900000e+02   8.1482700e+02   1.0658050e+03   2.3000000e+01   1.0000000e+00   1.2990000e+03
   1.0000000e+00   3.5000000e+02   7.9949600e+02   1.0622090e+03   3.1000000e+01   1.0000000e+00   1.2990000e+03
   1.0000000e+00   3.5100000e+02   8.7407000e+02   1.0663730e+03   2.1000000e+01   1.0000000e+00   1.2880000e+03
   1.0000000e+00   3.5200000e+02   8.4984300e+02   1.0644800e+03   2.6000000e+01   1.0000000e+00   1.2880000e+03
   1.0000000e+00   3.5300000e+02   8.4302900e+02   1.0622090e+03   3.0000000e+01   1.0000000e+00   1.2880000e+03
   1.0000000e+00   3.5400000e+02   8.4795000e+02   1.0682650e+03   3.0000000e+01   1.0000000e+00   1.2880000e+03
   1.0000000e+00   3.5500000e+02   8.8164100e+02   1.0550160e+03   3.1000000e+01   1.0000000e+00   1.2880000e+03
   1.0000000e+00   3.5600000e+02   8.6195600e+02   1.0508520e+03   3.3000000e+01   1.0000000e+00   1.2880000e+03
   1.0000000e+00   3.5700000e+02   8.6157800e+02   1.0591800e+03   3.3000000e+01   1.0000000e+00   1.2880000e+03
   1.0000000e+00   3.5800000e+02   8.0176700e+02   1.0277610e+03   4.5000000e+01   1.0000000e+00   1.2990000e+03
   1.0000000e+00   3.5900000e+02   8.4757100e+02   1.0652370e+03   4.8000000e+01   1.0000000e+00   1.2880000e+03
   1.0000000e+00   3.6000000e+02   8.5665600e+02   1.0606940e+03   5.3000000e+01   1.0000000e+00   1.2880000e+03
   1.0000000e+00   3.6100000e+02   8.5097800e+02   1.0406310e+03   5.2000000e+01   1.0000000e+00   1.2880000e+03
   1.0000000e+00   3.6200000e+02   8.2239800e+02   1.1358360e+03   6.6000000e+01   1.0000000e+00   1.2840000e+03
   1.0000000e+00   3.6300000e+02   8.2504800e+02   1.1263730e+03   6.6000000e+01   1.0000000e+00   1.2840000e+03
   1.0000000e+00   3.6400000e+02   8.3186100e+02   1.1286440e+03   6.6000000e+01   1.0000000e+00   1.2840000e+03
   1.0000000e+00   3.6500000e+02   8.1142000e+02   1.0552050e+03   6.7000000e+01   1.0000000e+00   1.2840000e+03
   1.0000000e+00   3.6600000e+02   8.1142000e+02   1.0461200e+03   7.1000000e+01   1.0000000e+00   1.2990000e+03
   1.0000000e+00   3.6700000e+02   8.0271300e+02   1.0552050e+03   7.1000000e+01   1.0000000e+00   1.2990000e+03
   1.0000000e+00   3.6800000e+02   8.0612000e+02   1.0597480e+03   7.5000000e+01   1.0000000e+00   1.2990000e+03
   1.0000000e+00   3.6900000e+02   8.0195600e+02   1.0480130e+03   7.6000000e+01   1.0000000e+00   1.2990000e+03
   1.0000000e+00   3.7000000e+02   8.0498400e+02   1.0427130e+03   7.6000000e+01   1.0000000e+00   1.2990000e+03
   1.0000000e+00   3.7100000e+02   8.2580500e+02   1.0639120e+03   7.8000000e+01   1.0000000e+00   1.2990000e+03
   1.0000000e+00   3.7200000e+02   8.2126200e+02   1.0699690e+03   8.1000000e+01   1.0000000e+00   1.2990000e+03
   1.0000000e+00   3.7300000e+02   8.0801300e+02   1.0650480e+03   8.1000000e+01   1.0000000e+00   1.2990000e+03
   1.0000000e+00   3.7400000e+02   8.1596200e+02   1.0714830e+03   8.1000000e+01   1.0000000e+00   1.2990000e+03
   1.0000000e+00   3.7500000e+02   8.0574200e+02   1.0434700e+03   8.1000000e+01   1.0000000e+00   1.2990000e+03
   1.0000000e+00   3.7600000e+02   8.0271300e+02   1.0593690e+03   8.4000000e+01   1.0000000e+00   1.2990000e+03
   1.0000000e+00   3.7700000e+02   8.0233500e+02   1.0529340e+03   8.7000000e+01   1.0000000e+00   1.2990000e+03
   1.0000000e+00   3.7800000e+02   8.0990600e+02   1.0635340e+03   8.9000000e+01   1.0000000e+00   1.2990000e+03
   1.0000000e+00   3.7900000e+02   8.2466900e+02   1.0449850e+03   8.9000000e+01   1.0000000e+00   1.2990000e+03
   1.0000000e+00   3.8000000e+02   8.1974800e+02   1.0567200e+03   8.9000000e+01   1.0000000e+00   1.2990000e+03
   1.0000000e+00   3.8100000e+02   8.2315500e+02   1.0472560e+03   9.3000000e+01   1.0000000e+00   1.2990000e+03
   1.0000000e+00   3.8200000e+02   8.4397500e+02   1.0279500e+03   8.3000000e+01   1.0000000e+00   1.2990000e+03
   1.0000000e+00   3.8300000e+02   8.4473200e+02   1.0177290e+03   7.9000000e+01   1.0000000e+00   1.2990000e+03
   1.0000000e+00   3.8400000e+02   9.6605700e+02   9.0984300e+02   9.7000000e+01   1.0000000e+00   1.2620000e+03
   1.0000000e+00   3.8500000e+02   9.6530000e+02   9.1552100e+02   9.3000000e+01   1.0000000e+00   1.2620000e+03
   1.0000000e+00   3.8600000e+02   9.9672000e+02   9.0454300e+02   8.1000000e+01   1.0000000e+00   1.2620000e+03
   1.0000000e+00   3.8700000e+02   1.0084550e+03   8.9015800e+02   7.2000000e+01   1.0000000e+00   1.2620000e+03
   1.0000000e+00   3.8800000e+02   9.4977900e+02   9.6056800e+02   6.3000000e+01   1.0000000e+00   1.2590000e+03
   1.0000000e+00   3.8900000e+02   9.3728700e+02   9.4921200e+02   5.8000000e+01   1.0000000e+00   1.2590000e+03
   1.0000000e+00   3.9000000e+02   8.0233500e+02   1.0315460e+03   5.1000000e+01   1.0000000e+00   1.2990000e+03
   1.0000000e+00   3.9100000e+02   7.9741400e+02   1.0338170e+03   5.1000000e+01   1.0000000e+00   1.2990000e+03
   1.0000000e+00   3.9200000e+02   8.6252400e+02   1.1521140e+03   2.0000000e+01   1.0000000e+00   6.4380000e+03
   1.0000000e+00   3.9300000e+02   8.7842300e+02   1.1502210e+03   1.8000000e+01   1.0000000e+00   6.4380000e+03
   1.0000000e+00   3.9400000e+02   8.9091500e+02   1.1206940e+03   2.2000000e+01   1.0000000e+00   6.4380000e+03
   1.0000000e+00   3.9500000e+02   8.8902200e+02   1.1218300e+03   3.0000000e+01   1.0000000e+00   6.4380000e+03
   1.0000000e+00   3.9600000e+02   8.3564700e+02   1.1169090e+03   3.4000000e+01   1.0000000e+00   6.4380000e+03
   1.0000000e+00   3.9700000e+02   8.3261900e+02   1.1097170e+03   2.7000000e+01   1.0000000e+00   6.4380000e+03
   1.0000000e+00   3.9800000e+02   8.1823400e+02   1.1415150e+03   2.6000000e+01   1.0000000e+00   6.4380000e+03
   1.0000000e+00   3.9900000e+02   8.2050500e+02   1.1176660e+03   1.9000000e+01   1.0000000e+00   6.4380000e+03
   1.0000000e+00   4.0100000e+02   7.7810800e+02   1.0688330e+03   6.4000000e+01   1.0000000e+00   1.2990000e+03
   1.0000000e+00   4.0200000e+02   7.7394300e+02   1.0612620e+03   6.2000000e+01   1.0000000e+00   1.2990000e+03
   1.0000000e+00   4.0300000e+02   7.7205100e+02   1.0563410e+03   6.2000000e+01   1.0000000e+00   1.2990000e+03
   1.0000000e+00   4.0400000e+02   7.9741400e+02   1.0627760e+03   5.5000000e+01   3.0000000e+00   1.2990000e+03
   1.0000000e+00   4.0500000e+02   9.5470100e+02   9.3539500e+02   2.9000000e+01   1.0000000e+00   1.2590000e+03
   1.0000000e+00   4.0600000e+02   9.7854900e+02   9.4410100e+02   3.4000000e+01   1.0000000e+00   1.2590000e+03
   1.0000000e+00   4.1700000e+02   7.2643600e+02   1.0504740e+03   9.4000000e+01   1.0000000e+00   1.1850000e+03
   1.0000000e+00   4.1800000e+02   7.2757100e+02   1.0436600e+03   9.6000000e+01   1.0000000e+00   1.1850000e+03
   1.0000000e+00   4.1900000e+02   7.4649900e+02   1.0436600e+03   1.0000000e+02   1.0000000e+00   1.1850000e+03
   1.0000000e+00   4.2000000e+02   7.2984300e+02   1.0179180e+03   1.1100000e+02   1.0000000e+00   1.1740000e+03
   1.0000000e+00   4.2100000e+02   7.4914900e+02   1.0133760e+03   1.1100000e+02   1.0000000e+00   1.1740000e+03
   1.0000000e+00   4.2200000e+02   7.5520500e+02   1.0092120e+03   1.1100000e+02   1.0000000e+00   1.1740000e+03
   1.0000000e+00   4.2300000e+02   7.0372300e+02   1.2259310e+03   1.0700000e+02   1.0000000e+00   6.1720000e+03
   1.0000000e+00   4.2400000e+02   7.3324900e+02   1.1778550e+03   1.1000000e+02   1.0000000e+00   6.6590000e+03
   1.0000000e+00   4.2500000e+02   7.3703500e+02   1.1717990e+03   1.1000000e+02   1.0000000e+00   6.6590000e+03
   1.0000000e+00   4.2600000e+02   7.3854900e+02   1.1646060e+03   1.1200000e+02   1.0000000e+00   6.6590000e+03
   1.0000000e+00   4.2700000e+02   6.9425900e+02   1.2247950e+03   1.4600000e+02   1.0000000e+00   6.1740000e+03
   1.0000000e+00   4.2800000e+02   7.0031600e+02   1.2376660e+03   1.4600000e+02   1.0000000e+00   6.1740000e+03
   1.0000000e+00   4.2900000e+02   6.8877000e+02   1.2327450e+03   1.3800000e+02   1.0000000e+00   6.1740000e+03
   1.0000000e+00   4.3000000e+02   6.9104100e+02   1.2458050e+03   1.3800000e+02   1.0000000e+00   6.1740000e+03
   1.0000000e+00   4.3100000e+02   6.8025300e+02   1.2446690e+03   1.3800000e+02   1.0000000e+00   6.1740000e+03
   1.0000000e+00   4.3200000e+02   6.9388000e+02   1.2378550e+03   1.2800000e+02   2.0000000e+00   6.1740000e+03
   1.0000000e+00   4.3300000e+02   6.8366000e+02   1.2353000e+03   1.2700000e+02   2.0000000e+00   6.1740000e+03
   1.0000000e+00   4.3400000e+02   6.9757100e+02   1.2353000e+03   1.2200000e+02   1.0000000e+00   6.1740000e+03
   1.0000000e+00   4.3600000e+02   7.3760300e+02   1.1651740e+03   1.1400000e+02   1.0000000e+00   6.6590000e+03
   1.0000000e+00   4.3700000e+02   7.3788700e+02   1.1714200e+03   1.1200000e+02   1.0000000e+00   6.6590000e+03
   4.0000000e+00   6.1100000e+02   1.0491490e+03   8.2675100e+02   1.9500000e+02   2.0000000e+00   2.0700000e+03
   4.0000000e+00   6.1200000e+02   1.0582340e+03   8.1615200e+02   1.9700000e+02   2.0000000e+00   2.0700000e+03
   4.0000000e+00   9.1700000e+02   9.7154600e+02   3.6113600e+02   2.5300000e+02   1.0000000e+00   2.4540000e+03
   4.0000000e+00   9.1800000e+02   9.7987400e+02   3.6870700e+02   2.5300000e+02   1.0000000e+00   2.4540000e+03
   4.0000000e+00   9.1900000e+02   9.5602600e+02   3.4334400e+02   2.6900000e+02   1.0000000e+00   2.4540000e+03
   4.0000000e+00   9.2000000e+02   9.5186200e+02   3.5167200e+02   2.7300000e+02   1.0000000e+00   2.4540000e+03
   4.0000000e+00   9.2100000e+02   9.5337600e+02   3.4031600e+02   2.7700000e+02   2.0000000e+00   2.4540000e+03
   4.0000000e+00   9.2200000e+02   9.4656200e+02   3.4334400e+02   2.8100000e+02   1.0000000e+00   2.4540000e+03
   4.0000000e+00   9.2300000e+02   9.5829700e+02   3.3577300e+02   2.8100000e+02   1.0000000e+00   2.4540000e+03
   4.0000000e+00   9.2400000e+02   9.6019000e+02   3.4599400e+02   2.8500000e+02   1.0000000e+00   2.4540000e+03
   4.0000000e+00   9.2500000e+02   9.5640400e+02   3.9028400e+02   2.8900000e+02   1.0000000e+00   2.4540000e+03
   4.0000000e+00   9.2600000e+02   9.5375400e+02   3.8498400e+02   2.8900000e+02   1.0000000e+00   2.4540000e+03
   4.0000000e+00   9.2700000e+02   9.5186200e+02   3.3955800e+02   2.9100000e+02   1.0000000e+00   2.4540000e+03
   4.0000000e+00   9.2800000e+02   9.5186200e+02   3.4599400e+02   2.9300000e+02   1.0000000e+00   2.4540000e+03
   4.0000000e+00   9.2900000e+02   9.5299700e+02   3.8574100e+02   2.9400000e+02   1.0000000e+00   2.4540000e+03
   4.0000000e+00   9.3000000e+02   1.0029660e+03   3.6757100e+02   2.9900000e+02   1.0000000e+00   6.8580000e+03
   4.0000000e+00   9.3100000e+02   1.0128080e+03   3.6984200e+02   2.9900000e+02   1.0000000e+00   6.8580000e+03
   4.0000000e+00   9.3200000e+02   9.5791800e+02   3.2933800e+02   3.0200000e+02   1.0000000e+00   6.8580000e+03
   4.0000000e+00   9.3300000e+02   9.4239800e+02   3.1798100e+02   3.0800000e+02   1.0000000e+00   6.8580000e+03
   4.0000000e+00   9.3400000e+02   9.5754000e+02   3.3690900e+02   3.1400000e+02   1.0000000e+00   6.8580000e+03
   4.0000000e+00   9.3500000e+02   9.4883300e+02   3.1419600e+02   3.1600000e+02   1.0000000e+00   6.8580000e+03
   4.0000000e+00   9.3600000e+02   9.5110400e+02   3.1987400e+02   3.2200000e+02   1.0000000e+00   6.8580000e+03
   4.0000000e+00   9.3700000e+02   9.5943200e+02   3.3160900e+02   3.2600000e+02   1.0000000e+00   6.8580000e+03
   4.0000000e+00   9.3800000e+02   1.0048580e+03   3.3955800e+02   3.2600000e+02   1.0000000e+00   6.8580000e+03
   4.0000000e+00   9.3900000e+02   1.0143220e+03   3.3047300e+02   3.2600000e+02   1.0000000e+00   6.8580000e+03
   4.0000000e+00   9.4000000e+02   1.0063730e+03   3.7135700e+02   3.2600000e+02   1.0000000e+00   6.8580000e+03
   4.0000000e+00   9.4100000e+02   1.0147010e+03   3.7060000e+02   3.2600000e+02   1.0000000e+00   6.8580000e+03
   4.0000000e+00   9.4200000e+02   9.9009500e+02   3.6946400e+02   3.2600000e+02   1.0000000e+00   6.8580000e+03
   4.0000000e+00   9.4300000e+02   9.8971600e+02   3.7703500e+02   3.2600000e+02   1.0000000e+00   6.8580000e+03
   4.0000000e+00   9.4400000e+02   1.0222720e+03   3.9407000e+02   3.2600000e+02   1.0000000e+00   6.8670000e+03
   4.0000000e+00   9.4500000e+02   9.4239800e+02   4.3836000e+02   3.2600000e+02   1.0000000e+00   2.4730000e+03
   4.0000000e+00   9.4600000e+02   9.3407000e+02   4.4214500e+02   3.2600000e+02   1.0000000e+00   2.4730000e+03
   4.0000000e+00   9.4700000e+02   9.8252400e+02   4.3041000e+02   3.2600000e+02   1.0000000e+00   2.4730000e+03
   4.0000000e+00   9.4800000e+02   1.0336280e+03   3.6492100e+02   3.2300000e+02   1.0000000e+00   6.8580000e+03
   4.0000000e+00   9.4900000e+02   1.0173500e+03   3.3123000e+02   3.2300000e+02   1.0000000e+00   6.8580000e+03
   4.0000000e+00   9.5000000e+02   1.0215150e+03   3.3198800e+02   3.1800000e+02   1.0000000e+00   6.8580000e+03
   4.0000000e+00   9.5100000e+02   1.0306000e+03   3.3804400e+02   3.1800000e+02   1.0000000e+00   6.8580000e+03
   4.0000000e+00   9.5200000e+02   1.0041010e+03   3.7022100e+02   3.1800000e+02   1.0000000e+00   6.8580000e+03
   4.0000000e+00   9.5300000e+02   1.0112940e+03   3.7514200e+02   3.1800000e+02   1.0000000e+00   6.8580000e+03
   4.0000000e+00   9.5400000e+02   1.0071300e+03   3.7930600e+02   3.1800000e+02   1.0000000e+00   6.8580000e+03
   4.0000000e+00   9.5500000e+02   1.0101580e+03   3.7438500e+02   3.1300000e+02   1.0000000e+00   6.8580000e+03
   4.0000000e+00   9.5600000e+02   1.0343850e+03   3.5621500e+02   3.1800000e+02   1.0000000e+00   6.8580000e+03
   4.0000000e+00   9.5700000e+02   1.0430920e+03   3.9179800e+02   3.0900000e+02   2.0000000e+00   6.8670000e+03
   4.0000000e+00   9.6000000e+02   1.0052370e+03   4.2283900e+02   3.0700000e+02   1.0000000e+00   2.4730000e+03
   4.0000000e+00   9.6100000e+02   9.9350200e+02   4.3343900e+02   3.1200000e+02   1.0000000e+00   2.4730000e+03
   4.0000000e+00   9.6200000e+02   1.0052370e+03   4.3268200e+02   3.1600000e+02   1.0000000e+00   2.4730000e+03
   4.0000000e+00   9.6300000e+02   9.9236600e+02   4.3911700e+02   3.2100000e+02   1.0000000e+00   2.4730000e+03
   4.0000000e+00   9.6400000e+02   9.5981100e+02   4.4593100e+02   3.2400000e+02   1.0000000e+00   2.4730000e+03
   4.0000000e+00   9.6500000e+02   9.4391200e+02   4.3116700e+02   3.2100000e+02   1.0000000e+00   2.4730000e+03
   4.0000000e+00   9.6600000e+02   9.5716100e+02   4.2738200e+02   3.2100000e+02   1.0000000e+00   2.4730000e+03
   4.0000000e+00   9.6700000e+02   9.6321800e+02   4.2965300e+02   3.2100000e+02   1.0000000e+00   2.4730000e+03
   4.0000000e+00   9.6800000e+02   9.5640400e+02   4.3192400e+02   3.0000000e+02   1.0000000e+00   2.4730000e+03
   4.0000000e+00   9.6900000e+02   1.0177290e+03   3.6605700e+02   2.8900000e+02   1.0000000e+00   6.8580000e+03
   4.0000000e+00   9.7000000e+02   1.0090220e+03   3.7097800e+02   2.9400000e+02   1.0000000e+00   6.8580000e+03
   4.0000000e+00   9.7100000e+02   1.0287070e+03   4.3154600e+02   2.6600000e+02   1.0000000e+00   6.8670000e+03
   4.0000000e+00   9.7200000e+02   1.0483920e+03   4.1678300e+02   2.6600000e+02   1.0000000e+00   6.8670000e+03
   4.0000000e+00   9.7300000e+02   1.0552050e+03   4.3722400e+02   2.6600000e+02   1.0000000e+00   6.8670000e+03
   4.0000000e+00   9.7400000e+02   1.0669400e+03   4.4441700e+02   2.7200000e+02   1.0000000e+00   6.8670000e+03
   4.0000000e+00   9.7500000e+02   1.0408210e+03   4.2132500e+02   2.7600000e+02   1.0000000e+00   6.8670000e+03
   4.0000000e+00   9.7600000e+02   1.0631550e+03   4.5047300e+02   2.7900000e+02   1.0000000e+00   6.8670000e+03
   4.0000000e+00   9.7700000e+02   1.0552050e+03   4.5880100e+02   2.8600000e+02   1.0000000e+00   6.8670000e+03
   4.0000000e+00   9.7800000e+02   1.0525560e+03   4.6145100e+02   2.9300000e+02   1.0000000e+00   6.8670000e+03
   4.0000000e+00   9.7900000e+02   1.0639120e+03   4.2511100e+02   2.9300000e+02   1.0000000e+00   6.8670000e+03
   4.0000000e+00   9.8000000e+02   1.0574770e+03   4.3495300e+02   2.9300000e+02   2.0000000e+00   6.8670000e+03
   4.0000000e+00   9.8100000e+02   1.0483920e+03   4.4668800e+02   3.0000000e+02   1.0000000e+00   6.8670000e+03
   4.0000000e+00   9.8200000e+02   1.0567200e+03   4.5539500e+02   2.9800000e+02   1.0000000e+00   6.8670000e+03
   4.0000000e+00   9.8300000e+02   1.0680760e+03   4.4101000e+02   3.0200000e+02   1.0000000e+00   6.8670000e+03
   4.0000000e+00   9.8400000e+02   1.0726190e+03   4.3381700e+02   3.0400000e+02   1.0000000e+00   6.8670000e+03
   4.0000000e+00   9.8500000e+02   1.0552050e+03   4.3419600e+02   3.0400000e+02   1.0000000e+00   6.8670000e+03
   4.0000000e+00   9.8600000e+02   1.0025870e+03   4.1791800e+02   3.2600000e+02   1.0000000e+00   2.4730000e+03
   4.0000000e+00   9.8800000e+02   1.0154580e+03   3.9558400e+02   3.2300000e+02   1.0000000e+00   6.8670000e+03
   4.0000000e+00   9.8900000e+02   9.5640400e+02   4.3306000e+02   2.9800000e+02   1.0000000e+00   2.4730000e+03
   4.0000000e+00   9.9000000e+02   1.0302210e+03   3.7892800e+02   3.0100000e+02   1.0000000e+00   6.8670000e+03
   4.0000000e+00   9.9100000e+02   1.0930600e+03   5.1520500e+02   3.2700000e+02   1.0000000e+00   6.8850000e+03
   4.0000000e+00   9.9200000e+02   1.1002530e+03   5.2656200e+02   3.2700000e+02   1.0000000e+00   6.8850000e+03
   4.0000000e+00   9.9300000e+02   1.1244800e+03   5.4246100e+02   3.2700000e+02   1.0000000e+00   6.8850000e+03
   4.0000000e+00   9.9400000e+02   1.1290220e+03   4.5804400e+02   3.2300000e+02   2.0000000e+00   2.6940000e+03
   4.0000000e+00   9.9600000e+02   1.1286440e+03   4.4668800e+02   3.0100000e+02   2.0000000e+00   2.6940000e+03
   4.0000000e+00   9.9700000e+02   1.1369720e+03   5.0347000e+02   2.7400000e+02   1.0000000e+00   6.8830000e+03
   4.0000000e+00   9.9800000e+02   1.1347010e+03   4.9779200e+02   2.7500000e+02   1.0000000e+00   6.8830000e+03
   4.0000000e+00   9.9900000e+02   1.1248580e+03   4.9476400e+02   2.7400000e+02   1.0000000e+00   6.8830000e+03
   4.0000000e+00   1.0000000e+03   1.1259940e+03   4.9892800e+02   2.4800000e+02   1.0000000e+00   6.8760000e+03
   4.0000000e+00   1.0010000e+03   1.1309150e+03   4.9022100e+02   2.3800000e+02   1.0000000e+00   6.8760000e+03
   4.0000000e+00   1.0060000e+03   1.1786120e+03   4.6977900e+02   2.3300000e+02   1.0000000e+00   6.8780000e+03
   4.0000000e+00   1.0070000e+03   1.1672560e+03   4.5690900e+02   2.4100000e+02   1.0000000e+00   6.8780000e+03
   4.0000000e+00   1.0080000e+03   1.1699060e+03   4.5842300e+02   2.4900000e+02   1.0000000e+00   6.8780000e+03
   4.0000000e+00   1.0090000e+03   1.1593060e+03   4.9362800e+02   2.5800000e+02   1.0000000e+00   6.8780000e+03
   4.0000000e+00   1.0100000e+03   1.1543850e+03   4.8681400e+02   2.6500000e+02   1.0000000e+00   6.8780000e+03
   4.0000000e+00   1.0110000e+03   1.1263730e+03   4.9476400e+02   2.6800000e+02   1.0000000e+00   6.8840000e+03
   4.0000000e+00   1.0120000e+03   1.1335650e+03   4.9854900e+02   2.7000000e+02   1.0000000e+00   6.8840000e+03
   4.0000000e+00   1.0130000e+03   1.1384860e+03   5.0309200e+02   2.7300000e+02   1.0000000e+00   6.8840000e+03
   4.0000000e+00   1.0140000e+03   1.1426500e+03   5.5078900e+02   2.5800000e+02   1.0000000e+00   6.8810000e+03
   4.0000000e+00   1.0150000e+03   1.1502210e+03   5.5003200e+02   2.5800000e+02   1.0000000e+00   6.8810000e+03
   4.0000000e+00   1.0160000e+03   1.1475710e+03   5.4473200e+02   2.6800000e+02   1.0000000e+00   6.8810000e+03
   4.0000000e+00   1.0170000e+03   1.1388650e+03   5.5760300e+02   2.6800000e+02   1.0000000e+00   6.8810000e+03
   4.0000000e+00   1.0180000e+03   1.1566570e+03   5.4776000e+02   2.6800000e+02   1.0000000e+00   6.8810000e+03
   4.0000000e+00   1.0190000e+03   1.1487070e+03   5.5343900e+02   2.6800000e+02   1.0000000e+00   6.8810000e+03
   4.0000000e+00   1.0200000e+03   1.1551420e+03   5.4586800e+02   2.7200000e+02   1.0000000e+00   6.8810000e+03
   4.0000000e+00   1.0210000e+03   1.1479500e+03   5.5533100e+02   2.8000000e+02   2.0000000e+00   6.8810000e+03
   4.0000000e+00   1.0220000e+03   1.1596850e+03   5.4889600e+02   2.8000000e+02   1.0000000e+00   6.8810000e+03
   4.0000000e+00   1.0230000e+03   1.1566570e+03   5.6668800e+02   2.7800000e+02   1.0000000e+00   6.8810000e+03
   4.0000000e+00   1.0240000e+03   1.1623350e+03   5.3526800e+02   2.9700000e+02   1.0000000e+00   6.8850000e+03
   4.0000000e+00   1.0250000e+03   1.1623350e+03   5.3413300e+02   3.0200000e+02   1.0000000e+00   6.8850000e+03
   4.0000000e+00   1.0260000e+03   1.1331860e+03   5.3829700e+02   3.1600000e+02   1.0000000e+00   6.8850000e+03
   4.0000000e+00   1.0270000e+03   1.1237230e+03   5.4511100e+02   3.1600000e+02   1.0000000e+00   6.8850000e+03
   4.0000000e+00   1.0280000e+03   1.1188020e+03   5.3148300e+02   3.1600000e+02   1.0000000e+00   6.8850000e+03
   4.0000000e+00   1.0290000e+03   1.0994960e+03   5.2731900e+02   3.1900000e+02   2.0000000e+00   6.8850000e+03
   4.0000000e+00   1.0310000e+03   1.1456790e+03   5.8713000e+02   3.1000000e+02   1.0000000e+00   2.7220000e+03
   4.0000000e+00   1.0320000e+03   1.1430290e+03   5.8031600e+02   3.1000000e+02   1.0000000e+00   2.7220000e+03
   4.0000000e+00   1.0330000e+03   1.1407570e+03   5.7728700e+02   3.0300000e+02   3.0000000e+00   2.7220000e+03
   4.0000000e+00   1.0340000e+03   1.1479500e+03   5.7918000e+02   2.9300000e+02   1.0000000e+00   2.7220000e+03
   4.0000000e+00   1.0350000e+03   1.1138800e+03   5.8940100e+02   2.8900000e+02   1.0000000e+00   2.7220000e+03
   4.0000000e+00   1.0360000e+03   1.1161520e+03   5.8183000e+02   2.8900000e+02   1.0000000e+00   2.7220000e+03
   4.0000000e+00   1.0370000e+03   1.1596850e+03   5.4851800e+02   2.8200000e+02   1.0000000e+00   6.8810000e+03
   4.0000000e+00   1.0380000e+03   1.1566570e+03   5.4359600e+02   2.8200000e+02   1.0000000e+00   6.8810000e+03
   4.0000000e+00   1.0390000e+03   1.1494640e+03   5.4548900e+02   2.8200000e+02   1.0000000e+00   6.8810000e+03
   4.0000000e+00   1.0410000e+03   1.2626500e+03   5.1407000e+02   2.6500000e+02   2.0000000e+00   2.6670000e+03
   4.0000000e+00   1.0420000e+03   1.2770350e+03   5.5041000e+02   2.7000000e+02   1.0000000e+00   2.6670000e+03
   4.0000000e+00   1.0430000e+03   1.2876350e+03   5.5911700e+02   2.7700000e+02   1.0000000e+00   2.6670000e+03
   4.0000000e+00   1.0440000e+03   1.2164670e+03   4.7280800e+02   2.8100000e+02   1.0000000e+00   2.6710000e+03
   4.0000000e+00   1.0450000e+03   1.2172240e+03   4.8454300e+02   2.8800000e+02   2.0000000e+00   2.6710000e+03
   4.0000000e+00   1.0460000e+03   1.2236600e+03   4.7545800e+02   2.9000000e+02   1.0000000e+00   2.6710000e+03
   4.0000000e+00   1.0470000e+03   1.2062460e+03   4.6713000e+02   2.9200000e+02   1.0000000e+00   2.6710000e+03
   4.0000000e+00   1.0480000e+03   1.2005680e+03   4.7962200e+02   2.9200000e+02   2.0000000e+00   2.6710000e+03
   4.0000000e+00   1.0490000e+03   1.2247950e+03   4.7470100e+02   2.9300000e+02   1.0000000e+00   2.6710000e+03
   4.0000000e+00   1.0500000e+03   1.2183600e+03   4.7167200e+02   2.9600000e+02   1.0000000e+00   2.6710000e+03
   4.0000000e+00   1.0510000e+03   1.2054890e+03   4.6637200e+02   3.0100000e+02   1.0000000e+00   2.6710000e+03
   4.0000000e+00   1.0520000e+03   1.2111680e+03   4.6031600e+02   3.0100000e+02   1.0000000e+00   2.6710000e+03
   4.0000000e+00   1.0530000e+03   1.2168460e+03   4.6031600e+02   3.0100000e+02   1.0000000e+00   2.6710000e+03
   4.0000000e+00   1.0540000e+03   1.2232810e+03   4.6523700e+02   3.0100000e+02   1.0000000e+00   2.6710000e+03
   4.0000000e+00   1.0550000e+03   1.2255520e+03   4.8037900e+02   3.0300000e+02   1.0000000e+00   2.6710000e+03
   4.0000000e+00   1.0560000e+03   1.2107890e+03   4.7810700e+02   3.0300000e+02   2.0000000e+00   2.6710000e+03
   4.0000000e+00   1.0570000e+03   1.2119250e+03   4.7015800e+02   3.0900000e+02   1.0000000e+00   2.6710000e+03
   4.0000000e+00   1.0580000e+03   1.2202530e+03   4.6977900e+02   3.0900000e+02   1.0000000e+00   2.6710000e+03
   4.0000000e+00   1.0590000e+03   1.2070040e+03   4.6410100e+02   3.0800000e+02   1.0000000e+00   2.6710000e+03
   4.0000000e+00   1.0600000e+03   1.2755210e+03   5.4283900e+02   3.1300000e+02   1.0000000e+00   2.6670000e+03
   4.0000000e+00   1.0610000e+03   1.2781710e+03   5.2807600e+02   3.0700000e+02   2.0000000e+00   2.6670000e+03
   4.0000000e+00   1.0620000e+03   1.2758990e+03   5.6441700e+02   3.0800000e+02   1.0000000e+00   2.6670000e+03
   4.0000000e+00   1.0630000e+03   1.2872560e+03   5.6138800e+02   3.0800000e+02   1.0000000e+00   2.6670000e+03
   4.0000000e+00   1.0640000e+03   1.2675710e+03   5.5722400e+02   2.9000000e+02   1.0000000e+00   2.6670000e+03
   4.0000000e+00   1.0650000e+03   1.2887700e+03   5.5949500e+02   2.8000000e+02   1.0000000e+00   2.6670000e+03
   4.0000000e+00   1.0660000e+03   1.1273190e+03   5.8429000e+02   2.7600000e+02   2.0000000e+00   6.8810000e+03
   4.0000000e+00   1.0670000e+03   1.1458680e+03   5.0877000e+02   2.0800000e+02   1.0000000e+00   6.8770000e+03
   2.0000000e+00   1.7740000e+03   7.5425900e+02   1.8302800e+02   2.0300000e+02   1.0000000e+00   5.8790000e+03
   2.0000000e+00   1.7750000e+03   7.7507900e+02   1.8227100e+02   2.0300000e+02   1.0000000e+00   5.8780000e+03
   2.0000000e+00   1.7760000e+03   8.1104100e+02   1.8416400e+02   2.0300000e+02   1.0000000e+00   5.8780000e+03
   2.0000000e+00   1.7770000e+03   7.8340700e+02   2.2315500e+02   2.0300000e+02   1.0000000e+00   5.8790000e+03
   2.0000000e+00   1.7780000e+03   8.0119900e+02   1.8378600e+02   1.8500000e+02   1.0000000e+00   5.8780000e+03
   2.0000000e+00   1.7790000e+03   8.1709800e+02   2.2921100e+02   1.3900000e+02   1.0000000e+00   7.0330000e+03
   2.0000000e+00   1.7800000e+03   8.1709800e+02   2.2201900e+02   1.3900000e+02   1.0000000e+00   7.0330000e+03
   2.0000000e+00   1.7810000e+03   8.2694000e+02   2.2429000e+02   1.3900000e+02   1.0000000e+00   7.0330000e+03
   2.0000000e+00   1.7820000e+03   8.2353300e+02   2.3413300e+02   1.3300000e+02   1.0000000e+00   7.0330000e+03
   2.0000000e+00   1.7830000e+03   8.1444800e+02   2.4738200e+02   1.2700000e+02   1.0000000e+00   7.0330000e+03
   2.0000000e+00   1.7840000e+03   8.0157800e+02   2.4700300e+02   1.2700000e+02   1.0000000e+00   7.0330000e+03
   2.0000000e+00   1.7850000e+03   8.1066300e+02   2.5116700e+02   1.2700000e+02   1.0000000e+00   7.0330000e+03
   2.0000000e+00   1.7860000e+03   8.1558400e+02   2.0763400e+02   1.2700000e+02   1.0000000e+00   7.0330000e+03
   2.0000000e+00   1.7870000e+03   8.2769700e+02   2.2391200e+02   1.1600000e+02   1.0000000e+00   7.0330000e+03
   2.0000000e+00   1.7880000e+03   7.9589900e+02   2.4359600e+02   1.1600000e+02   1.0000000e+00   7.0330000e+03
   2.0000000e+00   1.7890000e+03   7.8984300e+02   2.3299700e+02   1.1600000e+02   1.0000000e+00   7.0330000e+03
   2.0000000e+00   1.7900000e+03   8.0233500e+02   2.4813900e+02   1.1000000e+02   1.0000000e+00   7.0330000e+03
   2.0000000e+00   1.7910000e+03   8.7198800e+02   2.0347000e+02   1.4400000e+02   1.0000000e+00   7.0240000e+03
   2.0000000e+00   1.7920000e+03   8.7425900e+02   1.9892800e+02   1.6200000e+02   1.0000000e+00   7.0230000e+03
   2.0000000e+00   1.7930000e+03   7.8908500e+02   1.3381700e+02   1.7200000e+02   1.0000000e+00   5.8780000e+03
   2.0000000e+00   1.7940000e+03   7.9779200e+02   1.4441600e+02   1.7200000e+02   1.0000000e+00   5.8780000e+03
   2.0000000e+00   1.7950000e+03   7.4668800e+02   1.6788600e+02   1.4700000e+02   1.0000000e+00   5.8780000e+03
   2.0000000e+00   1.7960000e+03   7.6258700e+02   1.8795000e+02   1.4700000e+02   1.0000000e+00   5.8780000e+03
   2.0000000e+00   1.7970000e+03   7.5690900e+02   1.8908500e+02   1.4700000e+02   1.0000000e+00   5.8780000e+03
   2.0000000e+00   1.7980000e+03   7.5388000e+02   1.5198700e+02   1.4500000e+02   1.0000000e+00   5.8780000e+03
   2.0000000e+00   1.7990000e+03   7.5501600e+02   1.4555200e+02   1.4500000e+02   1.0000000e+00   5.8780000e+03
   2.0000000e+00   1.8000000e+03   7.5955900e+02   1.6864400e+02   1.4100000e+02   1.0000000e+00   5.8780000e+03
   2.0000000e+00   1.8010000e+03   7.6296600e+02   1.5615100e+02   1.4100000e+02   1.0000000e+00   5.8780000e+03
   2.0000000e+00   1.8020000e+03   7.5274500e+02   1.8643500e+02   1.4100000e+02   1.0000000e+00   5.8780000e+03
   2.0000000e+00   1.8030000e+03   7.5463700e+02   1.5047300e+02   1.3500000e+02   1.0000000e+00   5.8780000e+03
   2.0000000e+00   1.8040000e+03   7.8000000e+02   2.6668800e+02   1.4800000e+02   1.0000000e+00   7.0280000e+03
   2.0000000e+00   1.8050000e+03   7.9438500e+02   2.5646700e+02   1.4400000e+02   1.0000000e+00   7.0280000e+03
   2.0000000e+00   1.8060000e+03   7.9362800e+02   2.6403800e+02   1.3500000e+02   1.0000000e+00   7.0280000e+03
   2.0000000e+00   1.8070000e+03   7.9211400e+02   2.7350200e+02   1.3500000e+02   1.0000000e+00   7.0280000e+03
   2.0000000e+00   1.8080000e+03   7.7507900e+02   2.7918000e+02   1.3300000e+02   1.0000000e+00   7.0280000e+03
   2.0000000e+00   1.8090000e+03   7.6826500e+02   2.7653000e+02   1.3300000e+02   1.0000000e+00   7.0280000e+03
   2.0000000e+00   1.8100000e+03   7.9362800e+02   2.7312300e+02   1.2800000e+02   1.0000000e+00   7.0280000e+03
   2.0000000e+00   1.8110000e+03   7.8265000e+02   2.7009500e+02   1.2100000e+02   1.0000000e+00   7.0280000e+03
   2.0000000e+00   1.8120000e+03   7.6864400e+02   2.7577300e+02   1.2100000e+02   1.0000000e+00   7.0280000e+03
   2.0000000e+00   1.8130000e+03   7.5690900e+02   2.7918000e+02   1.2100000e+02   1.0000000e+00   7.0280000e+03
   2.0000000e+00   1.8140000e+03   7.5539500e+02   2.8485800e+02   1.3100000e+02   1.0000000e+00   7.0280000e+03
   2.0000000e+00   1.8150000e+03   7.4593100e+02   2.7160900e+02   1.3500000e+02   1.0000000e+00   7.0280000e+03
   2.0000000e+00   1.8160000e+03   7.4706600e+02   2.9167200e+02   1.3500000e+02   1.0000000e+00   7.0280000e+03
   2.0000000e+00   1.8170000e+03   6.9785500e+02   2.5760300e+02   1.4300000e+02   1.0000000e+00   7.0270000e+03
   2.0000000e+00   1.8180000e+03   6.8839100e+02   2.6441700e+02   1.4300000e+02   1.0000000e+00   7.0270000e+03
   2.0000000e+00   1.8190000e+03   6.9936900e+02   2.7880100e+02   1.3900000e+02   1.0000000e+00   7.0270000e+03
   2.0000000e+00   1.8200000e+03   6.9255500e+02   2.6025200e+02   1.3900000e+02   1.0000000e+00   7.0270000e+03
   2.0000000e+00   1.8210000e+03   6.8877000e+02   2.7577300e+02   1.3500000e+02   1.0000000e+00   7.0270000e+03
   2.0000000e+00   1.8220000e+03   7.1678300e+02   2.3981100e+02   1.1300000e+02   2.0000000e+00   7.0270000e+03
   2.0000000e+00   1.8230000e+03   7.0580500e+02   2.4246100e+02   1.1000000e+02   1.0000000e+00   7.0270000e+03
   2.0000000e+00   1.8240000e+03   7.0996900e+02   2.3072600e+02   1.1000000e+02   1.0000000e+00   7.0270000e+03
   2.0000000e+00   1.8250000e+03   7.1261900e+02   2.4511100e+02   1.0700000e+02   1.0000000e+00   7.0270000e+03
   2.0000000e+00   1.8260000e+03   7.3533100e+02   2.0877000e+02   1.0200000e+02   1.0000000e+00   7.0270000e+03
   2.0000000e+00   1.8270000e+03   7.3722400e+02   2.5230300e+02   1.0200000e+02   1.0000000e+00   7.0270000e+03
   2.0000000e+00   1.8280000e+03   7.3078900e+02   2.3375400e+02   1.0000000e+02   1.0000000e+00   7.0270000e+03
   2.0000000e+00   1.8290000e+03   7.4063100e+02   2.3791800e+02   1.0000000e+02   1.0000000e+00   7.0270000e+03
   2.0000000e+00   1.8300000e+03   7.2246100e+02   2.3754000e+02   9.8000000e+01   1.0000000e+00   7.0270000e+03
   2.0000000e+00   1.8310000e+03   7.9173500e+02   2.4548900e+02   8.3000000e+01   1.0000000e+00   7.0280000e+03
   2.0000000e+00   1.8320000e+03   7.8605700e+02   2.3791800e+02   9.5000000e+01   1.0000000e+00   7.0280000e+03
   2.0000000e+00   1.8330000e+03   7.8492100e+02   2.4624600e+02   9.5000000e+01   1.0000000e+00   7.0280000e+03
   2.0000000e+00   1.8340000e+03   7.9324900e+02   2.4851700e+02   9.5000000e+01   1.0000000e+00   7.0280000e+03
   2.0000000e+00   1.8350000e+03   7.1186100e+02   2.6933800e+02   1.0300000e+02   1.0000000e+00   7.0270000e+03
   2.0000000e+00   1.8360000e+03   7.1716100e+02   2.8637200e+02   1.0300000e+02   1.0000000e+00   7.0270000e+03
   2.0000000e+00   1.8370000e+03   7.0542600e+02   2.6971600e+02   1.1000000e+02   1.0000000e+00   7.0270000e+03
   2.0000000e+00   1.8380000e+03   7.2094700e+02   2.6668800e+02   1.1000000e+02   1.0000000e+00   7.0270000e+03
   2.0000000e+00   1.8390000e+03   8.9924300e+02   2.6820200e+02   1.3900000e+02   1.0000000e+00   7.0350000e+03
   2.0000000e+00   1.8400000e+03   9.0075700e+02   2.6290200e+02   1.3500000e+02   1.0000000e+00   7.0350000e+03
   2.0000000e+00   1.8410000e+03   7.1810700e+02   2.1179800e+02   1.4500000e+02   1.0000000e+00   7.0400000e+03
   2.0000000e+00   1.8420000e+03   7.2037900e+02   1.9892800e+02   1.5300000e+02   1.0000000e+00   7.0400000e+03
   2.0000000e+00   1.8430000e+03   7.0031600e+02   2.0839100e+02   1.5300000e+02   1.0000000e+00   7.0400000e+03
   2.0000000e+00   1.8440000e+03   7.0523700e+02   2.0347000e+02   1.5300000e+02   1.0000000e+00   7.0400000e+03
   2.0000000e+00   1.8450000e+03   7.1697200e+02   2.0801300e+02   1.6300000e+02   1.0000000e+00   7.0400000e+03
   2.0000000e+00   1.8460000e+03   7.1394300e+02   1.9930600e+02   1.6300000e+02   1.0000000e+00   7.0400000e+03
   2.0000000e+00   1.8470000e+03   7.4649900e+02   1.9779200e+02   1.6800000e+02   1.0000000e+00   5.8790000e+03
   2.0000000e+00   1.8480000e+03   7.1621500e+02   2.1255500e+02   1.7500000e+02   1.0000000e+00   7.0400000e+03
   2.0000000e+00   1.8490000e+03   7.2492100e+02   2.2050500e+02   1.7200000e+02   2.0000000e+00   7.0400000e+03
   2.0000000e+00   1.8500000e+03   7.2075700e+02   2.4776000e+02   1.7800000e+02   1.0000000e+00   7.0400000e+03
   2.0000000e+00   1.8510000e+03   7.3173500e+02   2.4246100e+02   1.8200000e+02   1.0000000e+00   7.0400000e+03
   2.0000000e+00   1.8520000e+03   7.3552100e+02   2.2466900e+02   1.8200000e+02   1.0000000e+00   7.0400000e+03
   2.0000000e+00   1.8530000e+03   7.2719300e+02   2.1179800e+02   1.8200000e+02   1.0000000e+00   7.0400000e+03
   2.0000000e+00   1.8540000e+03   7.1470100e+02   2.3526800e+02   1.8500000e+02   1.0000000e+00   7.0400000e+03
   2.0000000e+00   1.8550000e+03   7.0826500e+02   2.1861200e+02   1.8500000e+02   1.0000000e+00   7.0400000e+03
   2.0000000e+00   1.8560000e+03   7.0977900e+02   2.2466900e+02   1.8500000e+02   1.0000000e+00   7.0400000e+03
   2.0000000e+00   1.8570000e+03   7.4233500e+02   2.3526800e+02   1.8700000e+02   1.0000000e+00   7.0400000e+03
   2.0000000e+00   1.8580000e+03   7.2340700e+02   2.2164000e+02   1.8700000e+02   1.0000000e+00   7.0400000e+03
   2.0000000e+00   1.8590000e+03   7.3892800e+02   2.4170400e+02   1.9000000e+02   1.0000000e+00   7.0400000e+03
   2.0000000e+00   1.8600000e+03   7.1621500e+02   2.4776000e+02   1.9000000e+02   1.0000000e+00   7.0400000e+03
   2.0000000e+00   1.8610000e+03   7.1772900e+02   2.1444800e+02   1.9600000e+02   1.0000000e+00   7.0400000e+03
   2.0000000e+00   1.8620000e+03   7.1167200e+02   2.2504700e+02   1.8800000e+02   1.0000000e+00   7.0400000e+03
   2.0000000e+00   1.8630000e+03   7.0713000e+02   2.1899100e+02   1.8800000e+02   1.0000000e+00   7.0400000e+03
   2.0000000e+00   1.8640000e+03   7.1545800e+02   1.9817000e+02   1.8100000e+02   1.0000000e+00   5.8790000e+03
   2.0000000e+00   1.8650000e+03   7.1697200e+02   1.8567800e+02   1.8100000e+02   1.0000000e+00   5.8790000e+03
   2.0000000e+00   1.8660000e+03   7.2832800e+02   1.8416400e+02   1.8100000e+02   1.0000000e+00   5.8790000e+03
   2.0000000e+00   1.8670000e+03   7.4877000e+02   1.7129300e+02   1.8100000e+02   1.0000000e+00   5.8790000e+03
   2.0000000e+00   1.8680000e+03   7.5407000e+02   1.4328100e+02   1.8300000e+02   1.0000000e+00   5.8780000e+03
   2.0000000e+00   1.8690000e+03   7.6542600e+02   1.4858000e+02   1.8300000e+02   1.0000000e+00   5.8780000e+03
   2.0000000e+00   1.8700000e+03   7.6466900e+02   1.6031600e+02   1.8300000e+02   1.0000000e+00   5.8780000e+03
   2.0000000e+00   1.8710000e+03   7.5671900e+02   1.6448000e+02   1.8600000e+02   1.0000000e+00   5.8780000e+03
   2.0000000e+00   1.8720000e+03   7.4914900e+02   1.6031600e+02   1.8600000e+02   1.0000000e+00   5.8780000e+03
   2.0000000e+00   1.8730000e+03   7.5785500e+02   1.5463700e+02   1.9200000e+02   1.0000000e+00   5.8780000e+03
   2.0000000e+00   1.8740000e+03   7.5217700e+02   1.4782300e+02   1.9200000e+02   1.0000000e+00   5.8780000e+03
   2.0000000e+00   1.8750000e+03   7.4498400e+02   1.6637200e+02   1.8800000e+02   1.0000000e+00   5.8790000e+03
   2.0000000e+00   1.8760000e+03   8.0176700e+02   1.8340700e+02   1.7700000e+02   1.0000000e+00   5.8780000e+03
   2.0000000e+00   1.8770000e+03   7.5482700e+02   1.9135700e+02   2.2200000e+02   1.0000000e+00   5.8790000e+03
   2.0000000e+00   1.8780000e+03   7.6580500e+02   1.9627800e+02   2.2200000e+02   1.0000000e+00   5.8790000e+03
   3.0000000e+00   1.9160000e+03   7.1110400e+02   7.3211400e+02   8.0000000e+01   1.0000000e+00   7.0420000e+03
   3.0000000e+00   1.9170000e+03   7.1659300e+02   7.4328100e+02   8.6000000e+01   1.0000000e+00   7.0420000e+03
   3.0000000e+00   1.9180000e+03   6.9388000e+02   7.2000000e+02   9.0000000e+01   1.0000000e+00   7.0420000e+03
   3.0000000e+00   1.9190000e+03   6.9388000e+02   7.1034700e+02   9.0000000e+01   1.0000000e+00   7.0420000e+03
   3.0000000e+00   1.9200000e+03   8.6422700e+02   6.4902200e+02   8.9000000e+01   2.0000000e+00   4.3620000e+03
   3.0000000e+00   1.9210000e+03   8.4208200e+02   6.5526800e+02   9.6000000e+01   2.0000000e+00   4.3620000e+03
   3.0000000e+00   1.9220000e+03   8.5684600e+02   6.5810800e+02   9.6000000e+01   2.0000000e+00   4.3620000e+03
   3.0000000e+00   1.9230000e+03   8.5514200e+02   6.4504800e+02   1.1100000e+02   2.0000000e+00   4.3620000e+03
   3.0000000e+00   1.9240000e+03   7.6031600e+02   6.0132500e+02   1.1100000e+02   2.0000000e+00   4.3620000e+03
   3.0000000e+00   1.9250000e+03   8.0706700e+02   5.9924300e+02   1.0100000e+02   2.0000000e+00   4.3700000e+03
   4.0000000e+00   1.0020000e+03   1.1275080e+03   5.0347000e+02   2.3000000e+02   1.0000000e+00   2.4290000e+03
   4.0000000e+00   1.0030000e+03   1.1210730e+03   5.1142000e+02   2.3000000e+02   1.0000000e+00   2.4290000e+03
   4.0000000e+00   1.0040000e+03   1.1343220e+03   5.2466900e+02   2.3000000e+02   1.0000000e+00   2.4290000e+03
   4.0000000e+00   1.0050000e+03   1.1506000e+03   5.0914800e+02   2.1200000e+02   1.0000000e+00   2.4290000e+03
   4.0000000e+00   9.1500000e+02   1.1125560e+03   3.9955900e+02   2.1100000e+02   1.0000000e+00   2.4050000e+03
   4.0000000e+00   9.1600000e+02   1.1167200e+03   4.0712900e+02   2.1100000e+02   1.0000000e+00   2.4050000e+03
   4.0000000e+00   9.1400000e+02   1.1144480e+03   3.9236600e+02   2.1100000e+02   1.0000000e+00   2.4050000e+03
