   1.0000000e+01   2.4000000e+01   9.0596200e+02   1.2829970e+03   1.3100000e+02   4.0000000e+00   8.8000000e+01
   1.0000000e+01   2.5000000e+01   8.9261900e+02   1.2849850e+03   1.3500000e+02   4.0000000e+00   8.9000000e+01
   1.1000000e+01   1.0000000e+00   1.1454890e+03   1.2802530e+03   1.5000000e+02   6.0000000e+00   1.3350000e+03
   1.1000000e+01   2.0000000e+00   1.1367830e+03   1.2749530e+03   1.6300000e+02   6.0000000e+00   1.3360000e+03
   1.1000000e+01   3.0000000e+00   1.1227760e+03   1.2620830e+03   1.6300000e+02   6.0000000e+00   1.3370000e+03
   1.1000000e+01   7.7800000e+02   9.8801300e+02   1.1276980e+03   2.2700000e+02   4.0000000e+00   3.0980000e+03
   1.1000000e+01   7.7900000e+02   9.8384900e+02   1.1356470e+03   2.2700000e+02   4.0000000e+00   3.0980000e+03
   1.1000000e+01   7.8000000e+02   9.7287100e+02   1.1322400e+03   2.1600000e+02   4.0000000e+00   3.0530000e+03
   1.1000000e+01   7.8100000e+02   1.0129970e+03   1.2013250e+03   1.9500000e+02   4.0000000e+00   3.1030000e+03
   1.1000000e+01   7.8200000e+02   1.0171610e+03   1.1733130e+03   1.9500000e+02   4.0000000e+00   3.0260000e+03
   1.1000000e+01   7.8300000e+02   1.0251110e+03   1.1328080e+03   1.7400000e+02   3.0000000e+00   3.1090000e+03
   1.1000000e+01   7.8400000e+02   1.0376030e+03   1.1577920e+03   1.6800000e+02   3.0000000e+00   3.1170000e+03
   1.1000000e+01   7.8500000e+02   1.0224610e+03   1.1593060e+03   1.6700000e+02   3.0000000e+00   3.1170000e+03
   1.1000000e+01   7.8600000e+02   1.0319250e+03   1.1668770e+03   1.6700000e+02   3.0000000e+00   3.1170000e+03
   1.1000000e+01   7.8700000e+02   1.0338170e+03   1.1453000e+03   1.6200000e+02   3.0000000e+00   3.1180000e+03
   2.0000000e+00   4.3000000e+01   5.9621500e+02   1.2787390e+03   2.6400000e+02   1.0000000e+00   6.4530000e+03
   2.0000000e+00   4.4000000e+01   6.2290200e+02   1.2219560e+03   2.4000000e+02   1.0000000e+00   6.4980000e+03
   2.0000000e+00   4.5000000e+01   6.4731900e+02   1.1969720e+03   2.4000000e+02   1.0000000e+00   6.4980000e+03
   2.0000000e+00   4.6000000e+01   5.6101000e+02   1.3094010e+03   2.1900000e+02   1.0000000e+00   6.4550000e+03
   2.0000000e+00   4.7000000e+01   5.5760300e+02   1.2747640e+03   2.1900000e+02   1.0000000e+00   6.4430000e+03
   2.0000000e+00   4.8000000e+01   5.7350200e+02   1.3429030e+03   2.0400000e+02   1.0000000e+00   6.4550000e+03
   2.0000000e+00   4.9000000e+01   5.9621500e+02   1.3207580e+03   2.0400000e+02   1.0000000e+00   6.4550000e+03
   2.0000000e+00   5.0000000e+01   6.5962200e+02   1.2904740e+03   1.8800000e+02   1.0000000e+00   8.2600000e+02
   2.0000000e+00   5.1000000e+01   6.7627800e+02   1.2813890e+03   1.8800000e+02   1.0000000e+00   8.2600000e+02
   2.0000000e+00   5.2000000e+01   6.6908500e+02   1.1825870e+03   1.8800000e+02   1.0000000e+00   8.3000000e+02
   2.0000000e+00   5.3000000e+01   6.7779200e+02   1.1867510e+03   1.8800000e+02   1.0000000e+00   8.3000000e+02
   2.0000000e+00   5.4000000e+01   6.9179800e+02   1.2389910e+03   1.7900000e+02   1.0000000e+00   8.3000000e+02
   2.0000000e+00   5.5000000e+01   6.8044200e+02   1.2306630e+03   1.6400000e+02   1.0000000e+00   8.3000000e+02
   6.0000000e+00   4.9000000e+02   7.9646700e+02   8.2069400e+02   1.5400000e+02   3.0000000e+00   1.7020000e+03
   6.0000000e+00   4.9100000e+02   8.1350200e+02   8.0725600e+02   1.6300000e+02   3.0000000e+00   1.7020000e+03
   6.0000000e+00   4.9200000e+02   8.0820200e+02   8.0082100e+02   1.6700000e+02   3.0000000e+00   1.7020000e+03
   6.0000000e+00   4.9300000e+02   8.0479500e+02   7.9173500e+02   1.7100000e+02   4.0000000e+00   1.6990000e+03
   6.0000000e+00   4.9400000e+02   8.0290200e+02   8.0271300e+02   1.7100000e+02   4.0000000e+00   1.6990000e+03
   6.0000000e+00   4.9500000e+02   8.2031600e+02   8.2315500e+02   1.7400000e+02   4.0000000e+00   1.6980000e+03
   6.0000000e+00   4.9600000e+02   7.9533100e+02   7.8227200e+02   1.7400000e+02   4.0000000e+00   1.6990000e+03
   6.0000000e+00   4.9700000e+02   7.9571000e+02   7.7205100e+02   1.9200000e+02   3.0000000e+00   6.7480000e+03
   6.0000000e+00   4.9800000e+02   8.0744500e+02   7.7621500e+02   2.0100000e+02   3.0000000e+00   6.7480000e+03
   5.0000000e+00   4.8500000e+02   8.7331300e+02   7.9060000e+02   2.7100000e+02   8.0000000e+00   6.7330000e+03
   5.0000000e+00   4.8600000e+02   9.3880200e+02   7.6788700e+02   2.6800000e+02   8.0000000e+00   1.8290000e+03
   5.0000000e+00   4.8700000e+02   9.3804400e+02   7.5918000e+02   2.6300000e+02   8.0000000e+00   1.8290000e+03
   5.0000000e+00   4.8800000e+02   8.7179800e+02   7.9249200e+02   2.5700000e+02   8.0000000e+00   1.8690000e+03
   5.0000000e+00   4.8900000e+02   8.8618300e+02   7.4971600e+02   2.4900000e+02   8.0000000e+00   6.7370000e+03
   5.0000000e+00   4.9900000e+02   9.1476400e+02   9.9596300e+02   2.9900000e+02   1.0000000e+00   6.7560000e+03
   5.0000000e+00   5.0000000e+02   8.9867500e+02   9.9142000e+02   2.9900000e+02   1.0000000e+00   6.7560000e+03
   5.0000000e+00   5.0100000e+02   9.0927500e+02   9.8536300e+02   2.9400000e+02   1.0000000e+00   6.7560000e+03
   5.0000000e+00   5.0200000e+02   9.1041000e+02   9.8952700e+02   2.8500000e+02   1.0000000e+00   6.7560000e+03
   5.0000000e+00   5.0300000e+02   9.0283900e+02   9.8612000e+02   2.7900000e+02   1.0000000e+00   6.7560000e+03
   5.0000000e+00   5.0400000e+02   8.9678300e+02   9.8309200e+02   2.7900000e+02   1.0000000e+00   6.7560000e+03
   5.0000000e+00   5.0500000e+02   8.8807600e+02   9.7779200e+02   2.7900000e+02   1.0000000e+00   6.7560000e+03
   5.0000000e+00   5.0600000e+02   9.0435400e+02   9.6719300e+02   2.7500000e+02   1.0000000e+00   6.7560000e+03
   5.0000000e+00   5.0700000e+02   9.0019000e+02   9.8914900e+02   2.6500000e+02   1.0000000e+00   6.7560000e+03
   5.0000000e+00   5.0800000e+02   9.0435400e+02   9.7400700e+02   2.5900000e+02   1.0000000e+00   6.7560000e+03
   5.0000000e+00   5.0900000e+02   8.1274500e+02   1.0595590e+03   2.6600000e+02   1.0000000e+00   2.1950000e+03
   5.0000000e+00   5.1000000e+02   8.0479500e+02   1.0572870e+03   2.6600000e+02   1.0000000e+00   2.1950000e+03
   5.0000000e+00   5.1100000e+02   8.0479500e+02   1.0519880e+03   2.6600000e+02   1.0000000e+00   2.1950000e+03
   5.0000000e+00   5.1200000e+02   8.0403800e+02   1.0451740e+03   2.5400000e+02   1.0000000e+00   2.1950000e+03
   5.0000000e+00   5.1300000e+02   8.0858100e+02   1.0527450e+03   2.5400000e+02   1.0000000e+00   2.1950000e+03
   5.0000000e+00   5.1400000e+02   8.2977900e+02   1.0432810e+03   2.5400000e+02   1.0000000e+00   2.1950000e+03
   5.0000000e+00   5.1500000e+02   8.3810800e+02   1.0497160e+03   2.5400000e+02   1.0000000e+00   6.7610000e+03
   5.0000000e+00   5.1600000e+02   8.0895900e+02   1.0425240e+03   2.4200000e+02   1.0000000e+00   6.7610000e+03
   5.0000000e+00   5.1700000e+02   8.0820200e+02   1.0364670e+03   2.4200000e+02   1.0000000e+00   6.7610000e+03
   1.1000000e+01   6.7800000e+02   1.2272560e+03   1.2204420e+03   1.7600000e+02   1.0000000e+00   6.7890000e+03
   1.1000000e+01   6.7900000e+02   1.2420190e+03   1.2285810e+03   1.7700000e+02   1.0000000e+00   6.7890000e+03
   1.1000000e+01   6.8000000e+02   1.2075710e+03   1.2323660e+03   1.8100000e+02   1.0000000e+00   6.7890000e+03
   1.1000000e+01   6.8100000e+02   1.2340700e+03   1.2679500e+03   1.8800000e+02   1.0000000e+00   6.7890000e+03
   1.1000000e+01   6.8200000e+02   1.2522400e+03   1.2531870e+03   1.8800000e+02   1.0000000e+00   6.7890000e+03
   1.1000000e+01   6.8300000e+02   1.3025870e+03   1.2384230e+03   1.9700000e+02   1.0000000e+00   6.7950000e+03
   1.1000000e+01   6.8400000e+02   1.2878240e+03   1.2410730e+03   2.0700000e+02   1.0000000e+00   6.7950000e+03
   1.1000000e+01   6.8500000e+02   1.2730600e+03   1.2827130e+03   2.1600000e+02   1.0000000e+00   2.9480000e+03
   1.1000000e+01   6.8600000e+02   1.2853630e+03   1.2851740e+03   2.1900000e+02   1.0000000e+00   2.9480000e+03
   1.1000000e+01   6.8700000e+02   1.2694640e+03   1.2980450e+03   2.2600000e+02   1.0000000e+00   2.9480000e+03
   1.1000000e+01   6.8800000e+02   1.2690860e+03   1.2878240e+03   2.3300000e+02   1.0000000e+00   2.9480000e+03
   1.1000000e+01   6.8900000e+02   1.2732500e+03   1.2927450e+03   2.3800000e+02   1.0000000e+00   2.9480000e+03
   1.1000000e+01   6.9000000e+02   1.2785490e+03   1.2836600e+03   2.3800000e+02   1.0000000e+00   2.9480000e+03
   4.0000000e+00   7.9500000e+02   1.0175400e+03   8.0252400e+02   4.6000000e+01   1.0000000e+00   1.6710000e+03
   4.0000000e+00   7.9600000e+02   1.0209470e+03   7.9457400e+02   5.0000000e+01   1.0000000e+00   1.6710000e+03
   4.0000000e+00   7.9700000e+02   1.0720510e+03   7.2075700e+02   6.2000000e+01   1.0000000e+00   6.8370000e+03
   4.0000000e+00   7.9800000e+02   1.0235970e+03   7.5974800e+02   6.8000000e+01   1.0000000e+00   6.8370000e+03
   4.0000000e+00   7.9900000e+02   1.0345740e+03   7.6429100e+02   6.8000000e+01   1.0000000e+00   6.8370000e+03
   4.0000000e+00   8.0000000e+02   1.0796220e+03   7.2454300e+02   7.0000000e+01   1.0000000e+00   6.8370000e+03
   4.0000000e+00   8.0100000e+02   1.0864360e+03   7.2492100e+02   8.1000000e+01   2.0000000e+00   6.8370000e+03
   4.0000000e+00   8.0200000e+02   1.0894640e+03   7.3362800e+02   8.1000000e+01   2.0000000e+00   6.8370000e+03
   4.0000000e+00   8.0300000e+02   1.0830290e+03   7.1356500e+02   8.7000000e+01   1.0000000e+00   1.6610000e+03
   4.0000000e+00   8.0400000e+02   1.0315460e+03   6.8328100e+02   1.0100000e+02   1.0000000e+00   1.6580000e+03
   4.0000000e+00   8.0500000e+02   1.0243540e+03   6.9501600e+02   1.0100000e+02   1.0000000e+00   1.6580000e+03
   4.0000000e+00   8.0600000e+02   1.0341960e+03   6.9690900e+02   1.0700000e+02   1.0000000e+00   1.6580000e+03
   4.0000000e+00   8.0700000e+02   1.0357100e+03   7.2378600e+02   1.0700000e+02   1.0000000e+00   1.6580000e+03
   4.0000000e+00   8.0800000e+02   1.0576660e+03   6.9993700e+02   1.0700000e+02   1.0000000e+00   1.6570000e+03
   4.0000000e+00   8.0900000e+02   1.0326820e+03   6.8403800e+02   1.1700000e+02   1.0000000e+00   1.6580000e+03
   4.0000000e+00   8.1000000e+02   1.0387390e+03   7.0220800e+02   1.1800000e+02   1.0000000e+00   1.6580000e+03
   4.0000000e+00   8.1100000e+02   1.0059940e+03   5.8713000e+02   6.3000000e+01   1.0000000e+00   1.6100000e+03
   4.0000000e+00   8.1200000e+02   9.9274500e+02   6.2006300e+02   7.1000000e+01   1.0000000e+00   1.6100000e+03
   4.0000000e+00   8.1300000e+02   1.0022090e+03   6.1097800e+02   7.1000000e+01   1.0000000e+00   1.6100000e+03
   4.0000000e+00   8.1400000e+02   9.7911700e+02   6.2877000e+02   7.6000000e+01   1.0000000e+00   1.6100000e+03
   4.0000000e+00   8.1500000e+02   9.9955900e+02   6.1211400e+02   8.3000000e+01   1.0000000e+00   1.6100000e+03
   4.0000000e+00   8.1600000e+02   1.0135650e+03   5.9432200e+02   8.3000000e+01   1.0000000e+00   1.6100000e+03
   4.0000000e+00   8.1700000e+02   9.6813900e+02   6.1968500e+02   8.3000000e+01   1.0000000e+00   1.6100000e+03
   4.0000000e+00   8.1900000e+02   9.0984300e+02   5.7615200e+02   9.4000000e+01   1.0000000e+00   6.8430000e+03
   4.0000000e+00   8.2000000e+02   9.1665600e+02   5.7425900e+02   9.4000000e+01   1.0000000e+00   6.8430000e+03
   4.0000000e+00   8.2100000e+02   9.0492100e+02   5.8448000e+02   9.4000000e+01   1.0000000e+00   6.8430000e+03
   4.0000000e+00   8.2200000e+02   9.0000000e+02   6.0757100e+02   9.4000000e+01   1.0000000e+00   6.8430000e+03
   4.0000000e+00   8.2300000e+02   8.8145100e+02   5.8448000e+02   1.0200000e+02   1.0000000e+00   6.8430000e+03
   4.0000000e+00   8.2400000e+02   8.9659300e+02   5.6441700e+02   1.0700000e+02   1.0000000e+00   6.8430000e+03
   4.0000000e+00   8.2500000e+02   9.1135700e+02   5.8448000e+02   1.1000000e+02   1.0000000e+00   6.8430000e+03
   4.0000000e+00   8.2600000e+02   8.9810800e+02   5.8675100e+02   1.2000000e+02   1.0000000e+00   1.6050000e+03
   4.0000000e+00   8.2700000e+02   1.0150790e+03   5.4776000e+02   1.0400000e+02   1.0000000e+00   6.8440000e+03
   4.0000000e+00   8.2800000e+02   1.0328710e+03   5.6328100e+02   1.2100000e+02   1.0000000e+00   6.8440000e+03
   4.0000000e+00   8.2900000e+02   9.9123100e+02   5.6593100e+02   1.5100000e+02   1.0000000e+00   1.5410000e+03
   4.0000000e+00   8.3000000e+02   9.8479500e+02   5.8977900e+02   1.6700000e+02   1.0000000e+00   1.5410000e+03
   4.0000000e+00   8.3100000e+02   9.0283900e+02   6.2555200e+02   1.5400000e+02   1.0000000e+00   1.5980000e+03
   4.0000000e+00   8.3200000e+02   9.0927500e+02   6.3274500e+02   1.5000000e+02   1.0000000e+00   1.5980000e+03
   4.0000000e+00   8.3300000e+02   8.7407000e+02   5.8315500e+02   1.5000000e+02   1.0000000e+00   1.6020000e+03
   4.0000000e+00   8.3400000e+02   8.6347000e+02   5.8618300e+02   1.5000000e+02   1.0000000e+00   1.6020000e+03
   9.0000000e+00   1.1630000e+03   5.4511100e+02   7.3589900e+02   3.2200000e+02   1.0000000e+00   6.9080000e+03
   9.0000000e+00   1.1640000e+03   5.2977900e+02   7.4271300e+02   3.2200000e+02   1.0000000e+00   6.9080000e+03
   9.0000000e+00   1.1650000e+03   5.3602500e+02   7.2681400e+02   3.2200000e+02   1.0000000e+00   6.9080000e+03
   9.0000000e+00   1.1660000e+03   5.0820200e+02   7.4782400e+02   3.2200000e+02   1.0000000e+00   6.9080000e+03
   9.0000000e+00   1.1670000e+03   5.0706600e+02   7.2000000e+02   3.2200000e+02   1.0000000e+00   6.9080000e+03
   9.0000000e+00   1.1680000e+03   5.6782400e+02   7.2624600e+02   3.2000000e+02   1.0000000e+00   6.9080000e+03
   9.0000000e+00   1.1690000e+03   4.5766600e+02   7.0296600e+02   3.2000000e+02   1.0000000e+00   6.9090000e+03
   9.0000000e+00   1.1700000e+03   4.6845400e+02   7.2000000e+02   3.2000000e+02   1.0000000e+00   6.9090000e+03
   9.0000000e+00   1.1710000e+03   6.2441700e+02   7.9211400e+02   3.2300000e+02   1.0000000e+00   6.9200000e+03
   9.0000000e+00   1.1720000e+03   6.1836000e+02   7.8302900e+02   3.2300000e+02   1.0000000e+00   6.9200000e+03
   9.0000000e+00   1.1730000e+03   6.2668800e+02   8.3451100e+02   3.2300000e+02   1.0000000e+00   6.9200000e+03
   9.0000000e+00   1.1740000e+03   6.1684600e+02   8.4132500e+02   3.2300000e+02   1.0000000e+00   6.9200000e+03
   9.0000000e+00   1.1750000e+03   5.9375400e+02   8.3943300e+02   3.2300000e+02   1.0000000e+00   6.9210000e+03
   9.0000000e+00   1.1760000e+03   6.1873800e+02   7.8302900e+02   3.1500000e+02   1.0000000e+00   6.9200000e+03
   9.0000000e+00   1.1770000e+03   6.1665600e+02   7.9949600e+02   2.9700000e+02   3.0000000e+00   6.9200000e+03
   9.0000000e+00   1.1780000e+03   6.4504800e+02   7.9116800e+02   2.8800000e+02   1.0000000e+00   6.9200000e+03
   9.0000000e+00   1.1790000e+03   6.5186100e+02   8.0025300e+02   2.8800000e+02   1.0000000e+00   6.9200000e+03
   9.0000000e+00   1.1800000e+03   6.0037900e+02   8.0214500e+02   2.8600000e+02   3.0000000e+00   6.9170000e+03
   9.0000000e+00   1.1810000e+03   6.0492100e+02   7.8851800e+02   2.8300000e+02   3.0000000e+00   5.2200000e+03
   9.0000000e+00   1.1820000e+03   5.8675100e+02   7.7867500e+02   2.7300000e+02   4.0000000e+00   5.2170000e+03
   9.0000000e+00   1.1830000e+03   6.1438500e+02   8.2183000e+02   3.1800000e+02   1.0000000e+00   6.9210000e+03
   9.0000000e+00   1.1840000e+03   5.9583600e+02   8.3810800e+02   3.2100000e+02   1.0000000e+00   6.9210000e+03
   9.0000000e+00   1.1850000e+03   5.8637200e+02   8.4908600e+02   3.1600000e+02   1.0000000e+00   6.9210000e+03
   9.0000000e+00   1.1860000e+03   6.1892800e+02   8.3507900e+02   3.1400000e+02   1.0000000e+00   6.9210000e+03
   9.0000000e+00   1.1870000e+03   6.0605700e+02   8.2902200e+02   3.1300000e+02   1.0000000e+00   6.9210000e+03
   9.0000000e+00   1.1880000e+03   6.2082000e+02   8.5249200e+02   3.1100000e+02   1.0000000e+00   6.9210000e+03
   9.0000000e+00   1.1890000e+03   6.0795000e+02   8.5211400e+02   3.0600000e+02   1.0000000e+00   6.9210000e+03
   9.0000000e+00   1.1900000e+03   6.2082000e+02   8.5362800e+02   3.0500000e+02   1.0000000e+00   6.9210000e+03
   9.0000000e+00   1.1910000e+03   6.1135700e+02   8.3280800e+02   3.0700000e+02   1.0000000e+00   6.9210000e+03
   9.0000000e+00   1.1940000e+03   5.9924300e+02   8.4454300e+02   2.9500000e+02   1.0000000e+00   6.9210000e+03
   9.0000000e+00   1.1950000e+03   6.1817100e+02   8.5552100e+02   2.9500000e+02   1.0000000e+00   6.9210000e+03
   9.0000000e+00   1.1960000e+03   6.0416400e+02   8.4454300e+02   2.7400000e+02   1.0000000e+00   5.2430000e+03
   9.0000000e+00   1.1970000e+03   6.4201900e+02   8.1690900e+02   2.7000000e+02   1.0000000e+00   5.2430000e+03
   9.0000000e+00   1.1980000e+03   6.1022100e+02   8.4378600e+02   2.6700000e+02   1.0000000e+00   5.2430000e+03
   9.0000000e+00   1.1990000e+03   6.1817100e+02   8.3772900e+02   2.6700000e+02   1.0000000e+00   5.2430000e+03
   9.0000000e+00   1.2000000e+03   6.3293400e+02   8.0820200e+02   2.6400000e+02   1.0000000e+00   5.2430000e+03
   9.0000000e+00   1.2010000e+03   6.3293400e+02   8.2258700e+02   2.6400000e+02   1.0000000e+00   5.2430000e+03
   9.0000000e+00   1.2020000e+03   6.0037900e+02   8.4340700e+02   2.6400000e+02   1.0000000e+00   5.2430000e+03
   9.0000000e+00   1.2030000e+03   6.1022100e+02   8.4189300e+02   2.6000000e+02   1.0000000e+00   5.2430000e+03
   9.0000000e+00   1.2040000e+03   6.4050500e+02   8.1501600e+02   2.5600000e+02   1.0000000e+00   5.2430000e+03
   9.0000000e+00   1.2050000e+03   6.0151400e+02   8.1236600e+02   2.4500000e+02   1.0000000e+00   5.2430000e+03
   9.0000000e+00   1.2060000e+03   6.1022100e+02   8.1577300e+02   2.4500000e+02   1.0000000e+00   5.2430000e+03
   9.0000000e+00   1.2070000e+03   6.0302900e+02   8.1236600e+02   2.3100000e+02   1.0000000e+00   5.2430000e+03
   9.0000000e+00   1.2080000e+03   5.9848600e+02   8.1577300e+02   2.2300000e+02   1.0000000e+00   6.9310000e+03
   9.0000000e+00   1.2090000e+03   5.8296500e+02   8.2183000e+02   2.2300000e+02   1.0000000e+00   6.9310000e+03
   9.0000000e+00   1.2100000e+03   5.7160900e+02   8.0971600e+02   2.1200000e+02   1.0000000e+00   6.9310000e+03
   9.0000000e+00   1.2120000e+03   5.8485800e+02   8.0933800e+02   2.0300000e+02   1.0000000e+00   6.9310000e+03
   9.0000000e+00   1.2130000e+03   5.8788700e+02   7.9571000e+02   2.0300000e+02   1.0000000e+00   6.9310000e+03
   9.0000000e+00   1.2140000e+03   5.8220800e+02   7.8927500e+02   2.0300000e+02   1.0000000e+00   6.9310000e+03
   9.0000000e+00   1.2150000e+03   5.3451100e+02   7.9306000e+02   1.9000000e+02   1.0000000e+00   6.9310000e+03
   9.0000000e+00   1.2160000e+03   5.4624600e+02   7.8889600e+02   1.9000000e+02   1.0000000e+00   6.9310000e+03
   9.0000000e+00   1.2190000e+03   6.2082000e+02   7.8548900e+02   2.2400000e+02   2.0000000e+00   5.2430000e+03
   9.0000000e+00   1.2200000e+03   6.2422700e+02   7.9798100e+02   2.2400000e+02   2.0000000e+00   5.2430000e+03
   9.0000000e+00   1.2210000e+03   6.2990600e+02   7.5482700e+02   2.4200000e+02   1.0000000e+00   5.2430000e+03
   9.0000000e+00   1.2220000e+03   6.3331300e+02   7.6201900e+02   2.4200000e+02   1.0000000e+00   5.2430000e+03
   9.0000000e+00   1.2230000e+03   6.2612000e+02   7.6353300e+02   2.4200000e+02   1.0000000e+00   5.2430000e+03
   9.0000000e+00   1.2240000e+03   5.7690900e+02   7.6618300e+02   2.4400000e+02   1.0000000e+00   5.2430000e+03
   9.0000000e+00   1.2250000e+03   6.3142000e+02   7.8473200e+02   2.4500000e+02   3.0000000e+00   5.2430000e+03
   9.0000000e+00   1.2260000e+03   6.0567800e+02   7.8548900e+02   2.5000000e+02   3.0000000e+00   5.2430000e+03
   9.0000000e+00   1.2270000e+03   6.4618300e+02   7.7110400e+02   2.5800000e+02   3.0000000e+00   6.9360000e+03
   9.0000000e+00   1.2280000e+03   6.3634100e+02   7.5104100e+02   2.8300000e+02   1.0000000e+00   5.2270000e+03
   9.0000000e+00   1.2290000e+03   6.3558400e+02   7.5861200e+02   2.8000000e+02   1.0000000e+00   5.2270000e+03
   9.0000000e+00   1.2300000e+03   6.3028400e+02   7.6542600e+02   2.7300000e+02   1.0000000e+00   6.9360000e+03
   9.0000000e+00   1.2310000e+03   6.0870700e+02   7.6353300e+02   2.7000000e+02   1.0000000e+00   5.2270000e+03
   9.0000000e+00   1.2320000e+03   6.0189300e+02   7.5709800e+02   2.6600000e+02   1.0000000e+00   5.2270000e+03
   9.0000000e+00   1.2330000e+03   6.1741300e+02   7.5331300e+02   2.6600000e+02   3.0000000e+00   5.2270000e+03
   9.0000000e+00   1.2340000e+03   6.3671900e+02   7.6315500e+02   2.6600000e+02   3.0000000e+00   5.2270000e+03
   9.0000000e+00   1.2350000e+03   6.3974800e+02   7.6391200e+02   2.6400000e+02   3.0000000e+00   5.2270000e+03
   9.0000000e+00   1.2360000e+03   6.0908500e+02   7.5936900e+02   2.6100000e+02   1.0000000e+00   5.2270000e+03
   9.0000000e+00   1.2370000e+03   6.2914800e+02   7.4347000e+02   2.5900000e+02   1.0000000e+00   5.2270000e+03
   9.0000000e+00   1.2380000e+03   6.0227100e+02   7.5293400e+02   2.6300000e+02   1.0000000e+00   6.9360000e+03
   9.0000000e+00   1.2390000e+03   6.2195600e+02   7.6239800e+02   2.6100000e+02   3.0000000e+00   6.9360000e+03
   9.0000000e+00   1.2400000e+03   6.0908500e+02   7.6542600e+02   2.6600000e+02   1.0000000e+00   6.9360000e+03
   9.0000000e+00   1.2410000e+03   5.8220800e+02   7.8473200e+02   2.5500000e+02   1.0000000e+00   5.2430000e+03
   9.0000000e+00   1.2420000e+03   5.3489000e+02   8.3205100e+02   3.1700000e+02   1.0000000e+00   6.9500000e+03
   9.0000000e+00   1.2430000e+03   5.1407000e+02   8.3280800e+02   3.1700000e+02   1.0000000e+00   6.9500000e+03
   9.0000000e+00   1.2440000e+03   5.0460600e+02   8.3242900e+02   2.9400000e+02   2.0000000e+00   6.9500000e+03
   9.0000000e+00   1.2450000e+03   5.0157700e+02   8.3810800e+02   2.9400000e+02   2.0000000e+00   6.9500000e+03
   9.0000000e+00   1.2460000e+03   5.1066300e+02   8.7558400e+02   2.8300000e+02   1.0000000e+00   6.9490000e+03
   9.0000000e+00   1.2470000e+03   5.0877000e+02   8.7293400e+02   2.7800000e+02   1.0000000e+00   5.2390000e+03
   9.0000000e+00   1.2480000e+03   5.0271300e+02   8.6271300e+02   2.8200000e+02   3.0000000e+00   6.9500000e+03
   9.0000000e+00   1.2490000e+03   5.0271300e+02   8.6914900e+02   2.7300000e+02   1.0000000e+00   5.2390000e+03
   9.0000000e+00   1.2500000e+03   5.3489000e+02   8.3091500e+02   2.8200000e+02   3.0000000e+00   6.9500000e+03
   9.0000000e+00   1.2510000e+03   5.4586800e+02   8.2675100e+02   2.8200000e+02   3.0000000e+00   6.9480000e+03
   9.0000000e+00   1.2520000e+03   5.4889600e+02   8.1463800e+02   2.8900000e+02   3.0000000e+00   5.2360000e+03
   9.0000000e+00   1.2530000e+03   5.4359600e+02   7.9949600e+02   2.8900000e+02   3.0000000e+00   5.2360000e+03
   9.0000000e+00   1.2540000e+03   5.3299700e+02   8.3280800e+02   2.8600000e+02   3.0000000e+00   6.9500000e+03
   9.0000000e+00   1.2550000e+03   5.0044200e+02   8.5741400e+02   2.8700000e+02   1.0000000e+00   6.9500000e+03
   9.0000000e+00   1.2560000e+03   5.0044200e+02   8.5741400e+02   2.8700000e+02   1.0000000e+00   6.9500000e+03
   9.0000000e+00   1.2570000e+03   5.1407000e+02   7.7829700e+02   2.7600000e+02   1.0000000e+00   5.1960000e+03
   9.0000000e+00   1.2580000e+03   5.1293400e+02   7.9078900e+02   2.8000000e+02   2.0000000e+00   5.1960000e+03
   9.0000000e+00   1.2590000e+03   5.2164100e+02   7.8208200e+02   2.8200000e+02   1.0000000e+00   5.1960000e+03
   9.0000000e+00   1.2600000e+03   5.2504800e+02   7.7299700e+02   2.8200000e+02   1.0000000e+00   5.1960000e+03
   9.0000000e+00   1.2610000e+03   5.1217700e+02   7.6466900e+02   2.8400000e+02   1.0000000e+00   5.1960000e+03
   9.0000000e+00   1.2620000e+03   5.1104100e+02   7.9571000e+02   2.8900000e+02   2.0000000e+00   5.1960000e+03
   9.0000000e+00   1.2630000e+03   5.1331200e+02   7.7829700e+02   2.9100000e+02   1.0000000e+00   5.1960000e+03
   9.0000000e+00   1.2640000e+03   5.1861200e+02   7.9116800e+02   3.1000000e+02   1.0000000e+00   5.1960000e+03
   9.0000000e+00   1.2650000e+03   5.1217700e+02   8.0441700e+02   3.0100000e+02   1.0000000e+00   5.1960000e+03
   9.0000000e+00   1.2660000e+03   4.4063100e+02   8.4492100e+02   3.1100000e+02   1.0000000e+00   6.9520000e+03
   9.0000000e+00   1.2670000e+03   4.2889600e+02   8.4946400e+02   3.1100000e+02   1.0000000e+00   6.9520000e+03
   9.0000000e+00   1.2680000e+03   4.2018900e+02   8.4037900e+02   3.1100000e+02   1.0000000e+00   6.9520000e+03
   9.0000000e+00   1.2690000e+03   4.3306000e+02   8.3735000e+02   3.1100000e+02   1.0000000e+00   6.9520000e+03
   9.0000000e+00   1.2700000e+03   4.3154600e+02   8.5514200e+02   3.0400000e+02   1.0000000e+00   6.9520000e+03
   9.0000000e+00   1.2710000e+03   4.0883300e+02   8.4416400e+02   3.0400000e+02   1.0000000e+00   6.9520000e+03
   9.0000000e+00   1.2720000e+03   4.1261800e+02   8.3697200e+02   3.0400000e+02   1.0000000e+00   6.9520000e+03
   9.0000000e+00   1.2730000e+03   4.3722400e+02   8.4681400e+02   2.9900000e+02   2.0000000e+00   6.9520000e+03
   9.0000000e+00   1.2740000e+03   4.4101000e+02   8.3432200e+02   2.9900000e+02   2.0000000e+00   6.9520000e+03
   9.0000000e+00   1.2750000e+03   4.5047300e+02   8.4832800e+02   2.7900000e+02   2.0000000e+00   6.9520000e+03
   9.0000000e+00   1.2760000e+03   4.6258700e+02   8.4037900e+02   2.7400000e+02   1.0000000e+00   6.9520000e+03
   9.0000000e+00   1.2770000e+03   4.5615200e+02   8.4605700e+02   2.7200000e+02   1.0000000e+00   6.9520000e+03
   9.0000000e+00   1.2780000e+03   4.5198800e+02   8.5817100e+02   2.7200000e+02   1.0000000e+00   6.9520000e+03
   9.0000000e+00   1.2790000e+03   4.4479500e+02   8.3848600e+02   2.7200000e+02   2.0000000e+00   6.9520000e+03
   9.0000000e+00   1.2800000e+03   4.4971600e+02   8.5476400e+02   2.6800000e+02   1.0000000e+00   6.9520000e+03
   9.0000000e+00   1.2810000e+03   4.6107300e+02   8.4643600e+02   2.6400000e+02   1.0000000e+00   6.9520000e+03
   9.0000000e+00   1.2820000e+03   4.4668800e+02   8.5589900e+02   2.6400000e+02   1.0000000e+00   6.9520000e+03
   9.0000000e+00   1.2830000e+03   4.4555200e+02   8.5514200e+02   2.5800000e+02   1.0000000e+00   6.9520000e+03
   9.0000000e+00   1.2840000e+03   4.4668800e+02   8.2145100e+02   2.5200000e+02   1.0000000e+00   6.9510000e+03
   9.0000000e+00   1.2850000e+03   4.4365900e+02   8.2826500e+02   2.4600000e+02   1.0000000e+00   6.9510000e+03
   9.0000000e+00   1.2860000e+03   4.1526800e+02   8.4757100e+02   2.4000000e+02   1.0000000e+00   6.9510000e+03
   9.0000000e+00   1.2870000e+03   4.2246100e+02   8.5022100e+02   2.4400000e+02   1.0000000e+00   6.9510000e+03
   9.0000000e+00   1.2880000e+03   4.1261800e+02   8.0593100e+02   2.5200000e+02   1.0000000e+00   6.9560000e+03
   9.0000000e+00   1.2890000e+03   4.1943200e+02   8.0706700e+02   2.5200000e+02   1.0000000e+00   6.9560000e+03
   9.0000000e+00   1.2900000e+03   3.7249200e+02   8.2713000e+02   2.3700000e+02   1.0000000e+00   6.9550000e+03
   9.0000000e+00   1.2910000e+03   3.6265000e+02   8.3091500e+02   2.3700000e+02   1.0000000e+00   6.9550000e+03
   9.0000000e+00   1.2920000e+03   3.6908500e+02   8.4000000e+02   2.4000000e+02   1.0000000e+00   6.9550000e+03
   9.0000000e+00   1.2930000e+03   3.7438500e+02   8.4151500e+02   2.5200000e+02   1.0000000e+00   6.9550000e+03
   9.0000000e+00   1.2940000e+03   3.7703500e+02   8.1236600e+02   2.5000000e+02   3.0000000e+00   6.9550000e+03
   9.0000000e+00   1.2970000e+03   3.6340700e+02   8.3810800e+02   2.6000000e+02   1.0000000e+00   6.9550000e+03
   9.0000000e+00   1.2980000e+03   4.1962200e+02   7.9665600e+02   2.9900000e+02   2.0000000e+00   6.9520000e+03
   9.0000000e+00   1.2990000e+03   4.0826500e+02   7.7810800e+02   2.7900000e+02   1.0000000e+00   6.9520000e+03
   9.0000000e+00   1.3000000e+03   4.0410100e+02   7.9514200e+02   2.7200000e+02   1.0000000e+00   6.9520000e+03
   9.0000000e+00   1.3010000e+03   3.8593100e+02   7.8000000e+02   3.0300000e+02   1.0000000e+00   6.9620000e+03
   9.0000000e+00   1.3020000e+03   3.7760300e+02   7.8075700e+02   2.9900000e+02   1.0000000e+00   6.9620000e+03
   9.0000000e+00   1.3030000e+03   3.7306000e+02   7.7394400e+02   2.9900000e+02   1.0000000e+00   6.9620000e+03
   9.0000000e+00   1.3040000e+03   3.8403800e+02   7.7735000e+02   2.8400000e+02   1.0000000e+00   6.9620000e+03
   9.0000000e+00   1.3050000e+03   3.5640400e+02   8.1482700e+02   2.7300000e+02   1.0000000e+00   6.9620000e+03
   9.0000000e+00   1.3060000e+03   3.5375400e+02   7.9741400e+02   2.8200000e+02   1.0000000e+00   6.9620000e+03
   9.0000000e+00   1.3070000e+03   3.5905400e+02   8.1747700e+02   2.8200000e+02   1.0000000e+00   6.9620000e+03
   9.0000000e+00   1.3080000e+03   3.9918000e+02   7.9968500e+02   2.8200000e+02   1.0000000e+00   6.9620000e+03
   9.0000000e+00   1.3090000e+03   3.9123000e+02   8.1028400e+02   2.8200000e+02   1.0000000e+00   6.9620000e+03
   9.0000000e+00   1.3100000e+03   3.4580500e+02   8.0574200e+02   2.8700000e+02   1.0000000e+00   6.9620000e+03
   9.0000000e+00   1.3110000e+03   3.8025300e+02   8.2088400e+02   2.9200000e+02   1.0000000e+00   6.9620000e+03
   9.0000000e+00   1.3120000e+03   3.8933800e+02   8.1936900e+02   2.9200000e+02   1.0000000e+00   6.9620000e+03
   9.0000000e+00   1.3130000e+03   3.9350200e+02   8.1444800e+02   2.9200000e+02   1.0000000e+00   6.9620000e+03
   9.0000000e+00   1.3140000e+03   3.9615200e+02   7.9930600e+02   2.9600000e+02   1.0000000e+00   6.9620000e+03
   9.0000000e+00   1.3160000e+03   3.5224000e+02   8.1142000e+02   2.9300000e+02   1.0000000e+00   6.9620000e+03
   9.0000000e+00   1.3170000e+03   3.4769700e+02   8.1369100e+02   2.9300000e+02   1.0000000e+00   6.9620000e+03
   9.0000000e+00   1.3180000e+03   4.8586800e+02   7.6448000e+02   3.1600000e+02   1.0000000e+00   5.1950000e+03
   9.0000000e+00   1.3190000e+03   4.9041000e+02   7.5918000e+02   3.0600000e+02   3.0000000e+00   5.1950000e+03
   9.0000000e+00   1.3200000e+03   4.8927500e+02   7.6069400e+02   2.9600000e+02   3.0000000e+00   5.1950000e+03
   9.0000000e+00   1.3210000e+03   4.9533100e+02   7.5653000e+02   2.8200000e+02   1.0000000e+00   5.1950000e+03
   9.0000000e+00   1.3220000e+03   4.8397500e+02   7.1224000e+02   3.1600000e+02   1.0000000e+00   6.9090000e+03
   9.0000000e+00   1.3230000e+03   4.8511100e+02   7.2359700e+02   3.1600000e+02   1.0000000e+00   6.9090000e+03
   9.0000000e+00   1.3240000e+03   4.5142000e+02   7.2208200e+02   3.1600000e+02   1.0000000e+00   6.9090000e+03
   9.0000000e+00   1.3250000e+03   4.5861200e+02   7.1564700e+02   3.0700000e+02   1.0000000e+00   6.9090000e+03
   9.0000000e+00   1.3260000e+03   4.5823400e+02   7.0845500e+02   3.0700000e+02   1.0000000e+00   6.9090000e+03
   9.0000000e+00   1.3270000e+03   4.6466900e+02   7.0883300e+02   3.0700000e+02   1.0000000e+00   6.9090000e+03
   9.0000000e+00   1.3280000e+03   4.7754000e+02   7.2889600e+02   3.0200000e+02   2.0000000e+00   6.9090000e+03
   9.0000000e+00   1.3290000e+03   4.8321800e+02   7.2397500e+02   3.0200000e+02   1.0000000e+00   6.9090000e+03
   9.0000000e+00   1.3300000e+03   4.8851700e+02   7.0353300e+02   3.0100000e+02   2.0000000e+00   6.9090000e+03
   9.0000000e+00   1.3310000e+03   4.9381700e+02   7.0845500e+02   2.9700000e+02   2.0000000e+00   6.9090000e+03
   9.0000000e+00   1.3320000e+03   4.7716100e+02   7.0353300e+02   2.9500000e+02   3.0000000e+00   6.9090000e+03
   9.0000000e+00   1.3330000e+03   4.5974800e+02   7.1526800e+02   2.9500000e+02   1.0000000e+00   6.9090000e+03
   9.0000000e+00   1.3340000e+03   4.6126200e+02   7.0580500e+02   2.9500000e+02   1.0000000e+00   6.9090000e+03
   9.0000000e+00   1.3350000e+03   5.0176700e+02   7.2662500e+02   2.8500000e+02   1.0000000e+00   5.2050000e+03
   9.0000000e+00   1.3360000e+03   4.8586800e+02   7.0959000e+02   2.8900000e+02   3.0000000e+00   6.9090000e+03
   9.0000000e+00   1.3370000e+03   4.8889600e+02   7.1754000e+02   2.8900000e+02   3.0000000e+00   6.9060000e+03
   9.0000000e+00   1.3380000e+03   4.8056800e+02   7.2283900e+02   2.8700000e+02   3.0000000e+00   6.9060000e+03
   9.0000000e+00   1.3390000e+03   4.7829700e+02   7.0807600e+02   2.8500000e+02   3.0000000e+00   6.9060000e+03
   9.0000000e+00   1.3400000e+03   4.8094700e+02   7.3949600e+02   2.8000000e+02   3.0000000e+00   5.2050000e+03
   9.0000000e+00   1.3410000e+03   4.8813900e+02   7.3533200e+02   2.7400000e+02   2.0000000e+00   5.2050000e+03
   9.0000000e+00   1.3420000e+03   4.8738200e+02   7.3646700e+02   2.6900000e+02   2.0000000e+00   5.2050000e+03
   9.0000000e+00   1.3430000e+03   5.0479500e+02   7.3419600e+02   2.7300000e+02   3.0000000e+00   5.2050000e+03
   9.0000000e+00   1.3440000e+03   4.7716100e+02   7.3987400e+02   2.7600000e+02   3.0000000e+00   5.2050000e+03
   9.0000000e+00   1.3450000e+03   5.0328100e+02   7.4328100e+02   2.7700000e+02   1.0000000e+00   5.2050000e+03
   9.0000000e+00   1.3470000e+03   5.2145100e+02   7.3949600e+02   2.8400000e+02   3.0000000e+00   5.2050000e+03
   9.0000000e+00   1.3480000e+03   5.2296500e+02   7.3836000e+02   2.9000000e+02   3.0000000e+00   6.9640000e+03
   9.0000000e+00   1.3490000e+03   5.3470100e+02   7.3949600e+02   2.9000000e+02   3.0000000e+00   6.9640000e+03
   9.0000000e+00   1.3500000e+03   5.4492100e+02   7.3949600e+02   2.9000000e+02   3.0000000e+00   6.9640000e+03
   9.0000000e+00   1.3510000e+03   5.3886500e+02   7.3003200e+02   2.9000000e+02   3.0000000e+00   6.9640000e+03
   9.0000000e+00   1.3520000e+03   5.4795000e+02   7.2776100e+02   2.9000000e+02   3.0000000e+00   6.9640000e+03
   9.0000000e+00   1.3530000e+03   5.5211400e+02   7.2624600e+02   2.9600000e+02   3.0000000e+00   6.9640000e+03
   9.0000000e+00   1.3540000e+03   5.3924300e+02   7.2927500e+02   3.0100000e+02   3.0000000e+00   6.9640000e+03
   9.0000000e+00   1.3550000e+03   5.3091500e+02   7.2965300e+02   3.0100000e+02   2.0000000e+00   6.9080000e+03
   9.0000000e+00   1.3560000e+03   5.4946400e+02   7.3078900e+02   3.0600000e+02   3.0000000e+00   6.9080000e+03
   9.0000000e+00   1.3570000e+03   5.4530000e+02   7.0921200e+02   3.1400000e+02   1.0000000e+00   6.9080000e+03
   9.0000000e+00   1.3580000e+03   5.5211400e+02   7.0807600e+02   3.1400000e+02   1.0000000e+00   6.9080000e+03
   9.0000000e+00   1.3590000e+03   5.4113600e+02   7.1545800e+02   3.1000000e+02   1.0000000e+00   6.9080000e+03
   9.0000000e+00   1.3600000e+03   5.3914800e+02   7.0722400e+02   3.1000000e+02   1.0000000e+00   6.9080000e+03
   9.0000000e+00   1.3610000e+03   5.3858100e+02   7.0921200e+02   3.0200000e+02   1.0000000e+00   6.9080000e+03
   9.0000000e+00   1.3620000e+03   5.4567800e+02   7.0268200e+02   2.9900000e+02   1.0000000e+00   6.9080000e+03
   9.0000000e+00   1.3630000e+03   5.3801300e+02   7.0012600e+02   2.9900000e+02   1.0000000e+00   6.9080000e+03
   9.0000000e+00   1.3640000e+03   5.4823400e+02   7.1574200e+02   2.9300000e+02   1.0000000e+00   6.9080000e+03
   9.0000000e+00   1.3650000e+03   5.4851800e+02   7.1233500e+02   2.9600000e+02   1.0000000e+00   6.9080000e+03
   9.0000000e+00   1.3660000e+03   5.6782400e+02   7.2851800e+02   3.2000000e+02   1.0000000e+00   6.9080000e+03
   9.0000000e+00   1.3670000e+03   5.6668800e+02   7.1943200e+02   3.1000000e+02   1.0000000e+00   6.9080000e+03
   9.0000000e+00   1.3680000e+03   5.6129400e+02   7.3334400e+02   3.0300000e+02   1.0000000e+00   6.9080000e+03
   9.0000000e+00   1.3690000e+03   5.5817100e+02   7.2596200e+02   3.0200000e+02   1.0000000e+00   6.9080000e+03
   9.0000000e+00   1.3700000e+03   5.6924300e+02   7.3220800e+02   3.0200000e+02   1.0000000e+00   6.9080000e+03
   9.0000000e+00   1.3710000e+03   5.5817100e+02   7.2539500e+02   2.9500000e+02   1.0000000e+00   6.9080000e+03
   9.0000000e+00   1.3720000e+03   5.6583600e+02   7.2851800e+02   2.9500000e+02   1.0000000e+00   6.9080000e+03
   9.0000000e+00   1.3730000e+03   5.7179800e+02   7.3022100e+02   2.9800000e+02   1.0000000e+00   6.9080000e+03
   9.0000000e+00   1.3740000e+03   5.5930600e+02   7.3334400e+02   3.0200000e+02   1.0000000e+00   6.9080000e+03
   9.0000000e+00   1.3750000e+03   5.4738200e+02   7.2482700e+02   3.1200000e+02   1.0000000e+00   6.9080000e+03
   9.0000000e+00   1.3760000e+03   5.4738200e+02   7.2397500e+02   3.0400000e+02   1.0000000e+00   6.9080000e+03
   9.0000000e+00   1.3770000e+03   5.4142000e+02   7.4186100e+02   3.2400000e+02   1.0000000e+00   6.9080000e+03
   9.0000000e+00   1.3780000e+03   5.4113600e+02   7.3277600e+02   3.1900000e+02   1.0000000e+00   6.9080000e+03
   9.0000000e+00   1.3790000e+03   5.4113600e+02   7.3277600e+02   3.1900000e+02   1.0000000e+00   6.9080000e+03
   9.0000000e+00   1.3800000e+03   5.2750800e+02   7.4186100e+02   3.1800000e+02   1.0000000e+00   6.9080000e+03
   9.0000000e+00   1.3810000e+03   5.3290200e+02   7.2823400e+02   3.1400000e+02   1.0000000e+00   6.9080000e+03
   9.0000000e+00   1.3830000e+03   5.3006300e+02   7.5832800e+02   2.7700000e+02   1.0000000e+00   6.9640000e+03
   9.0000000e+00   1.3840000e+03   5.2211400e+02   7.6003200e+02   2.7700000e+02   1.0000000e+00   6.9640000e+03
   9.0000000e+00   1.3850000e+03   5.2552100e+02   7.6429100e+02   2.8300000e+02   1.0000000e+00   6.9640000e+03
   9.0000000e+00   1.3860000e+03   5.2466900e+02   7.5037900e+02   2.8700000e+02   1.0000000e+00   6.9640000e+03
   9.0000000e+00   1.3870000e+03   5.3063100e+02   7.6372300e+02   2.8700000e+02   1.0000000e+00   6.9640000e+03
   9.0000000e+00   1.3880000e+03   5.3176700e+02   7.5321800e+02   2.9100000e+02   1.0000000e+00   6.9640000e+03
   9.0000000e+00   1.3890000e+03   5.2154600e+02   7.5690900e+02   2.9600000e+02   2.0000000e+00   6.9640000e+03
   9.0000000e+00   1.3900000e+03   5.1501600e+02   7.5179800e+02   2.9600000e+02   2.0000000e+00   6.9640000e+03
   9.0000000e+00   1.3910000e+03   5.2012600e+02   7.4328100e+02   2.9600000e+02   2.0000000e+00   6.9640000e+03
   9.0000000e+00   1.3920000e+03   5.3602500e+02   7.4697200e+02   2.9500000e+02   3.0000000e+00   6.9640000e+03
   9.0000000e+00   1.3930000e+03   5.4482700e+02   7.3930600e+02   2.9400000e+02   3.0000000e+00   6.9640000e+03
   9.0000000e+00   1.3940000e+03   5.2892800e+02   7.6798100e+02   3.2100000e+02   1.0000000e+00   6.9080000e+03
   9.0000000e+00   1.3950000e+03   5.2892800e+02   7.6230300e+02   3.2100000e+02   1.0000000e+00   6.9080000e+03
   9.0000000e+00   1.3960000e+03   5.1984200e+02   7.6031600e+02   3.2100000e+02   1.0000000e+00   6.9080000e+03
   9.0000000e+00   1.3970000e+03   5.2495300e+02   7.5321800e+02   3.1900000e+02   1.0000000e+00   6.9080000e+03
   9.0000000e+00   1.3980000e+03   5.2608900e+02   7.7309200e+02   3.1400000e+02   1.0000000e+00   6.9080000e+03
   9.0000000e+00   1.3990000e+03   5.2296500e+02   7.5435400e+02   3.1000000e+02   2.0000000e+00   6.9080000e+03
   9.0000000e+00   1.4000000e+03   5.2665600e+02   7.4924300e+02   3.1000000e+02   2.0000000e+00   6.9080000e+03
   9.0000000e+00   1.4010000e+03   5.2211400e+02   7.6315500e+02   3.0300000e+02   1.0000000e+00   6.9080000e+03
   9.0000000e+00   1.4020000e+03   5.1955900e+02   7.6798100e+02   3.0300000e+02   1.0000000e+00   6.9080000e+03
   9.0000000e+00   1.4030000e+03   5.3063100e+02   7.6429100e+02   3.0300000e+02   1.0000000e+00   6.9080000e+03
   9.0000000e+00   1.4040000e+03   5.3801300e+02   7.6031600e+02   3.0300000e+02   1.0000000e+00   6.9080000e+03
   9.0000000e+00   1.4050000e+03   5.3403800e+02   7.7167200e+02   2.9700000e+02   1.0000000e+00   6.9080000e+03
   9.0000000e+00   1.4060000e+03   5.1785500e+02   7.6854900e+02   2.9400000e+02   1.0000000e+00   6.9080000e+03
   9.0000000e+00   1.4070000e+03   5.1530000e+02   7.4356500e+02   3.2000000e+02   1.0000000e+00   6.9080000e+03
   9.0000000e+00   1.4080000e+03   5.0422700e+02   7.5066300e+02   3.2000000e+02   1.0000000e+00   6.9080000e+03
   9.0000000e+00   1.4090000e+03   5.0763400e+02   7.4072600e+02   3.1200000e+02   1.0000000e+00   6.9080000e+03
   9.0000000e+00   1.4100000e+03   5.1586800e+02   7.3817100e+02   3.1200000e+02   1.0000000e+00   6.9080000e+03
   9.0000000e+00   1.4110000e+03   5.0593100e+02   7.4583600e+02   3.1100000e+02   1.0000000e+00   6.9080000e+03
   9.0000000e+00   1.4120000e+03   5.1217700e+02   7.5407000e+02   3.1000000e+02   2.0000000e+00   6.9080000e+03
   9.0000000e+00   1.4130000e+03   5.1246100e+02   7.2936900e+02   3.1600000e+02   1.0000000e+00   6.9080000e+03
   9.0000000e+00   1.4140000e+03   5.1274500e+02   7.1858100e+02   3.1900000e+02   1.0000000e+00   6.9080000e+03
   9.0000000e+00   1.4150000e+03   4.9741300e+02   7.1517400e+02   3.1400000e+02   1.0000000e+00   6.9080000e+03
   9.0000000e+00   1.4160000e+03   4.9996900e+02   7.1205100e+02   3.0900000e+02   1.0000000e+00   6.9080000e+03
   9.0000000e+00   1.4170000e+03   5.0877000e+02   7.1659300e+02   3.0600000e+02   2.0000000e+00   6.9080000e+03
   9.0000000e+00   1.4180000e+03   5.1444800e+02   7.0410100e+02   3.0600000e+02   2.0000000e+00   6.9080000e+03
   9.0000000e+00   1.4190000e+03   5.1728700e+02   7.1205100e+02   3.0100000e+02   3.0000000e+00   6.9080000e+03
   9.0000000e+00   1.4200000e+03   5.1530000e+02   7.0268200e+02   3.0100000e+02   3.0000000e+00   6.9080000e+03
   9.0000000e+00   1.4210000e+03   5.0990600e+02   7.0012600e+02   3.0900000e+02   2.0000000e+00   6.9080000e+03
   9.0000000e+00   1.4220000e+03   5.0905400e+02   6.9104100e+02   3.0600000e+02   1.0000000e+00   6.9080000e+03
   9.0000000e+00   1.4230000e+03   5.2836000e+02   7.0183000e+02   2.5500000e+02   1.0000000e+00   6.9650000e+03
   9.0000000e+00   1.4240000e+03   5.3602500e+02   7.1290200e+02   2.5500000e+02   1.0000000e+00   6.9650000e+03
   9.0000000e+00   1.4250000e+03   5.3489000e+02   7.0523700e+02   2.6100000e+02   1.0000000e+00   6.9650000e+03
   9.0000000e+00   1.4260000e+03   5.3829700e+02   7.1574200e+02   2.6100000e+02   1.0000000e+00   6.9650000e+03
   9.0000000e+00   1.4270000e+03   5.4056800e+02   7.0466900e+02   2.6600000e+02   1.0000000e+00   6.9650000e+03
   9.0000000e+00   1.4280000e+03   4.9684600e+02   7.0381700e+02   2.6600000e+02   1.0000000e+00   6.9650000e+03
   9.0000000e+00   1.4290000e+03   4.9741300e+02   6.9530000e+02   2.6600000e+02   1.0000000e+00   6.9650000e+03
   9.0000000e+00   1.4300000e+03   5.0422700e+02   6.9672000e+02   2.6600000e+02   1.0000000e+00   6.9650000e+03
   9.0000000e+00   1.4310000e+03   5.1927500e+02   7.0183000e+02   2.6800000e+02   1.0000000e+00   6.9650000e+03
   9.0000000e+00   1.4320000e+03   5.0877000e+02   6.9785500e+02   2.7700000e+02   1.0000000e+00   6.9650000e+03
   9.0000000e+00   1.4330000e+03   3.7306000e+02   7.8870700e+02   2.5100000e+02   1.0000000e+00   6.9550000e+03
   9.0000000e+00   1.4340000e+03   3.6795000e+02   7.8785500e+02   2.6300000e+02   2.0000000e+00   6.9550000e+03
   9.0000000e+00   1.4350000e+03   6.4902200e+02   7.9779200e+02   3.0800000e+02   1.0000000e+00   6.9200000e+03
   8.0000000e+00   1.8800000e+03   5.2239800e+02   5.8145100e+02   1.3700000e+02   4.0000000e+00   5.5000000e+03
   8.0000000e+00   1.8810000e+03   5.2637200e+02   5.7066300e+02   1.3700000e+02   4.0000000e+00   5.5000000e+03
   8.0000000e+00   1.8820000e+03   5.3602500e+02   5.6612000e+02   1.3700000e+02   4.0000000e+00   5.4990000e+03
   8.0000000e+00   1.8830000e+03   5.4454300e+02   5.7520500e+02   1.3700000e+02   4.0000000e+00   5.4990000e+03
   8.0000000e+00   1.8840000e+03   5.2012600e+02   5.8201900e+02   1.2700000e+02   4.0000000e+00   5.5000000e+03
   8.0000000e+00   1.8850000e+03   5.1160900e+02   5.7520500e+02   1.2700000e+02   4.0000000e+00   5.5000000e+03
   8.0000000e+00   1.8860000e+03   5.4283900e+02   5.6101000e+02   1.2800000e+02   4.0000000e+00   5.4980000e+03
   8.0000000e+00   1.8870000e+03   5.5306000e+02   5.5362800e+02   1.2800000e+02   4.0000000e+00   5.4980000e+03
   8.0000000e+00   1.8880000e+03   5.5987400e+02   5.5476400e+02   1.2800000e+02   4.0000000e+00   5.4980000e+03
   8.0000000e+00   1.8890000e+03   5.0195600e+02   5.7577300e+02   1.2100000e+02   4.0000000e+00   5.5010000e+03
   8.0000000e+00   1.8900000e+03   4.8889600e+02   5.7236600e+02   1.2100000e+02   4.0000000e+00   5.5010000e+03
   8.0000000e+00   1.8910000e+03   4.8208200e+02   5.6044200e+02   1.2100000e+02   4.0000000e+00   5.5020000e+03
   8.0000000e+00   1.8920000e+03   5.0138800e+02   5.6441700e+02   1.2100000e+02   4.0000000e+00   5.5010000e+03
   8.0000000e+00   1.8930000e+03   5.4000000e+02   5.7407000e+02   1.2300000e+02   4.0000000e+00   5.4990000e+03
   8.0000000e+00   1.8940000e+03   5.5362800e+02   5.7293400e+02   1.2000000e+02   4.0000000e+00   5.4980000e+03
   8.0000000e+00   1.8950000e+03   4.5539400e+02   5.6157800e+02   1.1200000e+02   4.0000000e+00   5.5050000e+03
   8.0000000e+00   1.8960000e+03   4.6277600e+02   5.5135700e+02   1.1200000e+02   4.0000000e+00   5.5040000e+03
   8.0000000e+00   1.8970000e+03   4.3892800e+02   5.5533100e+02   1.1200000e+02   4.0000000e+00   5.5050000e+03
   8.0000000e+00   1.8980000e+03   4.6731900e+02   5.4965300e+02   1.0700000e+02   4.0000000e+00   5.5040000e+03
   8.0000000e+00   1.8990000e+03   4.5993700e+02   5.5476400e+02   1.0700000e+02   4.0000000e+00   5.5040000e+03
   8.0000000e+00   1.9000000e+03   4.4063100e+02   5.5306000e+02   1.0700000e+02   4.0000000e+00   5.5070000e+03
   7.0000000e+00   1.9010000e+03   5.1728700e+02   7.1356500e+02   1.5300000e+02   8.0000000e+00   4.2100000e+03
   7.0000000e+00   1.9020000e+03   5.5741300e+02   7.4422700e+02   1.3700000e+02   8.0000000e+00   4.2100000e+03
   7.0000000e+00   1.9030000e+03   5.6044200e+02   7.2151400e+02   1.3700000e+02   8.0000000e+00   4.2100000e+03
   7.0000000e+00   1.9040000e+03   5.2940100e+02   7.2302900e+02   1.2600000e+02   8.0000000e+00   4.2100000e+03
   7.0000000e+00   1.9050000e+03   5.2826500e+02   6.8366000e+02   1.2600000e+02   8.0000000e+00   4.2020000e+03
   7.0000000e+00   1.9060000e+03   5.1653000e+02   6.8517400e+02   1.1100000e+02   8.0000000e+00   4.2020000e+03
   7.0000000e+00   1.9070000e+03   5.0744500e+02   7.3325000e+02   9.6000000e+01   8.0000000e+00   4.2110000e+03
   7.0000000e+00   1.9080000e+03   5.0176700e+02   7.0713000e+02   9.6000000e+01   8.0000000e+00   4.2110000e+03
   7.0000000e+00   1.9090000e+03   5.0138800e+02   7.7716100e+02   8.4000000e+01   5.0000000e+00   6.0490000e+03
   7.0000000e+00   1.9100000e+03   5.1047300e+02   7.7791800e+02   8.4000000e+01   5.0000000e+00   6.0490000e+03
   7.0000000e+00   1.9110000e+03   5.0101000e+02   6.9766600e+02   7.3000000e+01   5.0000000e+00   4.2300000e+03
   7.0000000e+00   1.9120000e+03   4.9230300e+02   7.2567900e+02   5.7000000e+01   8.0000000e+00   4.2340000e+03
   7.0000000e+00   1.9130000e+03   6.9236600e+02   6.6246100e+02   9.2000000e+01   5.0000000e+00   4.2930000e+03
   7.0000000e+00   1.9140000e+03   5.0101000e+02   6.9880200e+02   7.5000000e+01   5.0000000e+00   4.2300000e+03
   7.0000000e+00   1.9150000e+03   5.2239800e+02   7.8302900e+02   9.6000000e+01   4.0000000e+00   4.1650000e+03
   4.0000000e+00   8.1800000e+02   9.1097800e+02   6.1135700e+02   8.7000000e+01   1.0000000e+00   6.8430000e+03
   9.0000000e+00   1.2170000e+03   5.2315500e+02   7.7451100e+02   2.0600000e+02   1.0000000e+00   6.9290000e+03
   9.0000000e+00   1.2180000e+03   5.2656200e+02   7.8132500e+02   2.0600000e+02   1.0000000e+00   6.9290000e+03
   4.0000000e+01   8.3500000e+02   8.5003200e+02   4.0201900e+02   1.9900000e+02   1.0000000e+00   6.8520000e+03
   4.0000000e+01   8.3600000e+02   8.3413300e+02   3.9066300e+02   2.0200000e+02   1.0000000e+00   6.8520000e+03
   4.0000000e+01   8.3700000e+02   8.1936900e+02   4.3495300e+02   2.1800000e+02   1.0000000e+00   6.8520000e+03
   4.0000000e+01   8.3800000e+02   9.3407000e+02   3.7589900e+02   2.2600000e+02   1.0000000e+00   2.7510000e+03
   4.0000000e+01   8.3900000e+02   9.2952700e+02   3.8498400e+02   2.2900000e+02   1.0000000e+00   2.7510000e+03
   4.0000000e+01   8.4000000e+02   9.4429100e+02   3.7760300e+02   2.2900000e+02   1.0000000e+00   2.7510000e+03
   4.0000000e+01   8.4100000e+02   9.2214500e+02   3.7873800e+02   2.3100000e+02   1.0000000e+00   2.7510000e+03
   4.0000000e+01   8.4200000e+02   9.2952700e+02   3.8441700e+02   2.3400000e+02   1.0000000e+00   2.7510000e+03
   4.0000000e+01   8.4300000e+02   9.2782400e+02   3.7135700e+02   2.3400000e+02   1.0000000e+00   2.7510000e+03
   4.0000000e+01   8.4400000e+02   9.3804400e+02   3.7741300e+02   2.4000000e+02   1.0000000e+00   2.7510000e+03
   4.0000000e+01   8.4500000e+02   9.4675100e+02   3.7741300e+02   2.4000000e+02   1.0000000e+00   2.7510000e+03
   4.0000000e+01   8.4600000e+02   9.2630900e+02   3.8006300e+02   2.4500000e+02   1.0000000e+00   2.7510000e+03
   4.0000000e+01   8.4700000e+02   9.1230300e+02   3.5242900e+02   2.4500000e+02   1.0000000e+00   2.7510000e+03
   4.0000000e+01   8.4800000e+02   9.1495300e+02   3.4372300e+02   2.4500000e+02   1.0000000e+00   2.7510000e+03
   4.0000000e+01   8.4900000e+02   9.0813900e+02   3.3123000e+02   2.4500000e+02   1.0000000e+00   2.7510000e+03
   4.0000000e+01   8.5000000e+02   9.1495300e+02   3.2517400e+02   2.4500000e+02   1.0000000e+00   2.7510000e+03
   4.0000000e+01   8.5100000e+02   9.1533200e+02   3.9974800e+02   2.4800000e+02   1.0000000e+00   2.7520000e+03
   4.0000000e+01   8.5200000e+02   9.2593100e+02   4.0921200e+02   2.4800000e+02   1.0000000e+00   2.7520000e+03
   4.0000000e+01   8.5400000e+02   9.2138800e+02   3.6454300e+02   2.4800000e+02   1.0000000e+00   2.7510000e+03
   4.0000000e+01   8.5500000e+02   9.3804400e+02   3.7930600e+02   2.4400000e+02   1.0000000e+00   2.7510000e+03
   4.0000000e+01   8.5600000e+02   9.4485800e+02   3.7741300e+02   2.4400000e+02   1.0000000e+00   2.7510000e+03
   4.0000000e+01   8.5700000e+02   9.2366000e+02   4.1034700e+02   2.4700000e+02   1.0000000e+00   2.7520000e+03
   4.0000000e+01   8.5800000e+02   9.1608900e+02   3.9974800e+02   2.4700000e+02   1.0000000e+00   2.7520000e+03
   4.0000000e+01   8.5900000e+02   9.2517400e+02   3.5053600e+02   2.4700000e+02   1.0000000e+00   2.7510000e+03
   4.0000000e+01   8.6000000e+02   9.2706700e+02   3.5735000e+02   2.5200000e+02   1.0000000e+00   2.7510000e+03
   4.0000000e+01   8.6100000e+02   9.1154600e+02   3.5545800e+02   2.5600000e+02   1.0000000e+00   2.7510000e+03
   4.0000000e+01   8.6200000e+02   9.3350200e+02   4.0656200e+02   2.7400000e+02   1.0000000e+00   2.7520000e+03
   4.0000000e+01   8.6300000e+02   9.3009500e+02   4.1564700e+02   2.7400000e+02   1.0000000e+00   2.7520000e+03
   4.0000000e+01   8.6400000e+02   9.1722400e+02   4.1716100e+02   2.7000000e+02   1.0000000e+00   2.7520000e+03
   4.0000000e+01   8.6500000e+02   8.9072600e+02   3.9482700e+02   2.6800000e+02   3.0000000e+00   2.7530000e+03
   4.0000000e+01   8.6600000e+02   8.2788700e+02   4.4517400e+02   2.3200000e+02   1.0000000e+00   6.8500000e+03
   4.0000000e+01   8.6700000e+02   8.1842300e+02   4.3533100e+02   2.3200000e+02   1.0000000e+00   6.8500000e+03
   4.0000000e+01   8.6800000e+02   8.2485800e+02   4.1791800e+02   2.3200000e+02   1.0000000e+00   6.8500000e+03
   4.0000000e+01   8.6900000e+02   8.3129400e+02   4.0921200e+02   2.3700000e+02   1.0000000e+00   6.8500000e+03
   4.0000000e+01   8.7000000e+02   8.3091500e+02   4.3495300e+02   2.3900000e+02   1.0000000e+00   6.8500000e+03
   4.0000000e+01   8.7100000e+02   8.3242900e+02   4.1072600e+02   2.4400000e+02   1.0000000e+00   6.8500000e+03
   4.0000000e+01   8.7200000e+02   8.1766600e+02   4.1943200e+02   2.5400000e+02   1.0000000e+00   6.8500000e+03
   4.0000000e+01   8.7300000e+02   8.1842300e+02   4.0239800e+02   2.5800000e+02   1.0000000e+00   6.8500000e+03
   4.0000000e+01   8.7400000e+02   8.3280800e+02   4.0769700e+02   2.6300000e+02   1.0000000e+00   6.8500000e+03
   4.0000000e+01   8.7500000e+02   8.1955900e+02   3.9747600e+02   2.6600000e+02   1.0000000e+00   6.8500000e+03
   4.0000000e+01   8.7600000e+02   9.0776100e+02   3.9596200e+02   3.1100000e+02   3.0000000e+00   2.7720000e+03
   4.0000000e+01   8.7700000e+02   9.0851800e+02   3.3880100e+02   3.0200000e+02   3.0000000e+00   2.7660000e+03
   4.0000000e+01   8.7800000e+02   9.0548900e+02   3.1949500e+02   3.0200000e+02   3.0000000e+00   2.7660000e+03
   4.0000000e+01   8.7900000e+02   9.1722400e+02   3.2479500e+02   3.0200000e+02   3.0000000e+00   2.7660000e+03
   4.0000000e+01   8.8000000e+02   9.1949600e+02   3.8612000e+02   3.0200000e+02   3.0000000e+00   2.7720000e+03
   4.0000000e+01   8.8100000e+02   9.1230300e+02   4.0883300e+02   2.9000000e+02   3.0000000e+00   2.7720000e+03
   4.0000000e+01   8.8200000e+02   9.3312300e+02   3.8233500e+02   2.9000000e+02   3.0000000e+00   2.7720000e+03
   4.0000000e+01   8.8300000e+02   8.3318600e+02   3.9028400e+02   2.9500000e+02   1.0000000e+00   6.8520000e+03
   4.0000000e+01   8.8400000e+02   9.1873800e+02   3.0511100e+02   2.9400000e+02   3.0000000e+00   6.8520000e+03
   4.0000000e+01   8.8500000e+02   9.0094700e+02   3.2252400e+02   2.9200000e+02   3.0000000e+00   2.7650000e+03
   4.0000000e+01   8.8600000e+02   9.1571000e+02   3.2668800e+02   2.9200000e+02   3.0000000e+00   2.7650000e+03
   4.0000000e+01   8.8700000e+02   9.1722400e+02   3.2517400e+02   2.8200000e+02   3.0000000e+00   2.7650000e+03
   4.0000000e+01   8.8800000e+02   8.6119900e+02   3.0548900e+02   2.7600000e+02   2.0000000e+00   2.7590000e+03
   4.0000000e+01   8.8900000e+02   9.0624600e+02   3.0283900e+02   2.7600000e+02   1.0000000e+00   2.7590000e+03
   4.0000000e+01   8.9000000e+02   8.7596200e+02   3.0965300e+02   2.5500000e+02   1.0000000e+00   2.7590000e+03
   4.0000000e+01   8.9100000e+02   8.7823400e+02   3.0435300e+02   2.5900000e+02   1.0000000e+00   2.7590000e+03
   4.0000000e+01   8.9200000e+02   9.1154600e+02   2.9299700e+02   2.6000000e+02   1.0000000e+00   2.7590000e+03
   4.0000000e+01   8.9300000e+02   8.5779200e+02   3.1419600e+02   2.7200000e+02   2.0000000e+00   2.7590000e+03
   4.0000000e+01   8.9400000e+02   8.6271300e+02   3.0208200e+02   2.7200000e+02   2.0000000e+00   2.7590000e+03
   4.0000000e+01   8.9500000e+02   9.1684600e+02   4.1716100e+02   2.6700000e+02   2.0000000e+00   2.7520000e+03
   4.0000000e+01   8.9600000e+02   9.3123100e+02   4.1564700e+02   2.6700000e+02   2.0000000e+00   2.7520000e+03
   4.0000000e+01   8.9700000e+02   9.3198800e+02   4.0656200e+02   2.6700000e+02   2.0000000e+00   2.7520000e+03
   1.3000000e+02   1.5330000e+03   7.2719300e+02   2.8712900e+02   3.1300000e+02   1.0000000e+00   5.7310000e+03
   1.3000000e+02   1.5340000e+03   6.9984200e+02   2.8107300e+02   3.0500000e+02   1.0000000e+00   5.7310000e+03
   1.3000000e+02   1.5350000e+03   6.9955900e+02   2.9895900e+02   3.0500000e+02   1.0000000e+00   5.7310000e+03
   1.3000000e+02   1.5360000e+03   7.1347000e+02   2.9867500e+02   3.0500000e+02   1.0000000e+00   5.7310000e+03
   1.3000000e+02   1.5370000e+03   6.8877000e+02   2.9299700e+02   2.9800000e+02   1.0000000e+00   5.7310000e+03
   1.3000000e+02   1.5380000e+03   6.8451100e+02   2.9725600e+02   2.9400000e+02   1.0000000e+00   5.7310000e+03
   1.3000000e+02   1.5390000e+03   6.9104100e+02   2.8306000e+02   2.9400000e+02   1.0000000e+00   5.7310000e+03
   1.3000000e+02   1.5400000e+03   6.9813900e+02   2.8533100e+02   2.9400000e+02   1.0000000e+00   5.7310000e+03
   1.3000000e+02   1.5410000e+03   7.0466900e+02   2.9384900e+02   2.8300000e+02   1.0000000e+00   5.7310000e+03
   1.3000000e+02   1.5420000e+03   6.9132500e+02   2.9924300e+02   2.7600000e+02   1.0000000e+00   5.7310000e+03
   1.3000000e+02   1.5430000e+03   7.0608900e+02   2.7028400e+02   2.6700000e+02   1.0000000e+00   5.7310000e+03
   1.3000000e+02   1.5440000e+03   7.1489000e+02   2.6829700e+02   2.6700000e+02   1.0000000e+00   5.7310000e+03
   1.3000000e+02   1.5450000e+03   6.9217700e+02   2.8504700e+02   2.8000000e+02   1.0000000e+00   5.7310000e+03
   1.3000000e+02   1.5460000e+03   7.0466900e+02   2.8561500e+02   2.6900000e+02   2.0000000e+00   5.7310000e+03
   1.3000000e+02   1.5470000e+03   7.0126200e+02   2.9895900e+02   2.7300000e+02   1.0000000e+00   5.7310000e+03
   1.3000000e+02   1.5480000e+03   7.0608900e+02   2.9583600e+02   2.7300000e+02   1.0000000e+00   5.7310000e+03
   1.3000000e+02   1.5490000e+03   7.3277600e+02   2.5949500e+02   3.0000000e+02   1.0000000e+00   5.7310000e+03
   1.3000000e+02   1.5500000e+03   7.3078900e+02   2.6858100e+02   3.0000000e+02   1.0000000e+00   5.7310000e+03
   1.3000000e+02   1.5510000e+03   7.0353300e+02   2.5324900e+02   2.8800000e+02   1.0000000e+00   5.7310000e+03
   1.3000000e+02   1.5520000e+03   7.1403800e+02   2.6801300e+02   2.8400000e+02   1.0000000e+00   5.7310000e+03
   1.3000000e+02   1.5530000e+03   7.2198800e+02   2.6829700e+02   2.9100000e+02   2.0000000e+00   5.7310000e+03
   1.3000000e+02   1.5540000e+03   7.1432200e+02   2.7312300e+02   2.9100000e+02   2.0000000e+00   5.7310000e+03
   1.3000000e+02   1.5550000e+03   7.0381700e+02   3.2025200e+02   2.6900000e+02   2.0000000e+00   5.7310000e+03
   1.3000000e+02   1.5560000e+03   7.1432200e+02   3.0548900e+02   2.6900000e+02   2.0000000e+00   5.7310000e+03
   1.3000000e+02   1.5570000e+03   7.1744500e+02   3.1684600e+02   2.6800000e+02   2.0000000e+00   5.7310000e+03
   1.3000000e+02   1.5580000e+03   7.2454300e+02   3.1627800e+02   2.6800000e+02   2.0000000e+00   5.7310000e+03
   1.3000000e+02   1.5590000e+03   7.2028400e+02   3.1031600e+02   2.6800000e+02   2.0000000e+00   5.7310000e+03
   1.3000000e+02   1.5600000e+03   7.0069400e+02   3.1201900e+02   2.7300000e+02   1.0000000e+00   5.7310000e+03
   1.3000000e+02   1.5610000e+03   7.0268200e+02   3.0548900e+02   2.7600000e+02   1.0000000e+00   5.7310000e+03
   1.3000000e+02   1.5620000e+03   7.1205100e+02   3.0492100e+02   2.7600000e+02   1.0000000e+00   5.7310000e+03
   1.3000000e+02   1.5630000e+03   7.1716100e+02   3.0605700e+02   2.8100000e+02   2.0000000e+00   5.7310000e+03
   1.3000000e+02   1.5640000e+03   7.2255500e+02   3.2138800e+02   2.7600000e+02   1.0000000e+00   5.7310000e+03
   1.3000000e+02   1.5650000e+03   7.2766600e+02   3.1031600e+02   2.7700000e+02   2.0000000e+00   5.7310000e+03
   1.3000000e+02   1.5660000e+03   7.2312300e+02   3.1088300e+02   2.8700000e+02   1.0000000e+00   5.7310000e+03
   1.3000000e+02   1.5670000e+03   7.0410100e+02   3.1003200e+02   2.9100000e+02   1.0000000e+00   5.7310000e+03
   1.3000000e+02   1.5680000e+03   6.9955900e+02   3.1996900e+02   2.7600000e+02   1.0000000e+00   5.7310000e+03
   1.3000000e+02   1.5690000e+03   7.7422700e+02   3.0378600e+02   2.9800000e+02   1.0000000e+00   7.0050000e+03
   1.3000000e+02   1.5700000e+03   7.6883300e+02   3.0747600e+02   2.9800000e+02   1.0000000e+00   7.0050000e+03
   1.3000000e+02   1.5710000e+03   7.6514200e+02   3.0179800e+02   2.9800000e+02   1.0000000e+00   7.0050000e+03
   1.3000000e+02   1.5720000e+03   7.6741300e+02   3.0804400e+02   2.9100000e+02   1.0000000e+00   7.0050000e+03
   1.3000000e+02   1.5730000e+03   7.7905400e+02   3.0776000e+02   2.9100000e+02   1.0000000e+00   7.0050000e+03
   1.3000000e+02   1.5740000e+03   7.7678300e+02   2.9072600e+02   2.9100000e+02   1.0000000e+00   7.0050000e+03
   1.3000000e+02   1.5750000e+03   7.6514200e+02   2.9214500e+02   2.9100000e+02   1.0000000e+00   7.0050000e+03
   1.3000000e+02   1.5760000e+03   7.6116700e+02   2.9867500e+02   2.9100000e+02   1.0000000e+00   7.0050000e+03
   1.3000000e+02   1.5770000e+03   7.8075700e+02   2.9867500e+02   2.9100000e+02   1.0000000e+00   7.0050000e+03
   1.3000000e+02   1.5780000e+03   7.7110400e+02   3.1230300e+02   2.8000000e+02   1.0000000e+00   7.0050000e+03
   1.3000000e+02   1.5790000e+03   7.7763400e+02   2.9668800e+02   2.7500000e+02   1.0000000e+00   7.0050000e+03
   1.3000000e+02   1.5800000e+03   7.7791800e+02   3.2110400e+02   2.6200000e+02   1.0000000e+00   7.0050000e+03
   1.3000000e+02   1.5810000e+03   7.7564700e+02   3.2962200e+02   2.6200000e+02   1.0000000e+00   7.0050000e+03
   1.3000000e+02   1.5820000e+03   7.7082000e+02   3.1911700e+02   2.6400000e+02   1.0000000e+00   7.0050000e+03
   1.3000000e+02   1.5830000e+03   7.8019000e+02   3.1883300e+02   2.5200000e+02   1.0000000e+00   7.0050000e+03
   1.3000000e+02   1.5840000e+03   7.7110400e+02   3.1854900e+02   2.5200000e+02   1.0000000e+00   7.0050000e+03
   1.3000000e+02   1.5850000e+03   7.5832800e+02   3.0918000e+02   2.4500000e+02   1.0000000e+00   7.0050000e+03
   1.3000000e+02   1.5860000e+03   7.7110400e+02   3.1911700e+02   2.4500000e+02   1.0000000e+00   7.0050000e+03
   1.3000000e+02   1.5870000e+03   7.6571000e+02   3.0832800e+02   2.3800000e+02   1.0000000e+00   7.0050000e+03
   1.3000000e+02   1.5880000e+03   7.5009500e+02   3.0094600e+02   2.3700000e+02   1.0000000e+00   7.0050000e+03
   1.3000000e+02   1.5890000e+03   7.6372300e+02   2.8731900e+02   2.4600000e+02   1.0000000e+00   7.0050000e+03
   1.3000000e+02   1.5900000e+03   7.7309200e+02   2.8675100e+02   2.4600000e+02   1.0000000e+00   7.0050000e+03
   1.3000000e+02   1.5910000e+03   7.7082000e+02   2.9924300e+02   2.5500000e+02   1.0000000e+00   7.0050000e+03
   1.3000000e+02   1.5920000e+03   7.4924300e+02   2.8959000e+02   2.5500000e+02   1.0000000e+00   7.0050000e+03
   1.3000000e+02   1.5930000e+03   7.6173500e+02   2.9583600e+02   2.5500000e+02   1.0000000e+00   7.0050000e+03
   1.3000000e+02   1.5940000e+03   7.6230300e+02   3.1315500e+02   2.5600000e+02   2.0000000e+00   7.0050000e+03
   1.3000000e+02   1.5950000e+03   7.3306000e+02   3.1854900e+02   2.6300000e+02   1.0000000e+00   7.0050000e+03
   1.3000000e+02   1.5960000e+03   7.2709800e+02   3.1542600e+02   2.6100000e+02   1.0000000e+00   7.0050000e+03
   1.3000000e+02   1.5970000e+03   7.3589900e+02   3.3274500e+02   2.5100000e+02   1.0000000e+00   7.0050000e+03
   1.3000000e+02   1.5980000e+03   7.3760300e+02   3.2195600e+02   2.5100000e+02   1.0000000e+00   7.0050000e+03
   1.3000000e+02   1.5990000e+03   7.4242900e+02   3.1911700e+02   2.5100000e+02   1.0000000e+00   7.0050000e+03
   1.3000000e+02   1.6000000e+03   7.2539500e+02   3.2365900e+02   2.4400000e+02   1.0000000e+00   7.0050000e+03
   1.3000000e+02   1.6010000e+03   7.3277600e+02   3.1145100e+02   2.4800000e+02   2.0000000e+00   7.0050000e+03
   1.3000000e+02   1.6020000e+03   7.1574200e+02   2.2627800e+02   3.1000000e+02   2.0000000e+00   5.7450000e+03
   1.3000000e+02   1.6030000e+03   7.0694000e+02   2.2599400e+02   3.0700000e+02   2.0000000e+00   5.7450000e+03
   1.3000000e+02   1.6040000e+03   6.9813900e+02   2.0583600e+02   3.0700000e+02   1.0000000e+00   5.7450000e+03
   1.3000000e+02   1.6050000e+03   6.8791800e+02   2.1492100e+02   3.0300000e+02   1.0000000e+00   5.7450000e+03
   1.3000000e+02   1.6060000e+03   7.0211400e+02   1.9362800e+02   2.9900000e+02   1.0000000e+00   5.7450000e+03
   1.3000000e+02   1.6070000e+03   6.6832800e+02   2.2343900e+02   2.9900000e+02   1.0000000e+00   5.7450000e+03
   1.3000000e+02   1.6080000e+03   6.8138800e+02   2.2996900e+02   2.9400000e+02   1.0000000e+00   5.7450000e+03
   1.3000000e+02   1.6090000e+03   7.0012600e+02   2.2599400e+02   2.9400000e+02   2.0000000e+00   5.7450000e+03
   1.3000000e+02   1.6100000e+03   6.8224000e+02   2.2996900e+02   2.8800000e+02   1.0000000e+00   5.7450000e+03
   1.3000000e+02   1.6110000e+03   6.9132500e+02   2.1577300e+02   2.7800000e+02   1.0000000e+00   5.7450000e+03
   1.3000000e+02   1.6120000e+03   6.9274500e+02   2.1690900e+02   2.6400000e+02   1.0000000e+00   5.7450000e+03
   1.3000000e+02   1.6130000e+03   7.5634100e+02   2.0754000e+02   2.4700000e+02   1.0000000e+00   7.0080000e+03
   1.3000000e+02   1.6140000e+03   7.4952700e+02   2.2457400e+02   2.4700000e+02   1.0000000e+00   7.0080000e+03
   1.3000000e+02   1.6150000e+03   7.5690900e+02   2.1378600e+02   2.3800000e+02   1.0000000e+00   7.0080000e+03
   1.3000000e+02   1.6160000e+03   7.5208200e+02   2.2230300e+02   2.3800000e+02   1.0000000e+00   7.0080000e+03
   1.3000000e+02   1.6170000e+03   7.4413300e+02   2.2599400e+02   2.3800000e+02   1.0000000e+00   7.0080000e+03
   1.3000000e+02   1.6180000e+03   7.2624600e+02   1.9249200e+02   2.3800000e+02   1.0000000e+00   7.0080000e+03
   1.3000000e+02   1.6190000e+03   7.5321800e+02   2.0583600e+02   2.3300000e+02   1.0000000e+00   7.0080000e+03
   1.3000000e+02   1.6200000e+03   7.2795000e+02   1.8482700e+02   2.3300000e+02   1.0000000e+00   7.0080000e+03
   1.3000000e+02   1.6210000e+03   7.5009500e+02   2.1293400e+02   2.2800000e+02   1.0000000e+00   7.0080000e+03
   1.3000000e+02   1.6220000e+03   7.5548900e+02   2.0640400e+02   2.4600000e+02   1.0000000e+00   7.0080000e+03
   1.3000000e+02   1.6230000e+03   7.1006300e+02   1.8823400e+02   2.9200000e+02   1.0000000e+00   7.0080000e+03
   1.3000000e+02   1.6240000e+03   7.0495300e+02   1.8255500e+02   2.8800000e+02   1.0000000e+00   7.0080000e+03
   1.3000000e+02   1.6250000e+03   7.2624600e+02   1.9306000e+02   2.8800000e+02   1.0000000e+00   7.0080000e+03
   1.3000000e+02   1.6260000e+03   7.2170400e+02   1.9192400e+02   2.8800000e+02   1.0000000e+00   7.0080000e+03
   1.3000000e+02   1.6270000e+03   7.2738200e+02   2.0015800e+02   2.7900000e+02   1.0000000e+00   5.7450000e+03
   1.3000000e+02   1.6280000e+03   7.2567800e+02   1.9959000e+02   2.7400000e+02   1.0000000e+00   5.7450000e+03
   1.3000000e+02   1.6290000e+03   7.6514200e+02   1.8965300e+02   2.9900000e+02   2.0000000e+00   7.0090000e+03
   1.3000000e+02   1.6300000e+03   7.5974800e+02   1.9504700e+02   2.7700000e+02   2.0000000e+00   7.0090000e+03
   1.3000000e+02   1.6310000e+03   7.5179800e+02   1.8567800e+02   2.7700000e+02   2.0000000e+00   7.0090000e+03
   1.3000000e+02   1.6320000e+03   7.1545800e+02   2.6943200e+02   2.5500000e+02   1.0000000e+00   5.7310000e+03
   1.3000000e+02   1.6330000e+03   7.0921200e+02   2.9384900e+02   2.5000000e+02   1.0000000e+00   5.7310000e+03
   1.3000000e+02   1.6340000e+03   7.0665600e+02   2.8618300e+02   2.5000000e+02   1.0000000e+00   5.7310000e+03
   1.3000000e+02   1.6350000e+03   7.1432200e+02   2.8419600e+02   2.5000000e+02   1.0000000e+00   5.7310000e+03
   1.3000000e+02   1.6360000e+03   7.2170400e+02   2.8362800e+02   2.5000000e+02   1.0000000e+00   5.7310000e+03
