   2.0000000e+00   4.0700000e+02   9.1078900e+02   9.7126200e+02   8.4000000e+01   8.0000000e+00   1.2640000e+03
   2.0000000e+00   4.0800000e+02   8.9630900e+02   9.6927500e+02   8.4000000e+01   8.0000000e+00   1.2700000e+03
   2.0000000e+00   4.0900000e+02   8.9119900e+02   9.5990600e+02   7.2000000e+01   8.0000000e+00   1.2730000e+03
   2.0000000e+00   4.1000000e+02   9.1703500e+02   9.7325000e+02   7.5000000e+01   8.0000000e+00   1.2650000e+03
   2.0000000e+00   4.1100000e+02   8.5571000e+02   1.0240700e+03   6.1000000e+01   8.0000000e+00   1.2740000e+03
   2.0000000e+00   4.1200000e+02   1.0109150e+03   8.9791800e+02   3.7000000e+01   8.0000000e+00   1.2540000e+03
   2.0000000e+00   4.1300000e+02   9.6435400e+02   8.9905400e+02   3.7000000e+01   8.0000000e+00   1.2540000e+03
   2.0000000e+00   4.1400000e+02   9.9880200e+02   8.8542600e+02   3.7000000e+01   8.0000000e+00   1.2540000e+03
   2.0000000e+00   4.1500000e+02   9.9766600e+02   9.3160900e+02   3.7000000e+01   8.0000000e+00   1.2540000e+03
   1.0000000e+00   2.2000000e+01   4.5634100e+02   1.2497800e+03   2.4600000e+02   8.0000000e+00   6.6070000e+03
   1.0000000e+00   2.3000000e+01   4.4498400e+02   1.2035970e+03   2.4000000e+02   8.0000000e+00   6.6130000e+03
   1.0000000e+00   2.4000000e+01   4.2340700e+02   1.2210100e+03   2.3800000e+02   8.0000000e+00   6.6130000e+03
   1.0000000e+00   2.5000000e+01   4.7337600e+02   1.1657420e+03   1.8400000e+02   8.0000000e+00   9.5000000e+02
   1.0000000e+00   2.6000000e+01   5.0252400e+02   1.2976660e+03   1.7800000e+02   8.0000000e+00   9.5000000e+02
   1.0000000e+00   2.7000000e+01   3.9350200e+02   1.2412620e+03   1.5700000e+02   8.0000000e+00   9.4900000e+02
   1.0000000e+00   2.8000000e+01   3.9596200e+02   1.2422090e+03   1.6200000e+02   8.0000000e+00   9.4900000e+02
   1.0000000e+00   2.9000000e+01   4.0959000e+02   1.2528080e+03   1.4700000e+02   8.0000000e+00   9.4900000e+02
   8.0000000e+00   5.7000000e+01   5.2353300e+02   9.4940100e+02   2.9500000e+02   2.0000000e+00   3.6100000e+03
   8.0000000e+00   5.8000000e+01   5.3716100e+02   9.6870700e+02   2.9500000e+02   2.0000000e+00   3.6110000e+03
   8.0000000e+00   5.9000000e+01   5.5078900e+02   9.7722400e+02   2.9500000e+02   2.0000000e+00   3.6110000e+03
   8.0000000e+00   6.0000000e+01   5.4738200e+02   9.6416400e+02   2.9500000e+02   2.0000000e+00   3.6110000e+03
   8.0000000e+00   6.1000000e+01   5.3432200e+02   1.0260570e+03   2.9000000e+02   1.0000000e+00   3.5840000e+03
   8.0000000e+00   6.2000000e+01   5.2429000e+02   9.6208200e+02   2.8900000e+02   3.0000000e+00   3.6110000e+03
   8.0000000e+00   6.3000000e+01   5.2353300e+02   9.7646700e+02   2.8900000e+02   3.0000000e+00   3.6110000e+03
   8.0000000e+00   6.4000000e+01   5.0195600e+02   9.7343900e+02   2.8900000e+02   3.0000000e+00   3.6050000e+03
   8.0000000e+00   6.5000000e+01   5.1142000e+02   9.6738200e+02   2.8900000e+02   3.0000000e+00   3.6060000e+03
   8.0000000e+00   6.6000000e+01   5.1444800e+02   9.7646700e+02   2.8900000e+02   3.0000000e+00   3.6050000e+03
   8.0000000e+00   6.7000000e+01   5.0801300e+02   9.8138800e+02   2.8900000e+02   3.0000000e+00   3.6050000e+03
   8.0000000e+00   6.8000000e+01   4.6940100e+02   9.6056800e+02   2.8400000e+02   3.0000000e+00   3.5930000e+03
   8.0000000e+00   6.9000000e+01   4.8454300e+02   9.7192500e+02   2.8400000e+02   3.0000000e+00   3.5910000e+03
   8.0000000e+00   7.0000000e+01   4.7772900e+02   9.8138800e+02   2.8400000e+02   3.0000000e+00   3.5900000e+03
   8.0000000e+00   7.1000000e+01   4.6675100e+02   9.7608900e+02   2.8400000e+02   3.0000000e+00   3.5910000e+03
   8.0000000e+00   7.2000000e+01   5.0119900e+02   9.9198800e+02   2.8400000e+02   3.0000000e+00   3.6040000e+03
   8.0000000e+00   7.3000000e+01   4.8870700e+02   9.9085200e+02   2.8400000e+02   3.0000000e+00   3.6030000e+03
   8.0000000e+00   7.4000000e+01   4.9324900e+02   1.0037230e+03   2.8400000e+02   3.0000000e+00   3.5850000e+03
   8.0000000e+00   7.5000000e+01   4.7810700e+02   1.0044800e+03   2.8400000e+02   3.0000000e+00   3.5860000e+03
   8.0000000e+00   7.6000000e+01   4.7091500e+02   1.0075080e+03   2.8400000e+02   3.0000000e+00   3.5860000e+03
   8.0000000e+00   7.7000000e+01   5.3186100e+02   1.0268140e+03   2.7800000e+02   3.0000000e+00   3.5840000e+03
   8.0000000e+00   7.8000000e+01   4.9060000e+02   9.8895900e+02   2.8100000e+02   1.0000000e+00   3.6030000e+03
   8.0000000e+00   7.9000000e+01   5.0384900e+02   9.9690900e+02   2.8100000e+02   3.0000000e+00   3.6030000e+03
   8.0000000e+00   8.0000000e+01   4.9287100e+02   1.0094010e+03   2.8100000e+02   3.0000000e+00   3.5850000e+03
   8.0000000e+00   8.1000000e+01   4.7848600e+02   1.0033440e+03   2.8100000e+02   3.0000000e+00   3.5860000e+03
   8.0000000e+00   8.2000000e+01   4.7091500e+02   1.0067510e+03   2.8100000e+02   3.0000000e+00   3.5860000e+03
   8.0000000e+00   8.3000000e+01   5.0839100e+02   1.0003160e+03   2.7700000e+02   3.0000000e+00   3.5830000e+03
   8.0000000e+00   8.4000000e+01   5.0574200e+02   9.8479500e+02   2.8400000e+02   3.0000000e+00   3.6040000e+03
   8.0000000e+00   8.5000000e+01   5.0612000e+02   1.0067510e+03   2.7200000e+02   3.0000000e+00   3.6120000e+03
   8.0000000e+00   8.6000000e+01   4.9173500e+02   9.8025300e+02   2.7200000e+02   3.0000000e+00   3.5790000e+03
   8.0000000e+00   8.7000000e+01   4.7848600e+02   9.7306000e+02   2.7200000e+02   3.0000000e+00   3.5910000e+03
   8.0000000e+00   8.8000000e+01   5.0877000e+02   1.0052370e+03   2.6700000e+02   3.0000000e+00   3.6120000e+03
   8.0000000e+00   8.9000000e+01   5.0649900e+02   9.9766600e+02   2.6700000e+02   3.0000000e+00   3.6120000e+03
   8.0000000e+00   9.0000000e+01   5.1331200e+02   9.9198800e+02   2.6800000e+02   8.0000000e+00   3.5790000e+03
   8.0000000e+00   9.1000000e+01   4.9097800e+02   9.7798100e+02   2.6600000e+02   3.0000000e+00   3.5790000e+03
   8.0000000e+00   9.2000000e+01   5.5836000e+02   1.0324930e+03   2.7400000e+02   1.0000000e+00   3.5840000e+03
   8.0000000e+00   9.3000000e+01   5.3981100e+02   9.9350200e+02   2.7000000e+02   1.0000000e+00   3.5840000e+03
   8.0000000e+00   9.4000000e+01   5.5306000e+02   1.0143220e+03   2.6800000e+02   1.0000000e+00   3.5840000e+03
   8.0000000e+00   9.5000000e+01   5.0309200e+02   9.7571000e+02   2.6800000e+02   3.0000000e+00   3.5790000e+03
   8.0000000e+00   9.6000000e+01   5.1066300e+02   9.7987400e+02   2.6800000e+02   3.0000000e+00   3.5790000e+03
   8.0000000e+00   9.7000000e+01   5.1861200e+02   9.7192500e+02   2.6800000e+02   3.0000000e+00   3.5790000e+03
   8.0000000e+00   9.8000000e+01   5.0612000e+02   9.6359700e+02   2.6100000e+02   3.0000000e+00   3.5780000e+03
   8.0000000e+00   9.9000000e+01   5.2694000e+02   9.6283900e+02   2.6100000e+02   3.0000000e+00   3.5780000e+03
   8.0000000e+00   1.0000000e+02   4.9930600e+02   9.9918000e+02   2.6000000e+02   8.0000000e+00   3.5790000e+03
   8.0000000e+00   1.0100000e+02   5.4283900e+02   9.3899100e+02   2.5500000e+02   3.0000000e+00   3.5690000e+03
   8.0000000e+00   1.0200000e+02   5.3072600e+02   9.3861200e+02   2.5500000e+02   3.0000000e+00   3.5690000e+03
   8.0000000e+00   1.0300000e+02   5.2996900e+02   9.4883300e+02   2.5500000e+02   3.0000000e+00   3.5670000e+03
   8.0000000e+00   1.0400000e+02   4.3230300e+02   9.7003200e+02   2.5300000e+02   2.0000000e+00   3.5340000e+03
   8.0000000e+00   1.0500000e+02   4.4630900e+02   1.0389280e+03   2.5400000e+02   1.0000000e+00   3.5480000e+03
   8.0000000e+00   1.0700000e+02   5.4359600e+02   9.4807600e+02   2.4700000e+02   3.0000000e+00   3.5680000e+03
   8.0000000e+00   1.0800000e+02   4.4858100e+02   1.0408210e+03   2.5100000e+02   1.0000000e+00   3.5480000e+03
   8.0000000e+00   1.0900000e+02   4.4403800e+02   1.0396850e+03   2.5100000e+02   1.0000000e+00   3.5480000e+03
   8.0000000e+00   1.1000000e+02   4.3684600e+02   1.0343850e+03   2.4600000e+02   1.0000000e+00   3.5480000e+03
   8.0000000e+00   1.1100000e+02   4.3306000e+02   9.5791800e+02   2.4200000e+02   2.0000000e+00   3.5340000e+03
   8.0000000e+00   1.1300000e+02   4.7280800e+02   1.0347640e+03   2.4100000e+02   1.0000000e+00   3.5480000e+03
   8.0000000e+00   1.1400000e+02   4.7432200e+02   1.0226500e+03   2.4100000e+02   1.0000000e+00   3.5480000e+03
   8.0000000e+00   1.3000000e+02   4.1943200e+02   1.0203790e+03   2.1900000e+02   1.0000000e+00   3.8340000e+03
   8.0000000e+00   1.3100000e+02   4.3381700e+02   1.0290860e+03   2.1900000e+02   1.0000000e+00   3.8340000e+03
   8.0000000e+00   1.4900000e+02   4.7394300e+02   1.0347640e+03   2.4000000e+02   1.0000000e+00   3.5480000e+03
   8.0000000e+00   1.5000000e+02   4.7470000e+02   1.0245430e+03   2.4000000e+02   1.0000000e+00   3.5480000e+03
   8.0000000e+00   1.5100000e+02   5.6025300e+02   1.0302210e+03   2.6600000e+02   1.0000000e+00   3.5840000e+03
   8.0000000e+00   1.5200000e+02   5.2694000e+02   1.0181080e+03   2.5700000e+02   1.0000000e+00   3.5840000e+03
   8.0000000e+00   1.7000000e+02   4.3306000e+02   1.0241640e+03   2.2100000e+02   2.0000000e+00   3.8340000e+03
   8.0000000e+00   1.7100000e+02   4.2170400e+02   1.0192430e+03   2.2100000e+02   2.0000000e+00   3.8340000e+03
   8.0000000e+00   1.7200000e+02   4.4706600e+02   1.0143220e+03   2.0500000e+02   2.0000000e+00   3.5460000e+03
   8.0000000e+00   1.7700000e+02   4.3533100e+02   9.7078900e+02   2.4400000e+02   2.0000000e+00   3.5340000e+03
   8.0000000e+00   1.7800000e+02   4.3608800e+02   9.6662500e+02   2.3300000e+02   3.0000000e+00   3.5330000e+03
   8.0000000e+00   1.7900000e+02   4.2927500e+02   9.5867500e+02   2.2700000e+02   3.0000000e+00   3.5320000e+03
   8.0000000e+00   3.0100000e+02   6.1552100e+02   1.0669400e+03   2.8200000e+02   3.0000000e+00   3.7360000e+03
   8.0000000e+00   3.0200000e+02   3.5205100e+02   1.0067510e+03   2.7300000e+02   3.0000000e+00   6.5610000e+03
   8.0000000e+00   3.0300000e+02   4.5880100e+02   1.1583600e+03   2.7600000e+02   2.0000000e+00   3.6360000e+03
   8.0000000e+00   3.0400000e+02   4.8643600e+02   1.1801270e+03   2.6500000e+02   2.0000000e+00   3.6350000e+03
   8.0000000e+00   3.0500000e+02   4.8340700e+02   1.1661200e+03   2.6300000e+02   2.0000000e+00   3.6350000e+03
   8.0000000e+00   3.0600000e+02   5.4889600e+02   1.1487070e+03   2.6500000e+02   2.0000000e+00   3.6420000e+03
   8.0000000e+00   3.0700000e+02   4.5425900e+02   1.1615780e+03   2.6500000e+02   2.0000000e+00   3.6360000e+03
   8.0000000e+00   3.0800000e+02   5.2731900e+02   1.1331870e+03   2.6300000e+02   3.0000000e+00   3.6390000e+03
   8.0000000e+00   3.0900000e+02   5.3375400e+02   1.1362150e+03   2.5700000e+02   4.0000000e+00   3.6390000e+03
   8.0000000e+00   3.1000000e+02   5.2353300e+02   1.1384860e+03   2.5700000e+02   4.0000000e+00   3.6390000e+03
   8.0000000e+00   3.1100000e+02   5.2012600e+02   1.1271300e+03   2.5700000e+02   4.0000000e+00   3.6430000e+03
   8.0000000e+00   3.1200000e+02   5.5268200e+02   1.1278870e+03   2.5100000e+02   2.0000000e+00   3.6420000e+03
   8.0000000e+00   3.1300000e+02   5.2126200e+02   1.1172870e+03   2.4900000e+02   4.0000000e+00   3.6440000e+03
   8.0000000e+00   3.1400000e+02   5.2315500e+02   1.1278870e+03   2.4000000e+02   4.0000000e+00   3.6410000e+03
   8.0000000e+00   3.1500000e+02   5.1634100e+02   1.1059310e+03   2.4000000e+02   2.0000000e+00   3.6410000e+03
   8.0000000e+00   3.1600000e+02   5.2201900e+02   1.1195590e+03   2.2300000e+02   1.0000000e+00   3.6410000e+03
   8.0000000e+00   3.1800000e+02   6.3104100e+02   9.2176700e+02   2.4100000e+02   3.0000000e+00   6.4780000e+03
   8.0000000e+00   3.1900000e+02   6.3142000e+02   9.2782400e+02   2.3600000e+02   3.0000000e+00   6.4780000e+03
   8.0000000e+00   3.2000000e+02   5.8675100e+02   1.0201900e+03   2.3700000e+02   4.0000000e+00   3.6580000e+03
   8.0000000e+00   3.2100000e+02   5.7880100e+02   1.0160260e+03   2.3700000e+02   4.0000000e+00   3.6570000e+03
   8.0000000e+00   3.2200000e+02   5.2088300e+02   1.1182340e+03   2.4800000e+02   4.0000000e+00   3.6410000e+03
   8.0000000e+00   3.2300000e+02   5.3829700e+02   1.0158360e+03   2.1200000e+02   4.0000000e+00   3.5510000e+03
   8.0000000e+00   3.2400000e+02   4.9968500e+02   1.0198110e+03   2.1200000e+02   4.0000000e+00   3.5500000e+03
   8.0000000e+00   3.2500000e+02   5.1785500e+02   1.0129970e+03   1.9300000e+02   4.0000000e+00   3.5190000e+03
   8.0000000e+00   3.2600000e+02   4.9798100e+02   1.0198110e+03   1.9300000e+02   4.0000000e+00   3.5190000e+03
   9.0000000e+00   3.3200000e+02   3.4334400e+02   9.7306000e+02   1.5900000e+02   8.0000000e+00   6.6230000e+03
   9.0000000e+00   3.3300000e+02   3.5280800e+02   9.7836000e+02   1.4900000e+02   8.0000000e+00   6.6230000e+03
   8.0000000e+00   3.3800000e+02   6.3047300e+02   1.0177290e+03   2.2700000e+02   4.0000000e+00   3.7680000e+03
   8.0000000e+00   3.3900000e+02   6.1987400e+02   1.0287070e+03   2.2700000e+02   4.0000000e+00   3.7680000e+03
   8.0000000e+00   3.4000000e+02   6.2328100e+02   1.0222720e+03   2.2400000e+02   4.0000000e+00   3.7690000e+03
   8.0000000e+00   3.4200000e+02   6.2744500e+02   1.0135650e+03   2.1800000e+02   4.0000000e+00   3.7690000e+03
   8.0000000e+00   3.4300000e+02   6.2706600e+02   1.0230290e+03   2.1000000e+02   3.0000000e+00   3.7710000e+03
   8.0000000e+00   3.4400000e+02   6.4031600e+02   1.0226500e+03   2.1000000e+02   3.0000000e+00   3.7710000e+03
   8.0000000e+00   3.4500000e+02   6.3312300e+02   1.0128080e+03   1.8900000e+02   3.0000000e+00   3.7710000e+03
   6.0000000e+00   4.4800000e+02   7.1148300e+02   7.8813900e+02   2.4600000e+02   3.0000000e+00   6.7070000e+03
   6.0000000e+00   4.4900000e+02   7.2056800e+02   7.9836000e+02   2.4600000e+02   3.0000000e+00   6.7070000e+03
   6.0000000e+00   4.5000000e+02   7.2851800e+02   8.0744500e+02   2.4600000e+02   3.0000000e+00   6.6940000e+03
   6.0000000e+00   4.5100000e+02   7.2965300e+02   7.9325000e+02   2.3600000e+02   4.0000000e+00   6.6850000e+03
   6.0000000e+00   4.5400000e+02   7.9892800e+02   8.6612000e+02   2.2300000e+02   4.0000000e+00   1.7190000e+03
   6.0000000e+00   4.5500000e+02   8.0214500e+02   8.5854900e+02   2.3000000e+02   4.0000000e+00   6.7100000e+03
   6.0000000e+00   4.5600000e+02   7.9495300e+02   8.5589900e+02   2.4300000e+02   4.0000000e+00   6.7130000e+03
   6.0000000e+00   4.5700000e+02   7.9608900e+02   8.4548900e+02   2.4900000e+02   3.0000000e+00   6.7150000e+03
   6.0000000e+00   4.5800000e+02   7.9646700e+02   8.5722400e+02   2.4800000e+02   3.0000000e+00   6.7150000e+03
   6.0000000e+00   4.5900000e+02   7.3854900e+02   8.1369100e+02   2.2300000e+02   3.0000000e+00   1.7180000e+03
   6.0000000e+00   4.6000000e+02   7.3324900e+02   8.1709800e+02   2.2300000e+02   3.0000000e+00   1.7180000e+03
   5.0000000e+00   5.1800000e+02   8.3583600e+02   1.0020190e+03   2.9900000e+02   1.0000000e+00   2.1950000e+03
   5.0000000e+00   5.1900000e+02   8.2788700e+02   1.0099690e+03   2.9900000e+02   1.0000000e+00   2.1950000e+03
   5.0000000e+00   5.2000000e+02   8.1198800e+02   9.9444800e+02   2.9900000e+02   1.0000000e+00   2.1950000e+03
   5.0000000e+00   5.2100000e+02   8.3735000e+02   9.9028400e+02   2.9900000e+02   1.0000000e+00   2.1950000e+03
   5.0000000e+00   5.2200000e+02   8.2599400e+02   1.0114830e+03   2.8500000e+02   1.0000000e+00   2.1950000e+03
   5.0000000e+00   5.2300000e+02   8.2372300e+02   1.0243540e+03   2.8000000e+02   1.0000000e+00   2.1950000e+03
   5.0000000e+00   5.2400000e+02   8.3394300e+02   9.7817100e+02   2.8000000e+02   1.0000000e+00   2.1950000e+03
   5.0000000e+00   5.2500000e+02   8.4151400e+02   9.7438500e+02   2.8000000e+02   1.0000000e+00   2.1950000e+03
   5.0000000e+00   5.2600000e+02   8.5249200e+02   9.8384900e+02   2.8000000e+02   1.0000000e+00   2.1950000e+03
   5.0000000e+00   5.2700000e+02   8.0441700e+02   9.8119900e+02   2.6500000e+02   1.0000000e+00   2.1950000e+03
   5.0000000e+00   5.2800000e+02   8.0555200e+02   9.6454300e+02   2.6500000e+02   1.0000000e+00   2.1950000e+03
   5.0000000e+00   5.2900000e+02   8.2410100e+02   1.0235970e+03   2.6500000e+02   1.0000000e+00   2.1950000e+03
   5.0000000e+00   5.3000000e+02   8.1728700e+02   1.0258680e+03   2.5900000e+02   1.0000000e+00   2.1950000e+03
   5.0000000e+00   5.3100000e+02   8.2826500e+02   9.8460600e+02   2.5700000e+02   1.0000000e+00   2.1950000e+03
   5.0000000e+00   5.3200000e+02   8.2334400e+02   9.7022100e+02   2.5700000e+02   1.0000000e+00   2.1950000e+03
   5.0000000e+00   5.3300000e+02   8.0895900e+02   9.7400700e+02   2.5700000e+02   1.0000000e+00   2.1950000e+03
   5.0000000e+00   5.3400000e+02   8.0593100e+02   9.8233500e+02   2.5300000e+02   1.0000000e+00   2.1950000e+03
   5.0000000e+00   5.3500000e+02   8.2069400e+02   1.0247320e+03   2.5300000e+02   1.0000000e+00   2.1950000e+03
   5.0000000e+00   5.3600000e+02   8.2258700e+02   1.0523660e+03   2.4900000e+02   1.0000000e+00   2.1950000e+03
   5.0000000e+00   5.3700000e+02   8.2902200e+02   1.0546380e+03   2.4900000e+02   1.0000000e+00   2.1950000e+03
   5.0000000e+00   5.3800000e+02   8.3432200e+02   1.0580450e+03   2.4300000e+02   1.0000000e+00   6.7610000e+03
   5.0000000e+00   5.3900000e+02   8.1653000e+02   1.0478240e+03   2.3700000e+02   1.0000000e+00   6.7610000e+03
   5.0000000e+00   5.4000000e+02   8.1842300e+02   1.0425240e+03   2.3400000e+02   1.0000000e+00   6.7610000e+03
   5.0000000e+00   5.4100000e+02   8.4000000e+02   1.0493380e+03   2.3400000e+02   1.0000000e+00   6.7610000e+03
   5.0000000e+00   5.6400000e+02   9.5356500e+02   8.7388000e+02   2.2800000e+02   4.0000000e+00   2.2280000e+03
   5.0000000e+00   5.6500000e+02   9.6757100e+02   8.6820200e+02   2.3200000e+02   4.0000000e+00   2.2280000e+03
   5.0000000e+00   5.6600000e+02   9.5470100e+02   8.5836000e+02   2.3300000e+02   4.0000000e+00   2.2280000e+03
   5.0000000e+00   5.6700000e+02   9.6757100e+02   8.6366000e+02   2.3400000e+02   4.0000000e+00   2.2280000e+03
   5.0000000e+00   5.6800000e+02   9.5394400e+02   8.6858100e+02   2.3400000e+02   4.0000000e+00   2.2280000e+03
   5.0000000e+00   5.6900000e+02   9.4334400e+02   8.8069400e+02   2.4400000e+02   4.0000000e+00   2.2470000e+03
   5.0000000e+00   5.7000000e+02   9.5810800e+02   8.8107300e+02   2.4400000e+02   4.0000000e+00   2.2470000e+03
   3.0000000e+00   5.7100000e+02   1.1846690e+03   9.2157800e+02   1.2200000e+02   1.0000000e+00   2.0380000e+03
   3.0000000e+00   5.7200000e+02   1.1816410e+03   9.1249200e+02   1.2200000e+02   1.0000000e+00   2.0380000e+03
   3.0000000e+00   5.7300000e+02   1.1876980e+03   9.1097800e+02   1.2200000e+02   1.0000000e+00   2.0380000e+03
   3.0000000e+00   5.7400000e+02   1.1835330e+03   9.0227200e+02   1.2200000e+02   1.0000000e+00   2.0380000e+03
   3.0000000e+00   5.7500000e+02   1.1835330e+03   8.8599400e+02   1.2200000e+02   1.0000000e+00   2.0380000e+03
   3.0000000e+00   5.7600000e+02   1.1884550e+03   8.8334400e+02   1.2200000e+02   1.0000000e+00   2.0380000e+03
   3.0000000e+00   5.7700000e+02   1.1816410e+03   8.9772900e+02   1.2700000e+02   1.0000000e+00   2.0380000e+03
   3.0000000e+00   5.7800000e+02   1.1827760e+03   9.0984300e+02   1.3400000e+02   1.0000000e+00   2.0380000e+03
   3.0000000e+00   5.7900000e+02   1.1664990e+03   9.2271300e+02   1.3700000e+02   1.0000000e+00   2.0380000e+03
   3.0000000e+00   5.8000000e+02   1.1721770e+03   9.1287100e+02   1.3200000e+02   2.0000000e+00   2.0380000e+03
   3.0000000e+00   5.8100000e+02   1.1717990e+03   9.0681400e+02   1.3200000e+02   2.0000000e+00   2.0380000e+03
   3.0000000e+00   5.8200000e+02   1.1653630e+03   9.1552100e+02   1.3600000e+02   2.0000000e+00   2.0380000e+03
   3.0000000e+00   5.8300000e+02   1.1714200e+03   9.0681400e+02   1.4200000e+02   2.0000000e+00   2.0410000e+03
   3.0000000e+00   5.8400000e+02   1.1929970e+03   8.9470100e+02   1.4700000e+02   2.0000000e+00   2.0410000e+03
   3.0000000e+00   5.8500000e+02   1.2035970e+03   8.8183000e+02   1.4700000e+02   1.0000000e+00   2.0410000e+03
   3.0000000e+00   5.8600000e+02   1.1899690e+03   8.3375400e+02   1.3400000e+02   2.0000000e+00   2.0410000e+03
   3.0000000e+00   5.8700000e+02   1.1759630e+03   8.2959000e+02   1.3400000e+02   2.0000000e+00   2.0380000e+03
   3.0000000e+00   5.8800000e+02   1.2017040e+03   8.8183000e+02   1.5100000e+02   1.0000000e+00   2.0410000e+03
   3.0000000e+00   5.8900000e+02   1.2115460e+03   8.9167200e+02   1.5100000e+02   1.0000000e+00   2.0410000e+03
   3.0000000e+00   5.9000000e+02   1.2119250e+03   8.9924300e+02   1.5100000e+02   1.0000000e+00   2.0410000e+03
   3.0000000e+00   5.9100000e+02   1.1558990e+03   8.4662500e+02   1.5200000e+02   1.0000000e+00   2.0410000e+03
   3.0000000e+00   5.9200000e+02   1.1907260e+03   8.8107300e+02   1.5600000e+02   1.0000000e+00   2.0410000e+03
   3.0000000e+00   5.9300000e+02   1.2001900e+03   8.9507900e+02   1.5600000e+02   1.0000000e+00   2.0410000e+03
   3.0000000e+00   5.9400000e+02   1.1964040e+03   8.8220900e+02   1.6300000e+02   1.0000000e+00   2.0410000e+03
   3.0000000e+00   5.9500000e+02   1.1967830e+03   8.7312300e+02   1.6300000e+02   1.0000000e+00   2.0410000e+03
   3.0000000e+00   5.9600000e+02   1.1562780e+03   8.4889600e+02   1.6300000e+02   1.0000000e+00   2.0410000e+03
   3.0000000e+00   5.9700000e+02   1.1941330e+03   8.5003200e+02   1.6300000e+02   1.0000000e+00   2.0410000e+03
   3.0000000e+00   5.9800000e+02   1.1979180e+03   8.9507900e+02   1.6300000e+02   2.0000000e+00   2.0410000e+03
   3.0000000e+00   5.9900000e+02   1.1892120e+03   8.8713000e+02   1.6700000e+02   1.0000000e+00   2.0410000e+03
   3.0000000e+00   6.0000000e+02   1.1513570e+03   8.6176700e+02   1.6900000e+02   1.0000000e+00   2.0410000e+03
   3.0000000e+00   6.0100000e+02   1.1873190e+03   8.8334400e+02   1.7200000e+02   1.0000000e+00   2.0410000e+03
   3.0000000e+00   6.0200000e+02   1.1880760e+03   9.1892800e+02   1.5600000e+02   1.0000000e+00   2.0410000e+03
   3.0000000e+00   6.0300000e+02   1.1827760e+03   9.1741400e+02   1.6100000e+02   1.0000000e+00   2.0410000e+03
   3.0000000e+00   6.0400000e+02   1.1782340e+03   9.1400700e+02   1.6100000e+02   1.0000000e+00   2.0410000e+03
   3.0000000e+00   6.0500000e+02   1.1736910e+03   9.1287100e+02   1.6100000e+02   1.0000000e+00   2.0410000e+03
   3.0000000e+00   6.0600000e+02   1.1683920e+03   9.1703500e+02   1.6100000e+02   1.0000000e+00   2.0410000e+03
   3.0000000e+00   6.0700000e+02   1.1695270e+03   9.2498500e+02   1.6100000e+02   1.0000000e+00   2.0410000e+03
   3.0000000e+00   6.0800000e+02   1.1748270e+03   9.3066300e+02   1.6100000e+02   1.0000000e+00   2.0410000e+03
   3.0000000e+00   6.0900000e+02   1.1782340e+03   9.1930600e+02   1.6600000e+02   1.0000000e+00   2.0410000e+03
   3.0000000e+00   6.1000000e+02   1.1797480e+03   9.2687700e+02   1.6600000e+02   1.0000000e+00   2.0410000e+03
   1.0000000e+01   6.9100000e+02   1.1305370e+03   9.8659300e+02   1.8500000e+02   3.0000000e+00   3.4070000e+03
   1.0000000e+01   6.9200000e+02   1.1262780e+03   9.9454300e+02   1.8500000e+02   3.0000000e+00   3.4080000e+03
   1.0000000e+01   6.9300000e+02   1.1313880e+03   9.8659300e+02   1.9200000e+02   3.0000000e+00   3.4060000e+03
   1.0000000e+01   6.9400000e+02   1.1259940e+03   9.9369100e+02   1.9200000e+02   3.0000000e+00   3.4070000e+03
   1.0000000e+01   6.9500000e+02   1.0939120e+03   1.0209470e+03   1.9100000e+02   3.0000000e+00   3.2890000e+03
   1.0000000e+01   6.9600000e+02   1.0941960e+03   1.0394010e+03   1.9400000e+02   3.0000000e+00   3.2890000e+03
   1.0000000e+01   6.9700000e+02   1.0768770e+03   1.0166880e+03   1.9600000e+02   3.0000000e+00   3.2890000e+03
   1.0000000e+01   6.9800000e+02   1.0706310e+03   1.0283280e+03   1.9600000e+02   2.0000000e+00   3.2890000e+03
   1.0000000e+01   6.9900000e+02   1.0958990e+03   1.0306000e+03   2.0200000e+02   3.0000000e+00   3.2890000e+03
   1.0000000e+01   7.0000000e+02   1.1018620e+03   1.0283280e+03   2.0200000e+02   3.0000000e+00   3.2890000e+03
   1.0000000e+01   7.0100000e+02   1.1563730e+03   1.0385490e+03   2.0800000e+02   4.0000000e+00   3.2540000e+03
   1.0000000e+01   7.0200000e+02   1.1665930e+03   1.0527450e+03   2.1200000e+02   4.0000000e+00   3.2540000e+03
   1.0000000e+01   7.0300000e+02   1.1663100e+03   1.0467830e+03   2.1200000e+02   4.0000000e+00   3.2540000e+03
   1.0000000e+01   7.0400000e+02   1.0958990e+03   1.0479180e+03   2.1200000e+02   3.0000000e+00   3.2890000e+03
   1.0000000e+01   7.0500000e+02   1.1078240e+03   1.0561520e+03   2.1200000e+02   3.0000000e+00   3.2890000e+03
   1.0000000e+01   7.0600000e+02   1.1126500e+03   1.0391170e+03   2.1700000e+02   3.0000000e+00   3.2890000e+03
   1.0000000e+01   7.0700000e+02   1.1203160e+03   1.0376980e+03   2.1700000e+02   3.0000000e+00   3.2890000e+03
   1.0000000e+01   7.0800000e+02   1.1251420e+03   1.0306000e+03   2.1700000e+02   4.0000000e+00   3.2890000e+03
   1.0000000e+01   7.0900000e+02   1.1120820e+03   1.0286120e+03   2.2200000e+02   4.0000000e+00   3.2890000e+03
   1.0000000e+01   7.1000000e+02   1.1180450e+03   1.0408210e+03   2.2100000e+02   4.0000000e+00   3.2890000e+03
   1.0000000e+01   7.1100000e+02   1.1455840e+03   1.0192430e+03   2.2100000e+02   4.0000000e+00   3.2600000e+03
   1.0000000e+01   7.1200000e+02   1.1739750e+03   1.0447950e+03   2.2500000e+02   4.0000000e+00   3.2520000e+03
   1.0000000e+01   7.1300000e+02   1.1506940e+03   1.0513250e+03   2.2500000e+02   4.0000000e+00   3.2520000e+03
   1.0000000e+01   7.1400000e+02   1.1822090e+03   1.0484860e+03   2.3100000e+02   4.0000000e+00   3.2900000e+03
   1.0000000e+01   7.1500000e+02   1.1694330e+03   1.0689280e+03   2.3100000e+02   4.0000000e+00   3.2510000e+03
   1.0000000e+01   7.1600000e+02   1.1555210e+03   1.0646690e+03   2.3500000e+02   4.0000000e+00   3.2910000e+03
   1.0000000e+01   7.1700000e+02   1.1876030e+03   1.0394010e+03   2.4700000e+02   4.0000000e+00   3.2930000e+03
   1.0000000e+01   7.1800000e+02   1.1853320e+03   1.0306000e+03   2.4700000e+02   4.0000000e+00   3.2930000e+03
   1.0000000e+01   7.1900000e+02   1.1881710e+03   1.0288960e+03   2.5800000e+02   4.0000000e+00   3.2960000e+03
   1.0000000e+01   7.2000000e+02   1.2299060e+03   1.0706310e+03   2.8200000e+02   2.0000000e+00   3.3300000e+03
   1.0000000e+01   7.2100000e+02   1.2148580e+03   1.0740380e+03   2.7800000e+02   2.0000000e+00   3.3300000e+03
   1.0000000e+01   7.2200000e+02   1.2239440e+03   1.0865300e+03   2.7800000e+02   2.0000000e+00   3.3300000e+03
   1.0000000e+01   7.2300000e+02   1.2287700e+03   1.0589910e+03   2.7100000e+02   2.0000000e+00   3.3300000e+03
   1.0000000e+01   7.2400000e+02   1.1986750e+03   1.0731870e+03   2.4700000e+02   1.0000000e+00   3.2460000e+03
   1.0000000e+01   7.2500000e+02   1.2054890e+03   1.0501900e+03   2.3500000e+02   1.0000000e+00   3.2460000e+03
   1.0000000e+01   7.2600000e+02   1.2154260e+03   1.0561520e+03   2.3500000e+02   1.0000000e+00   3.2460000e+03
   1.0000000e+01   7.2700000e+02   1.2645430e+03   1.0723350e+03   2.3400000e+02   3.0000000e+00   3.2300000e+03
   1.0000000e+01   7.2800000e+02   1.2460890e+03   1.0817040e+03   2.3200000e+02   3.0000000e+00   3.2290000e+03
   1.0000000e+01   7.2900000e+02   1.2341640e+03   1.0808520e+03   2.3200000e+02   3.0000000e+00   3.2450000e+03
   1.0000000e+01   7.3000000e+02   1.1468140e+03   1.0181080e+03   2.2600000e+02   4.0000000e+00   3.2590000e+03
   1.0000000e+01   7.3400000e+02   1.1271300e+03   9.8403800e+02   2.3700000e+02   3.0000000e+00   3.2780000e+03
   1.0000000e+01   7.3500000e+02   1.1362150e+03   9.9388100e+02   2.3900000e+02   3.0000000e+00   6.8070000e+03
   1.0000000e+01   7.3600000e+02   1.1214510e+03   1.0033440e+03   2.3900000e+02   3.0000000e+00   6.8070000e+03
   1.0000000e+01   7.3700000e+02   1.1305370e+03   1.0037230e+03   2.3900000e+02   3.0000000e+00   6.8070000e+03
   1.0000000e+01   7.3800000e+02   1.1362150e+03   1.0014510e+03   2.3900000e+02   3.0000000e+00   6.8070000e+03
   1.0000000e+01   7.3900000e+02   1.1206940e+03   1.0033440e+03   2.4800000e+02   3.0000000e+00   6.8080000e+03
   1.0000000e+01   7.4000000e+02   1.1112310e+03   1.1475710e+03   1.8500000e+02   4.0000000e+00   3.1770000e+03
   1.0000000e+01   7.4100000e+02   1.1242910e+03   1.1413250e+03   1.8500000e+02   4.0000000e+00   3.1770000e+03
   1.0000000e+01   7.4200000e+02   1.1271300e+03   1.1220190e+03   2.0000000e+02   4.0000000e+00   3.1790000e+03
   1.0000000e+01   7.4300000e+02   1.1311040e+03   1.1424610e+03   2.0000000e+02   4.0000000e+00   3.1770000e+03
   4.0000000e+00   1.0710000e+03   1.0754580e+03   3.6170400e+02   1.8800000e+02   1.0000000e+00   2.4340000e+03
   4.0000000e+00   1.0720000e+03   1.1000630e+03   3.5489000e+02   1.8800000e+02   1.0000000e+00   2.4340000e+03
   4.0000000e+00   1.0730000e+03   1.0947640e+03   3.4656200e+02   1.8800000e+02   1.0000000e+00   2.4340000e+03
   4.0000000e+00   1.0740000e+03   1.1030920e+03   3.6359600e+02   1.9000000e+02   1.0000000e+00   2.4340000e+03
   4.0000000e+00   1.0750000e+03   1.0845430e+03   3.4618300e+02   1.9000000e+02   1.0000000e+00   2.4340000e+03
   4.0000000e+00   1.0760000e+03   1.0705370e+03   3.5148300e+02   1.9500000e+02   1.0000000e+00   2.4340000e+03
   4.0000000e+00   1.0770000e+03   1.0928710e+03   3.6738200e+02   1.9900000e+02   1.0000000e+00   2.4340000e+03
   4.0000000e+00   1.0780000e+03   1.0989280e+03   3.6776000e+02   2.0800000e+02   1.0000000e+00   2.4340000e+03
   4.0000000e+00   1.0790000e+03   1.1159630e+03   3.6208200e+02   2.4700000e+02   1.0000000e+00   6.8870000e+03
   4.0000000e+00   1.0800000e+03   1.1261830e+03   3.5337600e+02   2.4700000e+02   1.0000000e+00   6.8870000e+03
   4.0000000e+00   1.0810000e+03   1.1019560e+03   3.4845400e+02   2.4700000e+02   1.0000000e+00   6.8870000e+03
   4.0000000e+00   1.0820000e+03   1.1159630e+03   3.4126200e+02   2.5500000e+02   1.0000000e+00   6.8870000e+03
   4.0000000e+00   1.0830000e+03   1.1167200e+03   3.6776000e+02   2.5500000e+02   1.0000000e+00   6.8870000e+03
   4.0000000e+00   1.0840000e+03   1.1250480e+03   3.4694000e+02   2.6200000e+02   1.0000000e+00   6.8870000e+03
   4.0000000e+00   1.0850000e+03   1.1269400e+03   3.5791800e+02   2.6200000e+02   1.0000000e+00   6.8870000e+03
   4.0000000e+00   1.0860000e+03   1.1242910e+03   3.6511100e+02   2.6200000e+02   1.0000000e+00   6.8870000e+03
   4.0000000e+00   1.0870000e+03   1.1140700e+03   3.5489000e+02   2.6800000e+02   1.0000000e+00   6.8870000e+03
   4.0000000e+00   1.0880000e+03   1.1935650e+03   4.1848600e+02   2.6500000e+02   1.0000000e+00   2.6750000e+03
   4.0000000e+00   1.0890000e+03   1.1750160e+03   4.0334400e+02   2.8800000e+02   1.0000000e+00   6.8880000e+03
   4.0000000e+00   1.0900000e+03   1.1682020e+03   4.0448000e+02   2.8800000e+02   1.0000000e+00   6.8880000e+03
   4.0000000e+00   1.0910000e+03   1.1935650e+03   3.6473200e+02   3.0800000e+02   1.0000000e+00   6.8880000e+03
   4.0000000e+00   1.0920000e+03   1.1859940e+03   3.5829700e+02   3.0800000e+02   1.0000000e+00   6.8880000e+03
   4.0000000e+00   1.0930000e+03   1.1799370e+03   3.6397500e+02   3.0800000e+02   1.0000000e+00   6.8880000e+03
   4.0000000e+00   1.0940000e+03   1.1965930e+03   3.6927500e+02   2.9400000e+02   1.0000000e+00   6.8880000e+03
   4.0000000e+00   1.0950000e+03   1.1909150e+03   3.6700300e+02   2.9400000e+02   1.0000000e+00   6.8880000e+03
   4.0000000e+00   1.0960000e+03   1.1825870e+03   3.6662500e+02   2.9400000e+02   1.0000000e+00   6.8880000e+03
   4.0000000e+00   1.0970000e+03   1.1897800e+03   4.3324900e+02   3.0000000e+02   1.0000000e+00   6.8900000e+03
   4.0000000e+00   1.0980000e+03   1.1916720e+03   4.3665600e+02   3.1300000e+02   1.0000000e+00   6.8900000e+03
   4.0000000e+00   1.0990000e+03   1.1367830e+03   4.4082000e+02   3.2600000e+02   1.0000000e+00   2.6890000e+03
   4.0000000e+00   1.1000000e+03   1.1443540e+03   4.2832800e+02   3.2600000e+02   1.0000000e+00   2.6890000e+03
   4.0000000e+00   1.1010000e+03   1.1962150e+03   5.1085200e+02   2.8000000e+02   1.0000000e+00   2.7120000e+03
   4.0000000e+00   1.1020000e+03   1.1912940e+03   5.1653000e+02   2.8000000e+02   1.0000000e+00   2.7120000e+03
   4.0000000e+00   1.1030000e+03   1.1871300e+03   5.1312300e+02   2.8700000e+02   1.0000000e+00   2.7120000e+03
   4.0000000e+00   1.1040000e+03   1.1867510e+03   4.9116700e+02   3.0200000e+02   1.0000000e+00   2.7120000e+03
   4.0000000e+00   1.1050000e+03   1.1844800e+03   4.7375400e+02   3.1300000e+02   1.0000000e+00   2.7120000e+03
   4.0000000e+00   1.1060000e+03   1.1984860e+03   4.7564700e+02   3.0600000e+02   1.0000000e+00   2.7120000e+03
   4.0000000e+00   1.1070000e+03   1.1731230e+03   4.6731900e+02   3.0400000e+02   1.0000000e+00   2.6930000e+03
   1.4000000e+01   1.1080000e+03   7.3911700e+02   4.7545800e+02   3.2000000e+02   1.0000000e+00   5.1240000e+03
   1.4000000e+01   1.1090000e+03   7.2586800e+02   4.8946400e+02   3.2000000e+02   1.0000000e+00   5.1240000e+03
   1.4000000e+01   1.1100000e+03   6.6908500e+02   4.8605700e+02   3.2000000e+02   1.0000000e+00   5.1240000e+03
   1.4000000e+01   1.1110000e+03   6.8649900e+02   4.7772900e+02   3.2000000e+02   1.0000000e+00   5.1240000e+03
   1.4000000e+01   1.1120000e+03   7.2321800e+02   4.7810700e+02   3.1800000e+02   1.0000000e+00   5.1240000e+03
   1.4000000e+01   1.1130000e+03   7.1829700e+02   4.6675100e+02   3.1800000e+02   1.0000000e+00   5.1240000e+03
   1.4000000e+01   1.1140000e+03   7.1337600e+02   4.5009500e+02   3.1800000e+02   1.0000000e+00   5.1240000e+03
   1.4000000e+01   1.1150000e+03   7.4820200e+02   4.8340700e+02   3.1600000e+02   1.0000000e+00   5.1240000e+03
   1.4000000e+01   1.1160000e+03   7.0845400e+02   4.5653000e+02   3.1300000e+02   1.0000000e+00   5.1240000e+03
   1.4000000e+01   1.1170000e+03   7.6561500e+02   5.1861200e+02   3.1300000e+02   1.0000000e+00   5.1190000e+03
   1.4000000e+01   1.1180000e+03   7.5880200e+02   5.0952700e+02   3.1300000e+02   1.0000000e+00   5.1190000e+03
   1.4000000e+01   1.1190000e+03   7.6485800e+02   4.9779200e+02   3.1300000e+02   1.0000000e+00   5.1190000e+03
   1.4000000e+01   1.1200000e+03   7.6826500e+02   5.2807600e+02   3.0700000e+02   1.0000000e+00   5.1190000e+03
   1.4000000e+01   1.1210000e+03   6.7135700e+02   4.8605700e+02   3.2000000e+02   1.0000000e+00   5.1300000e+03
   1.4000000e+01   1.1220000e+03   6.8574200e+02   4.7772900e+02   3.2000000e+02   1.0000000e+00   5.1300000e+03
   1.4000000e+01   1.1230000e+03   6.4561500e+02   5.0006300e+02   2.9600000e+02   1.0000000e+00   5.1300000e+03
   1.4000000e+01   1.1240000e+03   6.5015800e+02   5.2921200e+02   2.9100000e+02   1.0000000e+00   5.1300000e+03
   1.4000000e+01   1.1250000e+03   6.6416400e+02   5.2807600e+02   2.8900000e+02   1.0000000e+00   5.1300000e+03
   1.4000000e+01   1.1260000e+03   6.7552100e+02   4.7886500e+02   2.8900000e+02   1.0000000e+00   5.1300000e+03
   1.4000000e+01   1.1270000e+03   6.7211400e+02   4.8870700e+02   2.8700000e+02   2.0000000e+00   5.1300000e+03
   1.4000000e+01   1.1280000e+03   6.8082000e+02   4.8567800e+02   2.7500000e+02   1.0000000e+00   5.1300000e+03
   1.4000000e+01   1.1290000e+03   6.8536300e+02   4.7470100e+02   2.7500000e+02   1.0000000e+00   5.1300000e+03
   1.4000000e+01   1.1300000e+03   7.2700300e+02   5.0877000e+02   2.9800000e+02   1.0000000e+00   5.1260000e+03
   1.4000000e+01   1.1310000e+03   7.6220800e+02   4.6220800e+02   2.7700000e+02   1.0000000e+00   5.1170000e+03
   1.4000000e+01   1.1320000e+03   7.6902200e+02   4.7962200e+02   2.6900000e+02   1.0000000e+00   5.1170000e+03
   1.4000000e+01   1.1330000e+03   6.8952700e+02   4.4138800e+02   2.5000000e+02   4.0000000e+00   4.7990000e+03
   1.4000000e+01   1.1340000e+03   7.1186100e+02   4.4555200e+02   2.4500000e+02   3.0000000e+00   4.8100000e+03
   1.4000000e+01   1.1350000e+03   6.8763400e+02   4.8265000e+02   2.4500000e+02   2.0000000e+00   4.8030000e+03
   1.4000000e+01   1.1360000e+03   6.8725600e+02   4.8037900e+02   2.3400000e+02   2.0000000e+00   4.8030000e+03
   1.4000000e+01   1.1370000e+03   6.8536300e+02   4.8151400e+02   2.3700000e+02   3.0000000e+00   4.8030000e+03
   1.4000000e+01   1.1380000e+03   6.4239800e+02   6.2479500e+02   3.2000000e+02   2.0000000e+00   6.9030000e+03
   1.4000000e+01   1.1390000e+03   6.1817100e+02   6.2820200e+02   3.1400000e+02   2.0000000e+00   6.9020000e+03
   1.4000000e+01   1.1400000e+03   6.2347000e+02   6.1343900e+02   3.0600000e+02   2.0000000e+00   6.9020000e+03
   1.4000000e+01   1.1410000e+03   6.1287100e+02   6.2025300e+02   3.0000000e+02   1.0000000e+00   6.9020000e+03
   1.4000000e+01   1.1420000e+03   6.3520500e+02   6.1684600e+02   2.9500000e+02   2.0000000e+00   6.9030000e+03
   1.4000000e+01   1.1430000e+03   6.0908500e+02   6.2782400e+02   2.9500000e+02   2.0000000e+00   6.9020000e+03
   1.4000000e+01   1.1440000e+03   6.4769700e+02   5.7861200e+02   3.1300000e+02   1.0000000e+00   5.1710000e+03
   1.4000000e+01   1.1450000e+03   6.3974800e+02   5.8315500e+02   3.1300000e+02   1.0000000e+00   5.1710000e+03
   1.4000000e+01   1.1460000e+03   6.3861200e+02   5.9110400e+02   3.1300000e+02   1.0000000e+00   5.1710000e+03
   1.4000000e+01   1.1470000e+03   6.3747700e+02   5.6119900e+02   3.1000000e+02   1.0000000e+00   5.1710000e+03
   1.4000000e+01   1.1480000e+03   6.2157700e+02   6.0094700e+02   3.0000000e+02   1.0000000e+00   6.9020000e+03
   1.4000000e+01   1.1490000e+03   6.2839100e+02   6.0586800e+02   3.0000000e+02   1.0000000e+00   6.9020000e+03
   1.4000000e+01   1.1500000e+03   6.3142000e+02   5.6574200e+02   2.9500000e+02   1.0000000e+00   5.1710000e+03
   1.4000000e+01   1.1510000e+03   6.3974800e+02   5.6271300e+02   2.9500000e+02   1.0000000e+00   5.1710000e+03
   1.4000000e+01   1.1520000e+03   6.2687700e+02   5.6006300e+02   2.9000000e+02   1.0000000e+00   5.1710000e+03
   1.4000000e+01   1.1530000e+03   5.9432200e+02   5.7066300e+02   2.8700000e+02   1.0000000e+00   5.1710000e+03
   1.4000000e+01   1.1540000e+03   6.2082000e+02   5.8504800e+02   2.9100000e+02   1.0000000e+00   5.1710000e+03
   1.4000000e+01   1.1550000e+03   6.1135700e+02   5.8959000e+02   2.9100000e+02   1.0000000e+00   5.1710000e+03
   1.4000000e+01   1.1560000e+03   6.0189300e+02   5.8580500e+02   2.9100000e+02   1.0000000e+00   5.1710000e+03
   1.4000000e+01   1.1570000e+03   5.8410100e+02   5.9261900e+02   3.0700000e+02   1.0000000e+00   5.1710000e+03
   1.4000000e+01   1.1580000e+03   5.8372300e+02   5.8504800e+02   3.0700000e+02   1.0000000e+00   5.1710000e+03
   1.4000000e+01   1.1590000e+03   5.7388000e+02   5.7520500e+02   3.0700000e+02   1.0000000e+00   5.1710000e+03
   1.4000000e+01   1.1620000e+03   7.6769700e+02   4.7867500e+02   2.6600000e+02   1.0000000e+00   6.8910000e+03
   1.3000000e+01   1.6370000e+03   7.6750800e+02   3.6965300e+02   2.2800000e+02   2.0000000e+00   7.0110000e+03
   1.3000000e+01   1.6380000e+03   7.7735000e+02   3.7343900e+02   2.2800000e+02   2.0000000e+00   7.0110000e+03
   1.3000000e+01   1.6390000e+03   7.9362800e+02   3.6851700e+02   2.2800000e+02   2.0000000e+00   7.0110000e+03
   1.3000000e+01   1.6400000e+03   7.8757100e+02   3.5526800e+02   2.3300000e+02   2.0000000e+00   7.0110000e+03
   1.3000000e+01   1.6410000e+03   7.8000000e+02   3.5564700e+02   2.3600000e+02   1.0000000e+00   7.0110000e+03
   1.3000000e+01   1.6420000e+03   7.7886500e+02   3.6624600e+02   2.1700000e+02   2.0000000e+00   7.0110000e+03
   1.3000000e+01   1.6430000e+03   7.6637200e+02   3.7192400e+02   7.4000000e+01   4.0000000e+00   6.0240000e+03
   1.3000000e+01   1.6440000e+03   7.6750800e+02   3.6662500e+02   7.9000000e+01   4.0000000e+00   6.0240000e+03
   1.3000000e+01   1.6450000e+03   7.8832800e+02   3.6776000e+02   8.6000000e+01   4.0000000e+00   6.0060000e+03
   1.3000000e+01   1.6460000e+03   8.0574200e+02   3.5791800e+02   8.6000000e+01   4.0000000e+00   6.0070000e+03
   1.3000000e+01   1.6470000e+03   8.0990600e+02   3.4391200e+02   8.8000000e+01   4.0000000e+00   6.0080000e+03
   1.3000000e+01   1.6480000e+03   7.8151400e+02   3.6208200e+02   8.9000000e+01   4.0000000e+00   6.0060000e+03
   1.3000000e+01   1.6490000e+03   7.8946400e+02   3.6851700e+02   9.3000000e+01   4.0000000e+00   6.0060000e+03
   1.3000000e+01   1.6500000e+03   7.8000000e+02   3.6624600e+02   9.8000000e+01   4.0000000e+00   6.0050000e+03
   1.3000000e+01   1.6510000e+03   7.6448000e+02   3.5034700e+02   1.0400000e+02   4.0000000e+00   6.0040000e+03
   1.3000000e+01   1.6520000e+03   7.7810800e+02   3.4391200e+02   1.0400000e+02   4.0000000e+00   6.0030000e+03
   1.3000000e+01   1.6530000e+03   7.8530000e+02   3.6056800e+02   1.0700000e+02   4.0000000e+00   6.0030000e+03
   1.3000000e+01   1.6540000e+03   7.7432200e+02   3.4353300e+02   1.0700000e+02   4.0000000e+00   5.9950000e+03
   1.3000000e+01   1.6550000e+03   7.5804400e+02   3.7041000e+02   1.0700000e+02   4.0000000e+00   5.9930000e+03
   1.3000000e+01   1.6560000e+03   7.8567800e+02   3.2914800e+02   1.1000000e+02   4.0000000e+00   5.9990000e+03
   1.3000000e+01   1.6570000e+03   7.6069400e+02   3.8252400e+02   1.1000000e+02   4.0000000e+00   5.9930000e+03
   1.3000000e+01   1.6580000e+03   7.6031600e+02   3.6738200e+02   1.1700000e+02   4.0000000e+00   5.9930000e+03
   1.3000000e+01   1.6590000e+03   7.4630900e+02   3.8668800e+02   1.2100000e+02   4.0000000e+00   5.9820000e+03
   1.3000000e+01   1.6600000e+03   7.6031600e+02   4.4044200e+02   1.2800000e+02   4.0000000e+00   5.9280000e+03
   1.3000000e+01   1.6610000e+03   7.6940100e+02   4.4082000e+02   1.3500000e+02   4.0000000e+00   5.9280000e+03
   1.3000000e+01   1.6620000e+03   7.5425900e+02   4.2189300e+02   1.5100000e+02   4.0000000e+00   5.9050000e+03
   1.3000000e+01   1.6630000e+03   7.5955900e+02   4.1394300e+02   1.5100000e+02   4.0000000e+00   5.9050000e+03
   1.3000000e+01   1.6640000e+03   7.6940100e+02   4.2908500e+02   1.5100000e+02   4.0000000e+00   5.9050000e+03
   1.3000000e+01   1.6650000e+03   7.7545800e+02   4.0712900e+02   1.5100000e+02   4.0000000e+00   5.9050000e+03
   1.3000000e+01   1.6660000e+03   7.6448000e+02   4.0334400e+02   1.5500000e+02   4.0000000e+00   5.9060000e+03
   1.3000000e+01   1.6670000e+03   7.5766600e+02   4.1091500e+02   1.5500000e+02   4.0000000e+00   5.9060000e+03
   1.3000000e+01   1.6680000e+03   7.7697200e+02   4.0296500e+02   1.6100000e+02   4.0000000e+00   5.9070000e+03
   1.3000000e+01   1.6690000e+03   7.6258700e+02   4.0750800e+02   1.6100000e+02   4.0000000e+00   5.9070000e+03
   1.3000000e+01   1.6700000e+03   7.6183000e+02   4.2037900e+02   1.6100000e+02   4.0000000e+00   5.9070000e+03
   1.3000000e+01   1.6710000e+03   7.7621500e+02   4.0940100e+02   1.7000000e+02   4.0000000e+00   5.9200000e+03
   1.3000000e+01   1.6720000e+03   7.8454300e+02   3.9160900e+02   1.7000000e+02   4.0000000e+00   5.9200000e+03
   1.3000000e+01   1.6730000e+03   7.7735000e+02   3.9009500e+02   1.7000000e+02   4.0000000e+00   5.9200000e+03
   1.3000000e+01   1.6740000e+03   7.6977900e+02   3.9009500e+02   1.7000000e+02   4.0000000e+00   5.9200000e+03
   1.3000000e+01   1.6750000e+03   7.6902200e+02   4.0107300e+02   1.7000000e+02   4.0000000e+00   5.9200000e+03
   1.3000000e+01   1.6760000e+03   7.7394300e+02   3.9993700e+02   1.8000000e+02   4.0000000e+00   5.9210000e+03
   1.3000000e+01   1.6770000e+03   7.7167200e+02   3.9047300e+02   1.8000000e+02   4.0000000e+00   5.9210000e+03
   1.3000000e+01   1.6780000e+03   7.6940100e+02   4.0485800e+02   1.8900000e+02   4.0000000e+00   5.9220000e+03
   1.3000000e+01   1.6790000e+03   7.6107300e+02   3.9047300e+02   1.9600000e+02   4.0000000e+00   5.9250000e+03
   1.3000000e+01   1.6810000e+03   6.9388000e+02   3.3217700e+02   2.0600000e+02   4.0000000e+00   5.8120000e+03
   1.3000000e+01   1.6820000e+03   6.9350200e+02   3.4201900e+02   2.0600000e+02   4.0000000e+00   5.8120000e+03
   1.3000000e+01   1.6830000e+03   6.8990600e+02   3.6795000e+02   1.9700000e+02   4.0000000e+00   5.6500000e+03
   1.3000000e+01   1.6840000e+03   6.8990600e+02   3.2365900e+02   1.9700000e+02   4.0000000e+00   5.8110000e+03
   1.3000000e+01   1.6850000e+03   6.7741300e+02   4.1053600e+02   1.8800000e+02   4.0000000e+00   5.6450000e+03
   1.3000000e+01   1.6860000e+03   6.7571000e+02   4.1791800e+02   1.8500000e+02   4.0000000e+00   5.6450000e+03
   1.3000000e+01   1.6870000e+03   6.7741300e+02   4.1280800e+02   1.8000000e+02   4.0000000e+00   5.6450000e+03
   1.3000000e+01   1.6880000e+03   6.7798100e+02   4.2586800e+02   1.7700000e+02   4.0000000e+00   5.6430000e+03
   1.3000000e+01   1.6890000e+03   6.7571000e+02   4.4858100e+02   1.7700000e+02   4.0000000e+00   5.6420000e+03
   1.3000000e+01   1.6900000e+03   6.7514200e+02   4.5823400e+02   1.7700000e+02   4.0000000e+00   5.6430000e+03
   1.3000000e+01   1.6910000e+03   6.6889600e+02   4.5596200e+02   1.7700000e+02   4.0000000e+00   5.6430000e+03
   1.3000000e+01   1.6920000e+03   6.8082000e+02   4.5255500e+02   1.7000000e+02   4.0000000e+00   5.6420000e+03
   1.3000000e+01   1.6930000e+03   6.7798100e+02   4.8776000e+02   1.6500000e+02   4.0000000e+00   5.6380000e+03
   1.3000000e+01   1.6940000e+03   6.6435400e+02   5.1274500e+02   1.6500000e+02   4.0000000e+00   5.6350000e+03
   1.3000000e+01   1.6950000e+03   6.5583600e+02   5.1388000e+02   1.6500000e+02   4.0000000e+00   5.6350000e+03
   1.3000000e+01   1.6960000e+03   6.7457400e+02   4.0940100e+02   1.9200000e+02   4.0000000e+00   5.6450000e+03
   1.3000000e+01   1.6990000e+03   8.4776100e+02   4.4536300e+02   8.7000000e+01   3.0000000e+00   5.9720000e+03
   1.3000000e+01   1.7000000e+03   8.0801300e+02   4.9343900e+02   8.7000000e+01   3.0000000e+00   5.9620000e+03
   1.3000000e+01   1.7010000e+03   8.0271300e+02   4.8435400e+02   8.7000000e+01   3.0000000e+00   5.9620000e+03
   1.3000000e+01   1.7020000e+03   8.0044200e+02   4.7564700e+02   9.0000000e+01   3.0000000e+00   5.9620000e+03
   1.3000000e+01   1.7030000e+03   7.7091500e+02   4.5861200e+02   9.0000000e+01   3.0000000e+00   5.9760000e+03
   1.3000000e+01   1.7040000e+03   7.5350200e+02   4.4763400e+02   9.0000000e+01   3.0000000e+00   5.9760000e+03
   1.3000000e+01   1.7050000e+03   8.4624600e+02   4.4574200e+02   9.1000000e+01   3.0000000e+00   5.9720000e+03
   1.3000000e+01   1.7060000e+03   7.8567800e+02   4.6050500e+02   9.7000000e+01   2.0000000e+00   5.9740000e+03
   1.3000000e+01   1.7070000e+03   8.1217700e+02   4.4101000e+02   9.7000000e+01   2.0000000e+00   5.9490000e+03
   1.3000000e+01   1.7080000e+03   8.6063100e+02   4.2776000e+02   1.0500000e+02   2.0000000e+00   5.9520000e+03
   1.3000000e+01   1.7090000e+03   8.4056800e+02   4.3381700e+02   1.0500000e+02   2.0000000e+00   5.9510000e+03
   1.3000000e+01   1.7100000e+03   8.1331300e+02   4.4252400e+02   1.0500000e+02   4.0000000e+00   5.9490000e+03
   1.3000000e+01   1.7110000e+03   7.9552100e+02   4.4555200e+02   1.0500000e+02   4.0000000e+00   5.9480000e+03
   1.3000000e+01   1.7120000e+03   7.8530000e+02   4.4365900e+02   1.0500000e+02   4.0000000e+00   5.9470000e+03
   1.3000000e+01   1.7130000e+03   7.8605700e+02   4.6107300e+02   1.1400000e+02   4.0000000e+00   5.9460000e+03
   1.3000000e+01   1.7140000e+03   7.9249200e+02   4.5463700e+02   1.1400000e+02   4.0000000e+00   5.9470000e+03
   1.3000000e+01   1.7150000e+03   8.0536300e+02   4.4668800e+02   1.1400000e+02   4.0000000e+00   5.9480000e+03
   1.3000000e+01   1.7160000e+03   8.0498400e+02   4.4668800e+02   1.1200000e+02   4.0000000e+00   5.9480000e+03
   1.3000000e+01   1.7170000e+03   7.8870700e+02   4.5880100e+02   1.1200000e+02   4.0000000e+00   5.9470000e+03
   1.3000000e+01   1.7180000e+03   7.8757100e+02   4.5955900e+02   1.2000000e+02   4.0000000e+00   5.9470000e+03
   1.3000000e+01   1.7190000e+03   7.9608900e+02   4.7101000e+02   1.5000000e+02   1.0000000e+00   5.9390000e+03
   1.3000000e+01   1.7200000e+03   7.9694000e+02   4.9968500e+02   1.4800000e+02   2.0000000e+00   5.9390000e+03
   1.3000000e+01   1.7210000e+03   7.9637300e+02   4.8548900e+02   1.4600000e+02   2.0000000e+00   5.9390000e+03
   1.3000000e+01   1.7220000e+03   7.8530000e+02   5.0933800e+02   1.4200000e+02   2.0000000e+00   5.9390000e+03
   1.3000000e+01   1.7230000e+03   7.9126200e+02   4.9996900e+02   1.4200000e+02   3.0000000e+00   5.9390000e+03
   1.3000000e+01   1.7240000e+03   8.0347000e+02   5.0564700e+02   1.4200000e+02   3.0000000e+00   5.9390000e+03
   1.3000000e+01   1.7250000e+03   7.8643600e+02   5.2608900e+02   1.4200000e+02   3.0000000e+00   5.9400000e+03
   1.3000000e+01   1.7260000e+03   8.1056800e+02   4.8804400e+02   1.3800000e+02   2.0000000e+00   5.9390000e+03
   1.3000000e+01   1.7270000e+03   7.9495300e+02   4.7526800e+02   1.3800000e+02   2.0000000e+00   5.9390000e+03
   1.3000000e+01   1.7280000e+03   8.0148300e+02   4.8690900e+02   1.3900000e+02   2.0000000e+00   5.9390000e+03
   1.3000000e+01   1.7300000e+03   8.0829700e+02   4.9996900e+02   1.3200000e+02   2.0000000e+00   5.9390000e+03
   1.3000000e+01   1.7310000e+03   8.1936900e+02   4.9372300e+02   1.2800000e+02   2.0000000e+00   5.9390000e+03
   1.3000000e+01   1.7320000e+03   7.8842300e+02   5.2410100e+02   1.3400000e+02   4.0000000e+00   5.9400000e+03
   1.3000000e+01   1.7330000e+03   7.3277600e+02   5.2694000e+02   1.2500000e+02   2.0000000e+00   5.9440000e+03
   1.3000000e+01   1.7340000e+03   7.4640400e+02   5.2523700e+02   1.4000000e+02   1.0000000e+00   5.9440000e+03
   1.3000000e+01   1.7350000e+03   8.3839100e+02   4.1649900e+02   1.7500000e+02   1.0000000e+00   5.9190000e+03
   1.3000000e+01   1.7360000e+03   8.3754000e+02   4.0003200e+02   1.7500000e+02   1.0000000e+00   5.9190000e+03
   1.3000000e+01   1.7370000e+03   8.1028400e+02   4.3665600e+02   1.6600000e+02   1.0000000e+00   7.0140000e+03
   1.3000000e+01   1.7380000e+03   8.0943200e+02   4.3296500e+02   1.5900000e+02   1.0000000e+00   7.0140000e+03
   1.3000000e+01   1.7390000e+03   8.0801300e+02   4.4858100e+02   1.5900000e+02   1.0000000e+00   7.0140000e+03
   1.3000000e+01   1.7400000e+03   8.0772900e+02   4.4233500e+02   1.5000000e+02   1.0000000e+00   7.0140000e+03
   1.3000000e+01   1.7410000e+03   8.4690900e+02   4.4261800e+02   1.5600000e+02   1.0000000e+00   7.0140000e+03
   1.3000000e+01   1.7420000e+03   8.1624600e+02   4.3353300e+02   1.6100000e+02   2.0000000e+00   7.0140000e+03
   1.3000000e+01   1.7430000e+03   8.2391200e+02   4.1451100e+02   1.6300000e+02   2.0000000e+00   7.0140000e+03
   1.3000000e+01   1.7440000e+03   8.2930600e+02   4.0826500e+02   1.6300000e+02   2.0000000e+00   7.0140000e+03
   1.3000000e+01   1.7450000e+03   7.3078900e+02   5.2552100e+02   1.2400000e+02   2.0000000e+00   5.9440000e+03
   1.3000000e+01   1.7460000e+03   7.2142000e+02   3.4552100e+02   9.6000000e+01   3.0000000e+00   5.9910000e+03
   1.3000000e+01   1.7470000e+03   7.1602500e+02   3.3160900e+02   1.0100000e+02   3.0000000e+00   5.9910000e+03
   1.3000000e+01   1.7480000e+03   7.0523700e+02   3.3700300e+02   1.0100000e+02   3.0000000e+00   5.9910000e+03
   1.3000000e+01   1.7490000e+03   7.2028400e+02   3.3984200e+02   1.0100000e+02   3.0000000e+00   5.9910000e+03
   1.3000000e+01   1.7500000e+03   7.1716100e+02   3.5261800e+02   1.0600000e+02   3.0000000e+00   5.9910000e+03
   1.3000000e+01   1.7510000e+03   7.2823400e+02   3.5176700e+02   1.0600000e+02   3.0000000e+00   5.9910000e+03
   1.3000000e+01   1.7520000e+03   7.2795000e+02   3.5914800e+02   1.0600000e+02   3.0000000e+00   5.9910000e+03
   1.3000000e+01   1.7530000e+03   7.3448000e+02   3.7192400e+02   1.0800000e+02   2.0000000e+00   5.9910000e+03
   1.3000000e+01   1.7540000e+03   7.1630900e+02   3.7703500e+02   1.0800000e+02   3.0000000e+00   5.9910000e+03
   1.3000000e+01   1.7550000e+03   7.4470100e+02   3.6908500e+02   1.1100000e+02   3.0000000e+00   5.9900000e+03
   1.3000000e+01   1.7560000e+03   7.1233500e+02   3.6482700e+02   1.1600000e+02   3.0000000e+00   5.9910000e+03
   1.3000000e+01   1.7570000e+03   7.2993700e+02   3.5063100e+02   1.1600000e+02   3.0000000e+00   5.9910000e+03
   1.3000000e+01   1.7580000e+03   7.3987400e+02   3.7050500e+02   1.1900000e+02   4.0000000e+00   5.9840000e+03
   1.3000000e+01   1.7590000e+03   7.0608900e+02   3.6908500e+02   1.2300000e+02   4.0000000e+00   5.9910000e+03
   1.3000000e+01   1.7600000e+03   7.1687700e+02   3.8867500e+02   1.2300000e+02   4.0000000e+00   5.9880000e+03
   1.3000000e+01   1.7610000e+03   7.1148300e+02   3.8186100e+02   1.2300000e+02   4.0000000e+00   5.9880000e+03
   1.3000000e+01   1.7620000e+03   7.0296600e+02   3.7845400e+02   1.3400000e+02   4.0000000e+00   7.0160000e+03
   1.3000000e+01   1.7630000e+03   7.2113600e+02   3.8015800e+02   1.3400000e+02   4.0000000e+00   7.0160000e+03
   1.3000000e+01   1.7640000e+03   8.1795000e+02   3.8952700e+02   1.4200000e+02   3.0000000e+00   5.9160000e+03
   1.3000000e+01   1.7650000e+03   8.1965300e+02   3.7817000e+02   1.4800000e+02   3.0000000e+00   5.9160000e+03
   1.3000000e+01   1.7660000e+03   8.2107300e+02   3.7164100e+02   1.4800000e+02   3.0000000e+00   5.9160000e+03
   1.3000000e+01   1.7670000e+03   8.1795000e+02   3.7334400e+02   1.6000000e+02   3.0000000e+00   5.9160000e+03
   1.3000000e+01   1.7680000e+03   8.1567800e+02   3.6511100e+02   1.8100000e+02   3.0000000e+00   7.0190000e+03
   1.3000000e+01   1.7690000e+03   7.9694000e+02   4.2501600e+02   2.0000000e+02   8.0000000e+00   5.9190000e+03
   1.3000000e+01   1.7700000e+03   7.8444800e+02   4.3552100e+02   1.9300000e+02   8.0000000e+00   5.9190000e+03
   1.3000000e+01   1.7710000e+03   7.8047300e+02   4.3353300e+02   1.8500000e+02   8.0000000e+00   5.9190000e+03
   1.3000000e+01   1.7720000e+03   8.6366000e+02   4.2984200e+02   1.1800000e+02   2.0000000e+00   5.9550000e+03
   1.3000000e+01   1.9350000e+03   6.3369100e+02   6.5810800e+02   1.5300000e+02   6.0000000e+00   4.4470000e+03
   1.3000000e+01   1.9360000e+03   6.0530000e+02   5.8769700e+02   1.4100000e+02   6.0000000e+00   5.4940000e+03
   1.3000000e+01   1.9370000e+03   5.8031600e+02   5.7520500e+02   1.4100000e+02   6.0000000e+00   5.2900000e+03
   1.2000000e+01   1.4360000e+03   4.6788700e+02   5.0063100e+02   2.5600000e+02   2.0000000e+00   4.6020000e+03
   1.2000000e+01   1.4370000e+03   4.8378600e+02   5.0063100e+02   2.5300000e+02   2.0000000e+00   4.6020000e+03
   1.2000000e+01   1.4380000e+03   4.9324900e+02   4.8700300e+02   2.4600000e+02   2.0000000e+00   4.6020000e+03
   1.2000000e+01   1.4400000e+03   4.7318600e+02   5.0214500e+02   2.2700000e+02   1.0000000e+00   6.9660000e+03
   1.2000000e+01   1.4410000e+03   4.4933800e+02   4.8662500e+02   2.2500000e+02   2.0000000e+00   6.9660000e+03
   1.2000000e+01   1.4420000e+03   4.5123000e+02   4.9419600e+02   2.2500000e+02   2.0000000e+00   6.9660000e+03
   1.2000000e+01   1.4430000e+03   4.5236600e+02   5.0630900e+02   2.2200000e+02   3.0000000e+00   6.9660000e+03
   1.2000000e+01   1.4440000e+03   4.5123000e+02   4.9268200e+02   2.1600000e+02   2.0000000e+00   6.0720000e+03
   1.2000000e+01   1.4450000e+03   4.0429000e+02   5.1766600e+02   2.0900000e+02   1.0000000e+00   6.0720000e+03
   1.2000000e+01   1.4460000e+03   4.1716100e+02   5.0971600e+02   2.0900000e+02   1.0000000e+00   6.0720000e+03
   1.2000000e+01   1.4470000e+03   3.8498400e+02   5.0782400e+02   1.8800000e+02   1.0000000e+00   4.5470000e+03
   1.2000000e+01   1.4480000e+03   3.9785500e+02   5.0668800e+02   1.8800000e+02   1.0000000e+00   4.5470000e+03
   1.2000000e+01   1.4490000e+03   4.1981100e+02   5.0025300e+02   1.8600000e+02   2.0000000e+00   4.5470000e+03
   1.2000000e+01   1.4500000e+03   4.3078900e+02   4.9949500e+02   1.8600000e+02   2.0000000e+00   4.5470000e+03
   1.2000000e+01   1.4510000e+03   4.2511100e+02   5.1236600e+02   1.8600000e+02   3.0000000e+00   4.5470000e+03
   1.2000000e+01   1.4520000e+03   4.4138800e+02   5.0971600e+02   1.8600000e+02   3.0000000e+00   4.5470000e+03
   1.2000000e+01   1.4530000e+03   4.4214500e+02   5.0933800e+02   1.7600000e+02   3.0000000e+00   4.5460000e+03
   1.2000000e+01   1.4540000e+03   3.8839100e+02   5.1842300e+02   1.6800000e+02   1.0000000e+00   4.5470000e+03
   1.2000000e+01   1.4550000e+03   4.1981100e+02   5.2977900e+02   1.6200000e+02   1.0000000e+00   4.5470000e+03
   1.2000000e+01   1.4560000e+03   4.2586800e+02   5.1577300e+02   1.5200000e+02   1.0000000e+00   4.5470000e+03
   1.2000000e+01   1.4570000e+03   4.1451100e+02   5.2031600e+02   1.5000000e+02   1.0000000e+00   4.5470000e+03
   1.2000000e+01   1.4580000e+03   4.4895900e+02   5.2940100e+02   2.0200000e+02   1.0000000e+00   6.0720000e+03
   1.2000000e+01   1.4590000e+03   4.6031600e+02   5.2296600e+02   2.0200000e+02   1.0000000e+00   6.0720000e+03
   1.2000000e+01   1.4600000e+03   4.5312300e+02   4.7602500e+02   2.0400000e+02   1.0000000e+00   6.9660000e+03
   1.2000000e+01   1.4610000e+03   4.5993700e+02   4.9041000e+02   2.0400000e+02   1.0000000e+00   6.9660000e+03
   1.2000000e+01   1.4620000e+03   4.5993700e+02   4.8283900e+02   1.9200000e+02   1.0000000e+00   6.9660000e+03
   1.2000000e+01   1.4650000e+03   4.3419600e+02   4.7791800e+02   1.8600000e+02   1.0000000e+00   6.9660000e+03
   1.2000000e+01   1.4660000e+03   4.5425900e+02   4.6769700e+02   1.8600000e+02   1.0000000e+00   6.9660000e+03
   1.2000000e+01   1.4630000e+03   4.4858100e+02   4.7602500e+02   1.9200000e+02   1.0000000e+00   6.9660000e+03
   1.2000000e+01   1.4640000e+03   4.4517400e+02   4.5785500e+02   1.9200000e+02   1.0000000e+00   6.9660000e+03
   1.2000000e+01   1.4670000e+03   4.5009500e+02   4.5861200e+02   1.8600000e+02   1.0000000e+00   6.9660000e+03
   1.2000000e+01   1.4680000e+03   4.6864400e+02   4.7754000e+02   1.6200000e+02   1.0000000e+00   4.5450000e+03
   1.2000000e+01   1.4690000e+03   4.5047300e+02   4.7754000e+02   1.6200000e+02   1.0000000e+00   4.5450000e+03
   1.2000000e+01   1.4700000e+03   4.4630900e+02   4.7148300e+02   1.6900000e+02   1.0000000e+00   4.5450000e+03
   1.2000000e+01   1.4710000e+03   4.3381700e+02   4.8246100e+02   1.6900000e+02   1.0000000e+00   4.5450000e+03
   1.2000000e+01   1.4720000e+03   4.4555200e+02   4.8548900e+02   1.6600000e+02   3.0000000e+00   4.5450000e+03
   1.2000000e+01   1.4730000e+03   4.4025200e+02   4.5936900e+02   1.7500000e+02   1.0000000e+00   4.5450000e+03
   1.2000000e+01   1.4740000e+03   4.5236600e+02   4.6050500e+02   1.7500000e+02   1.0000000e+00   4.5450000e+03
   1.2000000e+01   1.4750000e+03   4.3381700e+02   4.5747700e+02   1.7900000e+02   1.0000000e+00   4.5450000e+03
   1.2000000e+01   1.4760000e+03   4.9854900e+02   5.5287100e+02   1.8600000e+02   1.0000000e+00   7.0000000e+03
   1.2000000e+01   1.4770000e+03   5.0006300e+02   5.4643600e+02   1.8600000e+02   1.0000000e+00   7.0000000e+03
   1.2000000e+01   1.4780000e+03   4.9741300e+02   5.5324900e+02   1.8100000e+02   1.0000000e+00   7.0000000e+03
   1.2000000e+01   1.4790000e+03   5.1179800e+02   5.5779200e+02   1.7700000e+02   2.0000000e+00   7.0000000e+03
   1.2000000e+01   1.4800000e+03   5.1785500e+02   5.4340700e+02   1.7600000e+02   2.0000000e+00   7.0000000e+03
   1.2000000e+01   1.4810000e+03   5.0725600e+02   5.6460600e+02   1.6200000e+02   1.0000000e+00   4.5540000e+03
   1.2000000e+01   1.4820000e+03   5.1217700e+02   5.5476400e+02   1.6200000e+02   1.0000000e+00   4.5540000e+03
   1.2000000e+01   1.4830000e+03   4.7470000e+02   5.6460600e+02   1.5800000e+02   4.0000000e+00   4.5540000e+03
   1.2000000e+01   1.4840000e+03   4.8151400e+02   5.6157800e+02   1.5800000e+02   4.0000000e+00   4.5540000e+03
   1.2000000e+01   1.4850000e+03   4.7356500e+02   5.4984200e+02   1.5800000e+02   4.0000000e+00   4.5540000e+03
   1.2000000e+01   1.4860000e+03   4.5274500e+02   5.2334400e+02   1.3700000e+02   1.0000000e+00   7.0020000e+03
   1.2000000e+01   1.4870000e+03   4.6675100e+02   5.1123000e+02   1.3700000e+02   1.0000000e+00   7.0020000e+03
   1.2000000e+01   1.4880000e+03   4.5955800e+02   5.1160900e+02   1.4100000e+02   1.0000000e+00   7.0020000e+03
   1.2000000e+01   1.4890000e+03   4.6637200e+02   5.1653000e+02   1.4400000e+02   1.0000000e+00   7.0020000e+03
   1.2000000e+01   1.4900000e+03   5.1823400e+02   5.4530000e+02   1.7100000e+02   1.0000000e+00   7.0000000e+03
   1.2000000e+01   1.4910000e+03   3.9558400e+02   3.6851700e+02   1.5700000e+02   1.0000000e+00   4.9570000e+03
   1.2000000e+01   1.4920000e+03   3.6870700e+02   3.9766600e+02   1.6100000e+02   1.0000000e+00   4.9570000e+03
   1.2000000e+01   1.4930000e+03   4.0391200e+02   3.6927500e+02   1.6100000e+02   1.0000000e+00   4.9570000e+03
   1.2000000e+01   1.4940000e+03   4.0126200e+02   3.6056800e+02   1.6100000e+02   1.0000000e+00   4.9570000e+03
   1.2000000e+01   1.4950000e+03   4.0277600e+02   3.8025300e+02   1.6700000e+02   1.0000000e+00   4.9570000e+03
   1.2000000e+01   1.4960000e+03   4.0845400e+02   3.7760300e+02   1.6700000e+02   1.0000000e+00   4.9570000e+03
   1.2000000e+01   1.4970000e+03   3.8082000e+02   3.9842300e+02   1.6700000e+02   1.0000000e+00   4.9570000e+03
   1.2000000e+01   1.4980000e+03   3.6378600e+02   3.7495300e+02   1.7500000e+02   1.0000000e+00   4.9570000e+03
   1.2000000e+01   1.4990000e+03   3.8725600e+02   3.6359600e+02   1.7100000e+02   1.0000000e+00   4.9570000e+03
   1.2000000e+01   1.5000000e+03   4.1451100e+02   3.6586800e+02   1.7700000e+02   1.0000000e+00   4.9570000e+03
   1.2000000e+01   1.5010000e+03   3.8271300e+02   3.6246100e+02   1.8100000e+02   1.0000000e+00   4.9570000e+03
   1.2000000e+01   1.5020000e+03   3.8649900e+02   3.7230300e+02   1.8100000e+02   1.0000000e+00   4.9570000e+03
   1.2000000e+01   1.5030000e+03   3.9331200e+02   3.8630900e+02   1.9500000e+02   1.0000000e+00   4.9570000e+03
   1.2000000e+01   1.5040000e+03   3.9444800e+02   3.7343900e+02   1.9500000e+02   1.0000000e+00   4.9570000e+03
   1.2000000e+01   1.5050000e+03   3.7854900e+02   3.8441700e+02   2.0100000e+02   1.0000000e+00   4.9570000e+03
   1.2000000e+01   1.5060000e+03   3.6719300e+02   3.8782300e+02   1.8400000e+02   1.0000000e+00   4.9570000e+03
   1.2000000e+01   1.5070000e+03   3.7665600e+02   3.8441700e+02   1.7900000e+02   1.0000000e+00   4.9570000e+03
   1.2000000e+01   1.5080000e+03   3.8309200e+02   3.9955900e+02   1.6800000e+02   1.0000000e+00   4.9570000e+03
   1.2000000e+01   1.5100000e+03   4.4593100e+02   4.1924300e+02   1.7500000e+02   1.0000000e+00   4.9580000e+03
   1.2000000e+01   1.5110000e+03   4.2170400e+02   4.1470000e+02   1.8500000e+02   1.0000000e+00   4.9580000e+03
   1.2000000e+01   1.5120000e+03   4.2511100e+02   4.0977900e+02   1.8500000e+02   1.0000000e+00   4.9580000e+03
   1.2000000e+01   1.5130000e+03   4.3381700e+02   4.0712900e+02   1.8500000e+02   1.0000000e+00   4.9580000e+03
   1.2000000e+01   1.5140000e+03   4.1072600e+02   4.1129400e+02   1.9100000e+02   1.0000000e+00   4.9580000e+03
   1.2000000e+01   1.5150000e+03   3.6151400e+02   4.0448000e+02   2.2600000e+02   8.0000000e+00   7.0040000e+03
   1.2000000e+01   1.5160000e+03   3.8498400e+02   4.1924300e+02   2.2000000e+02   2.0000000e+00   7.0040000e+03
   1.2000000e+01   1.5170000e+03   3.9407000e+02   4.4990600e+02   2.2300000e+02   8.0000000e+00   7.0040000e+03
   1.2000000e+01   1.5180000e+03   3.8612000e+02   4.3665600e+02   2.1600000e+02   1.0000000e+00   7.0040000e+03
   1.2000000e+01   1.5190000e+03   3.8309200e+02   4.3173500e+02   2.2400000e+02   1.0000000e+00   7.0040000e+03
   1.2000000e+01   1.5200000e+03   3.6530000e+02   4.2265000e+02   2.1300000e+02   1.0000000e+00   7.0040000e+03
   1.2000000e+01   1.5210000e+03   3.6340700e+02   4.3362800e+02   2.1300000e+02   1.0000000e+00   7.0040000e+03
   1.2000000e+01   1.5230000e+03   3.7968500e+02   4.4082000e+02   2.0100000e+02   1.0000000e+00   7.0040000e+03
   1.2000000e+01   1.5240000e+03   4.6485800e+02   2.9697200e+02   1.3800000e+02   1.0000000e+00   4.5310000e+03
   1.2000000e+01   1.5250000e+03   4.7280800e+02   3.1779200e+02   1.3800000e+02   1.0000000e+00   4.5310000e+03
   1.2000000e+01   1.5260000e+03   4.2511100e+02   3.5224000e+02   1.4500000e+02   1.0000000e+00   4.5200000e+03
   1.2000000e+01   1.5270000e+03   4.7015800e+02   2.9697200e+02   1.4400000e+02   1.0000000e+00   4.5310000e+03
   1.2000000e+01   1.5280000e+03   4.6713000e+02   3.1173500e+02   1.5200000e+02   1.0000000e+00   4.5310000e+03
   1.2000000e+01   1.5290000e+03   4.6523700e+02   2.9697200e+02   1.5200000e+02   1.0000000e+00   4.5310000e+03
   1.2000000e+01   1.5300000e+03   4.2208200e+02   3.4466900e+02   1.5600000e+02   1.0000000e+00   4.5200000e+03
   1.2000000e+01   1.5310000e+03   4.2624600e+02   3.5224000e+02   1.4600000e+02   1.0000000e+00   4.5200000e+03
   1.2000000e+01   1.5320000e+03   3.8990600e+02   3.5413300e+02   1.1200000e+02   1.0000000e+00   4.5200000e+03
   8.0000000e+00   1.1200000e+02   5.1407000e+02   8.8978000e+02   2.4200000e+02   1.0000000e+00   6.4910000e+03
   8.0000000e+00   1.1500000e+02   4.6183000e+02   8.8864400e+02   2.4100000e+02   1.0000000e+00   6.5030000e+03
   8.0000000e+00   1.1600000e+02   5.1179800e+02   8.9129400e+02   2.4100000e+02   1.0000000e+00   6.4910000e+03
   8.0000000e+00   1.1700000e+02   5.2731900e+02   8.7804500e+02   2.4100000e+02   1.0000000e+00   6.4910000e+03
   8.0000000e+00   1.1800000e+02   4.5766600e+02   8.9697200e+02   2.3500000e+02   1.0000000e+00   6.5030000e+03
   8.0000000e+00   1.1900000e+02   5.2921200e+02   8.7653000e+02   2.3000000e+02   1.0000000e+00   6.4910000e+03
   8.0000000e+00   1.2000000e+02   5.0763400e+02   8.6290300e+02   2.3000000e+02   1.0000000e+00   6.4910000e+03
   8.0000000e+00   1.2100000e+02   5.1331200e+02   8.7198800e+02   2.3000000e+02   1.0000000e+00   6.4910000e+03
   8.0000000e+00   1.2200000e+02   3.9974800e+02   8.9924300e+02   2.3000000e+02   1.0000000e+00   6.5090000e+03
   8.0000000e+00   1.2300000e+02   4.5918000e+02   8.9583600e+02   2.2700000e+02   1.0000000e+00   6.5090000e+03
   8.0000000e+00   1.2400000e+02   4.6107300e+02   8.9735100e+02   2.2200000e+02   1.0000000e+00   6.5090000e+03
   8.0000000e+00   1.2500000e+02   4.0088300e+02   8.8523700e+02   2.2600000e+02   1.0000000e+00   6.5090000e+03
   8.0000000e+00   1.2600000e+02   4.7772900e+02   9.2687700e+02   2.2000000e+02   1.0000000e+00   6.5030000e+03
   8.0000000e+00   1.2700000e+02   5.0687700e+02   8.8485800e+02   2.2000000e+02   1.0000000e+00   6.4930000e+03
   8.0000000e+00   1.2800000e+02   5.1747600e+02   8.8675100e+02   2.2000000e+02   1.0000000e+00   6.4910000e+03
   8.0000000e+00   1.2900000e+02   5.3829700e+02   8.5495300e+02   2.2000000e+02   1.0000000e+00   6.4910000e+03
   8.0000000e+00   1.3200000e+02   3.8839100e+02   9.0265000e+02   2.1900000e+02   1.0000000e+00   3.5410000e+03
   8.0000000e+00   1.3300000e+02   4.1791800e+02   9.0719300e+02   2.1900000e+02   1.0000000e+00   3.5410000e+03
   8.0000000e+00   1.3400000e+02   4.1451100e+02   9.1211400e+02   2.1400000e+02   1.0000000e+00   3.5410000e+03
   8.0000000e+00   1.3500000e+02   3.9255500e+02   8.9621500e+02   2.1400000e+02   1.0000000e+00   6.5090000e+03
   8.0000000e+00   1.3600000e+02   4.1299700e+02   9.0795000e+02   1.9900000e+02   1.0000000e+00   6.5080000e+03
   8.0000000e+00   1.3700000e+02   4.2132500e+02   8.6063100e+02   1.8900000e+02   1.0000000e+00   6.5080000e+03
   8.0000000e+00   1.3800000e+02   4.1261800e+02   8.4283900e+02   1.9400000e+02   1.0000000e+00   6.5080000e+03
   8.0000000e+00   1.3900000e+02   4.2359600e+02   8.5041000e+02   1.9900000e+02   1.0000000e+00   6.5080000e+03
   8.0000000e+00   1.4000000e+02   4.5690900e+02   8.4511100e+02   2.1100000e+02   1.0000000e+00   6.5080000e+03
   8.0000000e+00   1.4100000e+02   4.6599400e+02   8.5306000e+02   2.1100000e+02   1.0000000e+00   6.5080000e+03
   8.0000000e+00   1.4200000e+02   4.5653000e+02   8.5836000e+02   2.1100000e+02   1.0000000e+00   6.5090000e+03
   8.0000000e+00   1.4300000e+02   5.2201900e+02   8.3526800e+02   2.0500000e+02   1.0000000e+00   6.5190000e+03
   8.0000000e+00   1.4400000e+02   4.5690900e+02   9.2612000e+02   2.0500000e+02   1.0000000e+00   4.1190000e+03
   8.0000000e+00   1.4500000e+02   4.6940100e+02   9.2763400e+02   2.0500000e+02   1.0000000e+00   4.1190000e+03
   8.0000000e+00   1.4600000e+02   4.7697200e+02   9.2574200e+02   2.1900000e+02   1.0000000e+00   4.1190000e+03
   8.0000000e+00   1.4700000e+02   4.6031600e+02   9.2044200e+02   2.1700000e+02   1.0000000e+00   4.1190000e+03
   8.0000000e+00   1.4800000e+02   4.6637200e+02   9.2612000e+02   2.0800000e+02   1.0000000e+00   4.1190000e+03
   8.0000000e+00   1.5300000e+02   5.9091500e+02   8.8902200e+02   2.2600000e+02   1.0000000e+00   6.4910000e+03
   8.0000000e+00   1.5400000e+02   4.7772900e+02   9.2422700e+02   2.2500000e+02   1.0000000e+00   4.1190000e+03
   8.0000000e+00   1.5500000e+02   5.4094700e+02   8.5268200e+02   2.1800000e+02   1.0000000e+00   6.4900000e+03
   8.0000000e+00   1.5600000e+02   5.4851800e+02   8.3981100e+02   2.1300000e+02   1.0000000e+00   6.4900000e+03
   8.0000000e+00   1.5700000e+02   5.2164100e+02   8.3640400e+02   2.1300000e+02   1.0000000e+00   6.5190000e+03
   8.0000000e+00   1.5800000e+02   5.2126200e+02   8.3451100e+02   2.0200000e+02   1.0000000e+00   6.5190000e+03
   8.0000000e+00   1.5900000e+02   5.0460600e+02   8.5911700e+02   2.0200000e+02   1.0000000e+00   6.5190000e+03
   8.0000000e+00   1.6000000e+02   4.9968500e+02   8.7425900e+02   2.1900000e+02   1.0000000e+00   6.4930000e+03
   8.0000000e+00   1.6100000e+02   4.9514200e+02   8.5571000e+02   2.1100000e+02   1.0000000e+00   6.4930000e+03
   8.0000000e+00   1.6200000e+02   5.0914800e+02   8.5760300e+02   2.0200000e+02   1.0000000e+00   6.5190000e+03
   8.0000000e+00   1.6300000e+02   4.8908500e+02   9.2082100e+02   1.8300000e+02   1.0000000e+00   4.1190000e+03
   8.0000000e+00   1.6400000e+02   4.8000000e+02   9.1627800e+02   1.8500000e+02   1.0000000e+00   4.1190000e+03
   8.0000000e+00   1.6500000e+02   5.1747600e+02   8.6933800e+02   1.8700000e+02   1.0000000e+00   6.5180000e+03
   8.0000000e+00   1.6600000e+02   5.2580500e+02   8.6252400e+02   1.8700000e+02   1.0000000e+00   6.5180000e+03
   8.0000000e+00   1.6700000e+02   5.2656200e+02   8.5608900e+02   1.8700000e+02   1.0000000e+00   6.5180000e+03
   8.0000000e+00   1.6800000e+02   5.6782400e+02   8.3148300e+02   1.8800000e+02   1.0000000e+00   6.5180000e+03
   8.0000000e+00   1.7300000e+02   5.4927500e+02   9.4088400e+02   1.8600000e+02   1.0000000e+00   4.1090000e+03
   8.0000000e+00   1.7400000e+02   5.4586800e+02   9.2914900e+02   1.8600000e+02   1.0000000e+00   4.1090000e+03
   8.0000000e+00   1.7500000e+02   3.9936900e+02   8.6782400e+02   2.1200000e+02   1.0000000e+00   6.5090000e+03
   8.0000000e+00   1.7600000e+02   4.1034700e+02   8.6479500e+02   2.1200000e+02   1.0000000e+00   6.5090000e+03
   8.0000000e+00   1.8000000e+02   4.6675100e+02   8.6744500e+02   1.9000000e+02   1.0000000e+00   6.5080000e+03
   8.0000000e+00   1.8100000e+02   4.6448000e+02   8.5419600e+02   1.9000000e+02   1.0000000e+00   6.5080000e+03
   8.0000000e+00   1.8200000e+02   4.7015800e+02   8.6025300e+02   1.8600000e+02   1.0000000e+00   6.5080000e+03
   8.0000000e+00   1.8300000e+02   4.2132500e+02   8.6063100e+02   1.8300000e+02   1.0000000e+00   6.5080000e+03
   8.0000000e+00   2.2700000e+02   5.2504800e+02   8.5608900e+02   1.9000000e+02   1.0000000e+00   6.5180000e+03
   8.0000000e+00   2.2800000e+02   5.1974800e+02   8.7009500e+02   1.9000000e+02   1.0000000e+00   6.5180000e+03
   8.0000000e+00   2.2900000e+02   4.7659300e+02   8.4132500e+02   1.9000000e+02   1.0000000e+00   6.5140000e+03
   8.0000000e+00   2.3000000e+02   4.6372300e+02   8.6593100e+02   1.7800000e+02   1.0000000e+00   6.5080000e+03
   8.0000000e+00   2.3100000e+02   4.6977900e+02   8.3261900e+02   1.9300000e+02   1.0000000e+00   6.5140000e+03
   8.0000000e+00   2.3300000e+02   4.5047300e+02   8.0763400e+02   1.8400000e+02   1.0000000e+00   6.5200000e+03
   8.0000000e+00   2.3400000e+02   4.4006300e+02   7.9968500e+02   1.8000000e+02   1.0000000e+00   6.5200000e+03
   8.0000000e+00   2.3500000e+02   4.5558400e+02   8.1104100e+02   1.7200000e+02   1.0000000e+00   6.5200000e+03
   8.0000000e+00   2.3600000e+02   4.1962200e+02   8.2769700e+02   1.6900000e+02   1.0000000e+00   6.5200000e+03
   8.0000000e+00   2.3700000e+02   4.3135700e+02   8.2769700e+02   1.6300000e+02   1.0000000e+00   6.5200000e+03
   8.0000000e+00   2.3800000e+02   5.0176700e+02   8.1785500e+02   1.5300000e+02   1.0000000e+00   6.5210000e+03
   8.0000000e+00   2.3900000e+02   5.0365900e+02   8.2656200e+02   1.5300000e+02   1.0000000e+00   6.5210000e+03
   8.0000000e+00   2.4000000e+02   5.2372300e+02   8.1179800e+02   1.5300000e+02   1.0000000e+00   6.5210000e+03
   8.0000000e+00   2.4100000e+02   5.2788700e+02   8.2277600e+02   1.5300000e+02   1.0000000e+00   6.5210000e+03
   8.0000000e+00   2.4200000e+02   5.3962200e+02   8.1369100e+02   1.5300000e+02   1.0000000e+00   4.1200000e+03
   8.0000000e+00   2.4300000e+02   5.2637200e+02   8.2088400e+02   1.6200000e+02   1.0000000e+00   6.5210000e+03
   8.0000000e+00   2.4400000e+02   5.3091500e+02   8.1217700e+02   1.6400000e+02   1.0000000e+00   6.5210000e+03
   8.0000000e+00   2.4500000e+02   3.8403800e+02   8.2391200e+02   1.6700000e+02   1.0000000e+00   6.5210000e+03
   8.0000000e+00   2.4600000e+02   5.3659300e+02   8.2315500e+02   1.7300000e+02   1.0000000e+00   3.8590000e+03
   8.0000000e+00   2.4700000e+02   5.6157700e+02   8.1974800e+02   1.7300000e+02   1.0000000e+00   3.8590000e+03
   8.0000000e+00   2.4800000e+02   5.7179800e+02   8.1066300e+02   1.7300000e+02   1.0000000e+00   3.8590000e+03
   8.0000000e+00   2.4900000e+02   5.6990600e+02   8.1142000e+02   1.7800000e+02   1.0000000e+00   6.5180000e+03
   8.0000000e+00   2.5000000e+02   5.6271300e+02   8.3072600e+02   1.8200000e+02   1.0000000e+00   6.5180000e+03
   8.0000000e+00   2.5100000e+02   4.7261800e+02   7.8643600e+02   1.6700000e+02   1.0000000e+00   6.5210000e+03
   8.0000000e+00   2.5200000e+02   4.8170400e+02   8.7766600e+02   1.5500000e+02   1.0000000e+00   6.5300000e+03
   8.0000000e+00   2.5300000e+02   4.8397500e+02   8.8788700e+02   1.5500000e+02   1.0000000e+00   6.5300000e+03
   8.0000000e+00   2.5400000e+02   4.8511100e+02   8.6820200e+02   1.5500000e+02   1.0000000e+00   6.5300000e+03
   8.0000000e+00   2.5500000e+02   4.4612000e+02   8.9621500e+02   1.5000000e+02   1.0000000e+00   6.5300000e+03
   8.0000000e+00   2.5600000e+02   5.2220800e+02   8.1066300e+02   1.4700000e+02   1.0000000e+00   6.5290000e+03
   8.0000000e+00   2.5700000e+02   5.4000000e+02   8.1407000e+02   1.4700000e+02   1.0000000e+00   4.1200000e+03
   8.0000000e+00   2.5800000e+02   5.4302900e+02   8.2769700e+02   1.4100000e+02   1.0000000e+00   4.1200000e+03
   8.0000000e+00   2.5900000e+02   4.5104100e+02   7.9627800e+02   1.4000000e+02   1.0000000e+00   6.5290000e+03
   8.0000000e+00   2.6000000e+02   4.6845400e+02   8.3981100e+02   1.4000000e+02   1.0000000e+00   6.5200000e+03
   8.0000000e+00   2.6100000e+02   4.8321800e+02   8.7728700e+02   1.4000000e+02   1.0000000e+00   6.5300000e+03
   8.0000000e+00   2.6200000e+02   4.6959000e+02   8.6820200e+02   1.3400000e+02   1.0000000e+00   6.5300000e+03
   8.0000000e+00   2.6300000e+02   4.5444800e+02   8.4283900e+02   1.3400000e+02   1.0000000e+00   6.5200000e+03
   8.0000000e+00   2.6400000e+02   4.6580500e+02   8.7804500e+02   1.2700000e+02   1.0000000e+00   6.5300000e+03
   8.0000000e+00   2.6500000e+02   4.7299700e+02   8.7350200e+02   1.2300000e+02   1.0000000e+00   6.5300000e+03
   8.0000000e+00   2.6600000e+02   4.7678300e+02   8.6555200e+02   1.2300000e+02   1.0000000e+00   6.5300000e+03
   8.0000000e+00   2.6700000e+02   4.8605700e+02   7.9722400e+02   1.8000000e+02   1.0000000e+00   6.5210000e+03
   8.0000000e+00   2.6800000e+02   4.6334400e+02   8.0063100e+02   1.6900000e+02   1.0000000e+00   6.5210000e+03
   8.0000000e+00   2.6900000e+02   4.7044200e+02   8.0233500e+02   1.7200000e+02   1.0000000e+00   6.5210000e+03
   8.0000000e+00   2.7300000e+02   4.8747700e+02   8.6763400e+02   1.5000000e+02   1.0000000e+00   6.5300000e+03
   9.0000000e+00   2.7900000e+02   3.4069400e+02   8.5230300e+02   3.2000000e+01   8.0000000e+00   6.5360000e+03
   9.0000000e+00   2.8000000e+02   3.4807600e+02   8.7501600e+02   3.4000000e+01   2.0000000e+00   6.5360000e+03
   9.0000000e+00   2.8100000e+02   2.9867500e+02   1.0686440e+03   4.9000000e+01   1.0000000e+00   6.0890000e+03
   9.0000000e+00   2.8200000e+02   2.9924300e+02   1.0595590e+03   4.9000000e+01   1.0000000e+00   6.0890000e+03
   9.0000000e+00   2.8300000e+02   3.0511000e+02   1.0103470e+03   5.3000000e+01   8.0000000e+00   6.1030000e+03
   9.0000000e+00   2.8400000e+02   4.0164000e+02   8.9981100e+02   5.4000000e+01   1.0000000e+00   6.5340000e+03
   9.0000000e+00   2.8500000e+02   3.2063100e+02   1.0082650e+03   6.1000000e+01   8.0000000e+00   6.1040000e+03
   9.0000000e+00   2.8600000e+02   4.0580500e+02   9.0378600e+02   5.7000000e+01   8.0000000e+00   6.5340000e+03
   9.0000000e+00   2.8700000e+02   3.1665600e+02   1.0735650e+03   7.4000000e+01   8.0000000e+00   6.0760000e+03
   9.0000000e+00   2.8800000e+02   3.5299700e+02   9.4372300e+02   7.6000000e+01   8.0000000e+00   6.1160000e+03
   9.0000000e+00   2.8900000e+02   3.3293400e+02   1.0088330e+03   7.8000000e+01   8.0000000e+00   6.1040000e+03
   9.0000000e+00   2.9000000e+02   3.0946400e+02   8.9867500e+02   8.2000000e+01   8.0000000e+00   6.1130000e+03
   9.0000000e+00   2.9100000e+02   3.5337500e+02   1.0603160e+03   8.3000000e+01   1.0000000e+00   6.0870000e+03
   9.0000000e+00   2.9200000e+02   3.9236600e+02   8.6801300e+02   8.9000000e+01   8.0000000e+00   4.0560000e+03
   9.0000000e+00   2.9300000e+02   3.2082000e+02   1.0728080e+03   9.0000000e+01   8.0000000e+00   6.0760000e+03
   9.0000000e+00   2.9500000e+02   2.9470000e+02   9.3388000e+02   9.5000000e+01   8.0000000e+00   6.1130000e+03
   9.0000000e+00   2.9600000e+02   2.9394300e+02   9.3463800e+02   9.9000000e+01   8.0000000e+00   6.1130000e+03
   9.0000000e+00   2.9700000e+02   2.7728700e+02   1.0762150e+03   1.0100000e+02   8.0000000e+00   6.0910000e+03
   9.0000000e+00   2.9800000e+02   3.6056800e+02   1.0618300e+03   1.0600000e+02   1.0000000e+00   6.0920000e+03
   9.0000000e+00   2.9900000e+02   3.5867500e+02   9.9634100e+02   1.0900000e+02   8.0000000e+00   6.0820000e+03
   9.0000000e+00   3.0000000e+02   2.7728700e+02   9.1949600e+02   1.2500000e+02   2.0000000e+00   6.1140000e+03
   9.0000000e+00   3.2700000e+02   3.8176700e+02   8.1653000e+02   1.8400000e+02   1.0000000e+00   6.5230000e+03
   9.0000000e+00   3.2800000e+02   3.7457400e+02   8.1653000e+02   1.8400000e+02   1.0000000e+00   6.5230000e+03
   9.0000000e+00   3.2900000e+02   3.8971600e+02   8.2031600e+02   1.7700000e+02   2.0000000e+00   6.5230000e+03
   9.0000000e+00   3.3000000e+02   3.9009500e+02   8.2940100e+02   1.7700000e+02   2.0000000e+00   6.5230000e+03
   9.0000000e+00   3.3400000e+02   2.9716100e+02   8.9962200e+02   1.4300000e+02   8.0000000e+00   6.6450000e+03
   7.0000000e+00   3.3500000e+02   6.0302900e+02   9.1930600e+02   9.2000000e+01   4.0000000e+00   3.8710000e+03
   7.0000000e+00   3.3600000e+02   6.0870700e+02   9.2668800e+02   9.2000000e+01   4.0000000e+00   3.8710000e+03
   5.0000000e+00   4.3900000e+02   8.0403800e+02   7.0410100e+02   2.5800000e+02   4.0000000e+00   1.8550000e+03
   5.0000000e+00   4.4000000e+02   7.8813900e+02   6.9047300e+02   2.4600000e+02   3.0000000e+00   1.8580000e+03
   5.0000000e+00   4.4100000e+02   7.8246100e+02   7.0239800e+02   2.4500000e+02   3.0000000e+00   1.8580000e+03
   5.0000000e+00   4.4200000e+02   7.7735000e+02   6.7627800e+02   2.4400000e+02   3.0000000e+00   1.8580000e+03
   5.0000000e+00   4.4300000e+02   7.7848600e+02   6.6946400e+02   2.4400000e+02   3.0000000e+00   1.8580000e+03
   5.0000000e+00   4.4400000e+02   7.8246100e+02   6.9160900e+02   2.4400000e+02   3.0000000e+00   1.8580000e+03
   5.0000000e+00   4.4500000e+02   7.6940100e+02   7.0921200e+02   2.4200000e+02   3.0000000e+00   1.8580000e+03
   5.0000000e+00   4.4600000e+02   7.6883300e+02   7.1489000e+02   2.4400000e+02   3.0000000e+00   1.8580000e+03
   5.0000000e+00   4.4700000e+02   7.6258700e+02   7.1034700e+02   2.4700000e+02   3.0000000e+00   1.8580000e+03
   5.0000000e+00   4.6100000e+02   8.0347000e+02   7.0391200e+02   2.4900000e+02   4.0000000e+00   1.8560000e+03
   5.0000000e+00   4.6200000e+02   7.6561500e+02   6.7665600e+02   2.5500000e+02   4.0000000e+00   6.6800000e+03
   5.0000000e+00   4.6300000e+02   7.7470100e+02   6.6757100e+02   2.5700000e+02   4.0000000e+00   6.6800000e+03
   5.0000000e+00   4.6400000e+02   8.0422700e+02   6.9709800e+02   2.6400000e+02   4.0000000e+00   1.8730000e+03
   5.0000000e+00   5.4200000e+02   9.0283900e+02   9.3198800e+02   2.0200000e+02   1.0000000e+00   2.1640000e+03
   5.0000000e+00   5.4300000e+02   8.9867500e+02   8.9261900e+02   2.0200000e+02   1.0000000e+00   2.1640000e+03
   5.0000000e+00   5.4400000e+02   9.1003200e+02   8.8845500e+02   1.9800000e+02   1.0000000e+00   2.1640000e+03
   5.0000000e+00   5.4500000e+02   8.9072600e+02   8.9451100e+02   1.9800000e+02   1.0000000e+00   2.1640000e+03
   5.0000000e+00   5.4600000e+02   9.1154600e+02   9.2631000e+02   1.9800000e+02   1.0000000e+00   2.1640000e+03
   5.0000000e+00   5.4700000e+02   8.9602600e+02   9.2403800e+02   1.9800000e+02   1.0000000e+00   2.1640000e+03
   5.0000000e+00   5.4800000e+02   9.0965300e+02   8.8807600e+02   1.9000000e+02   1.0000000e+00   2.1640000e+03
   5.0000000e+00   5.4900000e+02   8.8807600e+02   8.9186200e+02   1.9000000e+02   1.0000000e+00   2.1640000e+03
   5.0000000e+00   5.5000000e+02   8.9526800e+02   9.2593100e+02   1.9000000e+02   1.0000000e+00   2.1640000e+03
   5.0000000e+00   5.5100000e+02   8.9186100e+02   8.9489000e+02   1.8000000e+02   1.0000000e+00   2.1640000e+03
   5.0000000e+00   5.5200000e+02   9.1116700e+02   9.0397500e+02   1.8000000e+02   1.0000000e+00   2.1640000e+03
