1	9	1016.368	386.513	95	4
1	10	1020.153	378.185	95	4
1	11	1037.187	387.27	93	4
1	12	1012.961	390.299	92	4
1	13	1025.453	372.506	92	4
1	14	1033.402	382.728	90	4
1	15	1041.73	377.806	90	4
1	16	1026.588	360.298	90	4
1	17	1024.317	354.335	90	4
1	18	1018.639	350.077	90	4
1	19	1012.109	345.25	90	4
1	20	1030.563	353.484	89	4
1	21	1028.292	346.102	89	4
1	22	1028.292	333.041	89	4
1	23	1019.491	333.893	87	4
1	24	1028.292	337.3	87	4
1	25	1006.148	329.35	92	4
1	26	1003.309	322.82	92	4
1	27	1016.368	313.167	92	4
1	28	1006.148	302.378	92	4
1	29	999.05	305.501	92	4
1	30	997.063	317.993	92	4
1	31	999.05	307.204	89	4
1	32	999.334	309.476	95	4
1	33	995.643	302.945	95	4
1	34	994.791	295.28	95	4
1	35	997.63	288.181	96	4
1	36	999.05	296.983	97	4
1	37	984.855	358.878	89	3
1	38	980.88	350.361	89	3
1	39	970.944	357.459	85	3
1	40	976.338	345.25	85	3
1	41	980.029	337.584	85	4
1	42	966.401	362.853	82	3
1	43	987.978	360.866	82	3
1	44	982.016	370.803	82	3
1	45	978.609	371.655	78	1
1	46	983.435	365.976	78	1
1	47	974.067	346.953	83	3
1	48	968.673	324.524	83	3
1	49	964.982	321.4	83	3
1	50	965.266	335.313	83	3
1	51	955.613	325.943	81	3
1	52	962.711	318.845	81	3
1	53	964.698	319.129	78	3
1	54	969.524	317.142	78	3
1	55	963.846	318.561	76	3
2	62	1100.119	419.07	93	4
2	63	1092.17	401.751	93	4
2	64	1098.416	402.602	93	4
2	65	1110.623	390.678	92	4
2	66	1117.437	389.826	92	4
2	67	1126.238	396.356	92	4
2	68	1129.077	387.27	92	4
2	69	1108.636	392.949	88	4
2	70	1111.759	386.419	88	4
2	71	1123.967	385.283	88	4
2	72	1133.619	383.012	88	4
2	73	1122.263	386.135	85	4
2	74	1139.014	380.456	85	4
2	75	1139.581	381.024	83	4
2	76	1149.518	375.062	83	4
2	77	1154.628	376.481	81	4
2	78	1147.814	386.135	81	4
2	79	1165.984	377.617	79	4
2	80	1174.217	376.481	79	4
2	81	1179.611	376.197	79	4
2	82	1186.141	376.197	76	4
2	83	1195.794	376.481	73	4
2	84	1194.942	366.828	73	4
2	85	1136.175	404.022	87	4
2	86	1141.285	401.467	87	4
2	87	1152.925	395.788	87	4
2	88	1161.726	391.529	87	4
2	89	1140.149	403.738	90	4
2	90	1096.144	421.909	90	4
2	91	1105.797	415.095	86	4
2	92	1172.23	402.318	88	4
2	93	1178.76	408.565	88	4
2	94	1185.857	410.836	88	4
2	95	1196.078	414.527	88	4
2	96	1202.608	404.874	88	4
2	97	1179.611	396.072	89	4
2	98	1155.48	376.765	78	4
2	99	1260.523	341.559	66	4
2	100	1269.04	334.177	65	4
2	101	1258.82	323.104	65	4
2	102	1267.621	335.313	60	4
2	103	1281.816	323.104	70	4
2	104	1286.075	316.006	70	4
2	105	1290.617	311.463	70	4
2	106	1273.299	307.204	73	4
2	107	1280.964	302.094	73	4
2	108	1289.765	301.526	73	4
2	109	1293.74	316.574	74	4
2	110	1295.727	317.709	77	4
2	111	1304.528	305.501	77	4
2	112	1295.443	295.847	77	4
2	113	1290.049	318.561	80	4
2	114	1304.528	316.006	80	4
2	115	1306.232	304.933	80	4
2	116	1254.278	330.675	55	4
2	117	1260.334	326.132	55	4
2	118	1283.425	328.025	55	4
2	119	1271.312	344.682	55	4
2	120	1277.747	348.468	55	4
2	121	1286.075	347.711	55	4
2	122	1294.781	349.603	55	4
2	123	1292.51	354.903	55	4
2	124	1290.238	362.096	55	4
2	125	1306.137	346.196	50	4
2	126	1293.267	343.546	50	4
2	127	1262.227	332.947	50	4
2	128	1272.069	315.533	50	4
2	129	1233.08	336.732	50	4
2	130	1286.075	362.853	47	4
2	131	1297.431	348.846	47	4
2	132	1303.109	361.717	47	4
2	133	1270.176	362.475	44	4
2	134	1287.21	362.096	44	4
2	135	1281.911	372.317	44	4
2	136	1278.125	373.074	39	3
2	137	1261.091	360.96	39	3
2	138	1261.47	354.903	39	3
2	139	1209.989	332.568	41	3
2	140	1219.074	335.218	43	3
2	141	1208.096	346.196	47	4
2	142	1217.938	351.875	54	4
2	143	1181.22	416.609	85	4
3	144	943.689	457.115	91	4
3	145	956.559	447.841	91	4
3	146	974.729	437.998	91	4
3	147	981.543	433.077	91	4
3	148	938.39	469.797	91	4
3	149	948.232	467.147	87	4
3	150	986.085	452.005	87	4
3	151	991.006	451.626	87	4
3	152	1003.119	445.569	87	4
3	153	978.893	432.32	87	4
3	154	1017.125	422.855	82	4
3	155	1030.374	419.07	82	4
3	156	1023.56	434.591	82	4
3	157	1042.108	406.956	82	4
3	158	1027.346	409.606	79	4
3	159	1046.651	409.984	79	4
3	160	1050.058	406.956	79	4
3	161	1021.289	414.906	82	4
3	162	940.661	492.511	90	4
3	163	947.096	481.911	90	4
3	164	1050.058	378.185	77	4
3	165	1062.171	386.513	77	4
3	166	1085.64	380.835	68	4
3	167	1084.126	372.128	68	4
3	168	1087.911	364.178	68	4
3	169	1076.555	375.724	69	4
3	170	1077.691	378.374	64	4
3	171	1079.205	367.774	63	3
3	172	1083.747	364.367	63	3
3	173	1064.442	379.888	61	1
4	174	1089.047	706.778	134	1
4	175	1109.109	697.314	134	1
4	176	1114.03	674.222	134	1
4	177	1106.459	692.014	134	1
4	178	1082.612	701.1	130	1
4	179	1078.069	695.043	130	1
4	180	1111.38	679.521	130	1
4	181	1107.595	665.515	130	1
4	182	1112.516	702.992	130	1
4	183	1137.121	711.321	130	1
4	184	1076.934	710.185	128	1
4	185	1071.634	702.235	128	1
4	186	1078.448	696.935	128	1
4	187	1094.725	692.393	129	1
4	188	1115.923	701.478	128	1
4	189	1123.494	692.393	126	1
4	190	1129.55	689.364	126	1
4	191	1096.996	681.036	126	1
4	192	1072.391	706.021	126	1
4	193	1074.284	693.528	126	1
4	194	1089.047	702.992	126	1
4	195	1079.962	711.699	126	1
4	196	1068.227	696.935	126	1
4	197	1085.64	689.364	124	1
4	198	1124.251	676.493	124	1
4	199	1115.166	690.121	124	1
4	200	1120.465	696.935	124	1
4	201	1125.765	687.85	124	1
4	202	1123.872	695.8	124	1
4	203	1110.623	701.857	124	1
4	204	1114.03	689.743	122	1
4	205	1123.494	686.714	122	1
4	206	1126.143	701.1	119	1
4	207	1124.629	691.636	119	1
4	208	1135.228	695.043	119	1
4	209	1135.228	700.343	119	1
4	210	1128.415	684.443	119	1
4	211	1122.737	712.835	119	1
4	212	1115.923	712.457	119	1
4	213	1115.544	714.349	118	1
4	214	1123.872	710.942	118	1
4	215	1103.053	712.078	121	1
4	216	1130.307	724.571	125	1
4	217	1140.149	715.106	125	1
4	218	1148.098	715.485	122	1
4	219	1139.014	715.485	119	1
4	220	1137.878	750.691	119	1
4	221	1124.251	755.613	119	1
4	222	1131.443	753.341	116	1
4	223	1124.629	709.807	116	1
4	224	1111.002	724.571	116	3
4	225	1137.878	721.163	116	3
4	226	1131.821	735.927	117	3
4	227	1119.708	754.856	101	3
4	228	1133.335	756.37	101	3
4	229	1134.471	773.405	101	3
4	230	1121.979	774.541	105	3
4	231	1123.115	763.184	105	4
4	232	1120.465	752.206	105	4
4	233	1114.409	755.234	105	4
4	234	1129.929	755.234	105	4
4	235	1116.68	764.32	105	4
4	236	1129.55	746.906	105	1
4	237	1140.149	760.913	121	1
4	238	1137.878	745.77	121	1
4	239	1110.245	720.785	117	1
4	240	1111.38	711.699	117	1
4	241	1123.494	710.185	117	1
4	242	1131.821	711.321	117	1
4	243	1138.635	721.542	117	1
4	244	1123.115	710.942	112	1
4	245	1131.821	709.807	112	1
4	246	1137.878	716.621	112	1
4	247	1138.635	727.599	112	1
4	248	1114.409	705.264	112	1
4	249	1115.166	732.142	109	1
4	250	1124.629	716.999	107	1
4	251	1092.454	745.392	101	1
4	252	1091.697	737.063	101	1
4	253	1096.618	731.385	101	1
4	254	1100.403	730.249	101	1
4	255	1131.064	730.628	101	1
4	256	1119.708	726.842	101	1
4	257	1098.889	755.991	101	1
4	258	1130.686	728.735	105	1
4	259	1128.415	737.063	105	1
4	260	1096.996	749.934	105	1
4	261	1102.674	748.042	105	1
4	262	1108.352	734.035	105	1
4	263	1096.618	740.849	105	1
4	264	1090.94	744.256	105	1
4	265	1118.573	713.971	116	1
4	266	1116.68	716.999	110	3
4	267	1120.087	712.457	110	3
4	268	1115.544	718.135	122	1
4	269	1102.296	710.564	122	1
4	270	1062.549	705.264	121	1
4	271	1072.013	702.235	121	1
4	272	1088.29	675.736	121	1
4	273	1092.454	670.436	121	1
4	274	1089.804	689.364	121	1
4	275	1064.821	701.478	117	1
4	276	1055.357	706.778	117	1
4	277	1048.165	703.371	117	1
4	278	1047.408	695.043	117	1
4	279	1052.329	690.878	117	1
4	280	1095.482	699.585	117	1
4	281	1059.521	690.121	114	1
4	282	1067.092	680.279	114	1
4	283	1069.742	688.228	114	1
4	284	1082.233	679.9	114	1
4	285	1087.154	688.228	114	1
4	286	1109.488	684.443	114	1
4	287	1103.81	671.95	114	1
4	288	1057.628	716.999	114	1
4	289	1050.815	701.478	114	1
4	290	1041.351	715.106	111	1
4	291	1048.165	710.564	109	1
4	292	1078.826	714.349	109	1
4	293	1085.64	720.785	109	1
4	294	1061.035	697.314	109	1
4	295	1080.34	698.828	109	1
4	296	1056.871	700.721	106	1
4	297	1062.171	706.778	106	1
4	298	1077.691	718.892	105	1
4	299	1095.86	719.271	105	1
4	300	1096.996	711.321	105	1
4	301	1086.397	723.056	105	1
4	302	1085.262	720.406	108	1
4	303	1081.855	707.535	108	1
4	304	1077.691	712.457	108	1
4	305	1104.188	708.292	110	1
4	306	1111.759	703.371	110	1
4	307	1114.787	698.828	110	1
4	308	1117.437	690.878	110	1
4	309	1113.273	687.85	110	1
4	310	1110.245	681.414	110	1
4	311	1100.403	693.907	107	1
4	312	1107.595	685.579	107	1
4	313	1090.182	683.307	110	1
4	314	1106.081	690.5	116	1
4	315	1074.662	677.25	115	1
4	316	1079.583	695.421	110	3
4	317	1092.454	698.828	115	3
4	318	1078.448	701.478	115	3
4	319	1070.12	690.121	115	3
4	320	1080.719	693.15	112	3
4	321	1076.555	703.75	112	3
4	322	1084.883	713.971	112	3
4	323	1119.708	745.392	103	3
4	324	1129.172	757.506	103	3
4	325	1105.324	737.82	103	3
4	326	1058.007	719.649	111	3
4	327	1076.555	702.992	113	3
4	328	1086.397	699.207	113	3
5	329	1311.626	621.223	69	1
5	330	1302.162	609.866	69	1
5	331	1305.191	600.78	69	1
5	332	1312.761	592.83	69	1
5	333	1301.784	593.588	72	1
5	334	1312.383	584.881	72	1
5	335	1321.468	592.83	72	1
5	336	1294.213	610.623	75	1
5	337	1293.077	598.13	75	1
5	338	1288.914	605.323	75	1
5	339	1312.761	588.288	75	1
5	340	1305.191	592.83	75	1
5	341	1308.219	620.466	75	1
5	342	1301.784	584.502	79	1
5	343	1306.705	580.716	79	1
5	344	1308.976	572.767	79	1
5	345	1319.575	586.016	79	1
5	346	1313.14	598.13	79	1
5	347	1310.112	587.909	79	1
5	348	1300.648	597.752	82	1
5	349	1300.648	588.666	82	1
5	350	1300.648	581.852	82	1
5	351	1301.405	576.174	82	1
5	352	1308.598	569.36	82	1
5	353	1306.705	577.688	86	1
5	354	1304.434	584.502	86	1
5	355	1303.677	593.966	86	1
5	356	1308.598	600.402	86	1
5	357	1317.304	605.323	86	1
5	358	1309.733	594.345	89	1
5	359	1310.49	579.581	89	1
5	360	1336.231	600.023	89	1
5	361	1332.824	595.859	89	1
5	362	1335.852	598.887	86	1
5	363	1326.767	603.052	86	1
5	364	1329.038	595.102	84	1
5	365	1332.824	590.559	84	1
5	366	1311.626	598.509	81	3
5	367	1322.603	593.209	81	3
5	368	1341.152	622.737	75	1
5	369	1339.259	608.352	75	1
5	370	1331.688	611.759	78	1
5	371	1333.581	608.352	78	1
5	372	1348.722	616.68	78	1
5	373	1347.208	609.109	79	1
5	374	1342.855	617.532	79	3
5	375	1297.715	650.183	85	1
5	376	1343.139	650.183	85	1
5	377	1349.669	643.653	85	1
5	378	1307.651	639.11	85	1
5	379	1325.537	652.454	99	1
5	380	1336.609	654.726	99	1
5	381	1330.647	664.947	99	1
5	382	1323.266	664.379	99	1
5	383	1332.067	661.824	96	1
5	384	1342.003	632.012	96	1
5	385	1331.783	630.592	96	1
5	386	1337.461	618.1	96	1
5	387	1343.423	612.705	96	1
5	388	1337.745	616.112	91	1
5	389	1333.77	620.371	91	1
5	390	1348.533	617.532	91	1
5	391	1299.134	647.06	88	1
5	392	1353.075	584.881	103	4
5	393	1357.05	592.547	103	4
5	394	1369.826	584.313	103	4
5	395	1367.838	577.499	103	4
5	396	1375.788	576.079	103	4
5	397	1383.169	577.215	103	4
5	398	1380.046	566.71	103	4
5	399	1373.8	582.325	100	4
5	400	1379.478	577.215	100	4
5	401	1382.885	582.041	100	4
5	402	1361.309	585.732	100	4
5	403	1357.618	593.398	100	4
5	404	1367.554	582.041	100	4
5	405	1386.292	575.795	100	4
5	406	1365.567	569.265	100	4
5	407	1372.949	579.77	98	4
5	408	1370.109	570.401	98	4
5	409	1358.753	592.83	98	4
5	410	1382.317	572.104	98	4
5	411	1385.44	571.536	105	4
5	412	1389.415	563.019	105	4
5	413	1398.216	573.808	105	4
5	414	1392.538	574.659	108	4
5	415	1393.389	582.609	108	4
5	416	1389.699	574.943	110	4
5	417	1392.822	584.881	110	4
5	418	1403.326	611.853	115	1
5	419	1396.512	605.891	115	3
5	420	1399.635	602.768	111	3
5	421	1396.512	606.743	111	3
5	422	1389.699	597.657	110	3
5	423	1392.822	600.496	109	3
5	424	1474.869	575.795	67	1
5	425	1474.585	578.35	72	1
5	426	1452.725	609.298	75	1
5	427	1448.75	600.212	75	1
5	428	1450.738	591.411	75	1
5	429	1456.7	586.3	75	1
5	430	1437.962	572.672	72	1
5	431	1426.322	573.524	72	1
5	432	1422.064	574.943	76	1
5	433	1468.623	553.649	74	1
5	434	1469.759	546.835	78	1
5	435	1465.784	541.724	78	1
5	436	1450.454	576.647	74	1
5	437	1447.899	564.722	74	1
5	438	1423.483	574.943	75	1
5	439	1456.132	571.536	78	3
5	440	1436.259	586.584	78	3
5	441	1441.369	579.486	78	3
5	442	1449.034	578.066	78	3
5	443	1439.382	572.956	81	3
5	444	1443.356	578.634	81	3
5	445	1449.886	569.833	78	3
5	446	1452.157	578.918	80	3
5	447	1427.174	595.102	86	3
5	448	1428.309	589.991	84	3
5	449	1433.703	588.288	82	4
5	450	1426.322	582.609	82	4
5	451	1440.517	573.808	82	4
5	452	1381.182	569.549	84	4
5	453	1394.241	567.845	81	4
5	454	1393.673	560.747	81	4
5	455	1402.758	568.981	78	4
5	456	1396.228	563.019	78	4
5	457	1396.228	555.921	78	4
5	458	1405.597	557.056	78	4
5	459	1416.102	553.649	103	4
5	460	1419.508	550.526	103	4
5	461	1423.483	545.131	100	4
5	462	1419.508	538.317	100	4
5	463	1418.657	545.699	97	4
5	464	1422.915	535.194	97	4
5	465	1422.064	541.157	97	4
5	466	1416.669	533.207	97	4
5	467	1441.653	583.177	84	1
5	468	1426.89	584.313	92	1
5	469	1432.568	577.783	91	1
5	470	1418.941	569.549	89	1
5	471	1417.237	592.263	89	1
5	472	1404.178	583.177	87	1
5	473	1422.631	573.24	87	1
5	474	1392.538	512.196	74	1
5	475	1388.563	528.664	78	1
5	476	1387.144	522.418	78	1
5	477	1393.389	547.403	78	1
5	478	1409.572	547.119	78	1
5	479	1410.991	538.317	78	1
5	480	1408.436	542.292	81	1
5	481	1407.868	530.367	97	3
5	482	1410.991	526.393	97	3
5	483	1420.076	538.033	93	3
5	484	1422.347	532.923	93	3
5	485	1402.19	546.267	81	2
5	486	1395.945	540.873	81	2
5	487	1399.067	535.762	88	1
5	488	1412.127	540.589	88	1
5	489	1437.394	555.353	108	1
5	490	1423.483	557.056	108	1
5	491	1458.119	550.242	104	1
5	492	1438.246	551.662	104	3
5	493	1438.246	572.956	104	3
5	494	1442.504	567.277	100	1
5	495	1439.665	573.524	103	3
5	496	1437.962	540.873	101	1
5	497	1441.937	536.33	101	1
5	498	1452.441	536.614	101	1
5	499	1457.267	548.255	101	1
5	500	1443.924	565.29	101	1
5	501	1450.17	587.152	98	1
5	502	1445.06	583.461	98	1
5	503	1343.707	554.217	121	3
5	504	1352.224	553.649	121	3
5	505	1334.054	560.179	116	4
5	506	1328.092	555.921	116	4
5	507	1340.584	548.255	116	4
5	508	1335.757	546.551	116	4
5	509	1330.931	544.28	113	4
5	510	1318.723	545.699	113	4
5	511	1328.376	549.958	109	4
5	512	1324.685	543.428	109	4
5	513	1325.253	545.131	106	4
5	514	1329.512	541.724	106	4
5	515	1327.808	551.946	106	4
5	516	1325.253	545.699	104	4
5	517	1331.499	539.737	102	4
5	518	1308.787	544.564	101	4
5	519	1305.664	530.935	101	4
5	520	1316.168	529.516	108	4
5	521	1326.105	528.664	111	4
5	522	1319.291	532.071	111	4
5	523	1322.698	519.578	111	4
5	524	1317.304	510.209	111	4
5	525	1315.033	515.604	111	4
5	526	1324.685	508.222	111	4
5	527	1324.685	531.219	114	4
5	528	1325.253	526.109	114	4
5	529	1330.363	541.44	109	4
5	530	1298.566	532.355	94	2
5	531	1310.774	534.626	94	2
5	532	1311.058	528.948	94	2
5	533	1302.257	534.626	98	3
5	534	1307.935	534.342	98	3
5	535	1317.02	529.232	105	3
5	536	1324.401	530.651	105	3
5	537	1317.872	529.232	106	3
5	538	1336.609	528.38	106	3
5	539	1335.19	534.058	106	1
5	540	1323.834	527.244	106	1
5	541	1344.274	511.061	117	1
5	542	1343.991	498.852	117	1
5	543	1358.186	503.679	117	1
5	544	1348.533	517.875	115	1
5	545	1350.236	516.739	114	1
5	546	1343.991	515.32	114	1
5	547	1334.054	492.038	115	1
5	548	1352.224	519.011	110	1
5	549	1348.817	499.136	111	1
5	550	1327.524	489.767	102	1
5	551	1325.821	477.274	102	1
5	552	1326.389	478.126	104	1
5	553	1329.228	497.432	105	1
5	554	1344.558	484.088	107	1
5	555	1334.338	469.892	107	1
5	556	1345.41	476.422	107	1
5	557	1346.546	489.483	113	1
5	558	1340.016	485.224	113	1
5	559	1336.609	493.174	113	1
5	560	1332.918	486.359	111	1
5	561	1335.19	531.503	104	1
5	562	1329.228	533.775	104	1
5	563	1337.461	494.025	112	1
5	564	1319.291	511.345	119	1
5	565	1317.872	499.136	119	1
5	566	1326.105	501.691	116	1
5	567	1326.673	511.345	116	3
5	568	1321.562	495.729	116	3
5	569	1316.452	514.752	116	3
5	570	1331.783	502.543	111	3
5	571	1322.698	504.247	116	3
5	572	1326.389	513.048	114	3
5	573	1326.105	519.862	113	3
5	574	1345.126	509.073	108	1
5	575	1297.998	547.403	107	3
5	576	1290.617	543.712	107	3
5	577	1287.494	550.242	107	3
5	578	1280.113	542.292	107	3
5	579	1284.939	533.207	107	3
5	580	1281.248	527.812	107	3
5	581	1285.223	532.923	105	3
5	582	1281.532	540.305	105	3
5	583	1287.494	541.157	105	3
5	584	1285.507	550.526	105	3
5	585	1296.863	546.267	105	3
5	586	1279.829	532.639	105	3
5	587	1286.075	559.328	104	8
5	588	1413.83	508.789	80	1
5	589	1418.373	504.814	80	1
5	590	1413.83	498.568	80	1
5	591	1363.58	546.835	88	1
5	592	1355.914	541.157	88	1
5	593	1345.126	522.985	88	1
5	594	1349.669	534.626	86	1
5	595	1353.359	540.589	86	1
5	596	1365.283	580.338	80	3
5	597	1364.999	570.401	80	3
6	598	1366.513	749.745	71	4
6	599	1365.756	743.309	71	4
6	600	1370.299	734.602	71	4
6	601	1369.163	736.117	69	4
6	602	1370.299	728.545	69	4
6	603	1361.214	726.653	69	4
6	604	1372.57	722.11	69	4
6	605	1380.519	737.631	66	4
6	606	1363.485	730.438	66	4
6	607	1373.706	717.946	66	4
6	608	1382.033	694.096	66	4
6	609	1398.31	691.825	66	4
6	610	1382.317	719.46	63	4
6	611	1374.368	708.955	63	4
6	612	1376.355	701.289	63	4
6	613	1378.059	720.028	60	4
6	614	1384.021	702.992	60	4
6	615	1389.131	685.389	63	4
6	616	1395.945	697.03	63	4
6	617	1379.762	690.216	63	4
6	618	1387.995	678.007	66	4
6	619	1387.144	668.354	66	4
6	620	1394.241	668.638	66	4
6	621	1397.364	697.03	68	4
6	622	1394.241	685.673	68	4
6	623	1391.402	684.254	70	4
6	624	1388.279	676.02	70	4
6	625	1385.724	670.625	70	4
6	626	1391.118	682.834	73	4
6	627	1382.033	675.168	73	4
6	628	1388.563	669.49	73	4
6	629	1388.563	665.231	73	4
6	630	1397.648	681.698	73	4
6	631	1405.029	678.575	73	4
6	632	1381.749	673.181	76	3
6	633	1389.699	674.032	76	3
6	634	1391.118	679.995	76	3
6	635	1410.14	677.439	70	4
6	636	1402.474	675.168	70	4
6	637	1395.661	666.65	64	4
6	638	1399.919	695.043	69	4
7	639	963.373	990.511	131	1
7	640	964.509	956.441	131	1
7	641	944.446	968.555	131	1
7	642	961.575	993.445	129	1
7	643	971.228	935.809	130	1
7	644	984.287	944.327	128	1
7	645	975.77	931.266	127	1
7	646	973.783	919.625	126	1
7	647	970.376	935.809	127	1
7	648	962.143	931.266	127	1
7	649	978.893	909.404	124	1
7	650	959.872	923.032	124	1
7	651	961.007	915.083	124	1
7	652	956.465	938.932	121	1
7	653	977.757	945.746	124	1
7	654	976.054	944.611	123	1
7	655	964.13	922.465	121	1
7	656	968.956	916.786	121	1
7	657	957.033	929.847	121	1
7	658	988.83	945.746	120	3
7	659	976.906	938.648	119	3
7	660	973.783	944.895	119	3
7	661	972.931	951.993	119	3
7	662	966.401	925.02	119	3
7	663	970.66	919.909	119	3
7	664	968.389	939.216	115	3
7	665	959.02	930.131	115	3
7	666	976.906	947.166	117	3
7	667	986.842	935.809	117	3
7	668	988.262	946.882	116	2
7	669	959.02	941.487	119	4
7	670	963.562	953.696	119	4
7	671	961.575	961.078	119	4
7	672	942.554	955.968	119	4
7	673	954.477	948.302	119	4
7	674	955.897	961.646	121	3
7	675	917.854	954.548	118	3
7	676	966.969	967.892	129	1
7	677	950.503	965.337	127	1
7	678	938.295	961.646	127	1
7	679	943.405	944.043	127	1
7	680	942.837	951.993	127	1
7	681	933.753	969.88	127	1
7	682	962.427	993.161	127	1
7	683	945.109	979.533	125	1
7	684	930.346	999.124	122	1
7	685	935.172	988.619	122	1
7	686	933.753	977.83	122	1
7	687	955.329	995.149	122	1
7	688	926.371	989.754	118	1
7	689	919.558	984.928	118	1
7	690	924.384	978.965	118	1
7	691	924.384	994.581	120	1
7	692	935.172	997.988	120	1
7	693	951.638	991.458	127	3
7	694	964.982	962.782	125	1
7	695	955.329	956.251	125	1
7	696	947.948	950.573	125	1
7	697	935.172	943.475	125	1
7	698	928.926	940.352	125	1
7	699	945.109	930.131	122	1
7	700	941.986	922.181	122	1
7	701	938.579	942.623	121	3
7	702	938.011	949.721	121	3
7	703	906.498	964.485	120	1
7	704	908.769	959.375	120	1
7	705	928.075	958.807	124	1
7	706	954.761	964.769	120	3
7	707	945.109	965.337	124	3
7	708	956.181	968.176	124	3
7	709	946.244	963.633	121	3
7	710	992.804	985.495	121	1
7	711	986.842	973.287	121	1
7	712	980.312	978.681	121	1
7	713	977.757	972.435	116	1
7	714	974.918	980.953	118	3
7	715	971.228	975.274	118	3
7	716	965.266	875.901	125	1
7	717	957.033	889.814	125	1
7	718	962.427	887.258	125	1
7	719	954.477	880.728	125	1
7	720	958.452	876.185	125	1
7	721	964.13	873.63	122	1
7	722	951.638	842.398	120	1
7	723	960.439	846.657	120	1
7	724	957.884	839.559	120	1
7	725	961.575	833.881	120	1
7	726	945.109	846.657	120	1
7	727	944.825	840.127	120	1
7	728	940.282	844.386	120	1
7	729	948.799	834.165	120	1
7	730	964.982	837.572	117	1
7	731	954.761	832.177	117	1
7	732	949.935	832.745	117	1
7	733	943.689	834.733	117	1
7	734	938.579	851.2	117	1
7	735	939.998	842.115	117	1
7	736	944.257	853.471	114	1
7	737	945.96	843.534	114	1
7	738	965.55	844.954	114	1
7	739	953.626	856.879	120	3
7	740	960.439	864.544	122	1
7	741	948.232	860.002	114	2
7	742	941.702	879.592	120	2
7	743	941.418	889.814	117	3
7	744	941.702	881.296	117	3
7	745	951.922	888.11	117	3
7	746	952.774	897.196	117	3
7	747	968.105	882.432	114	3
7	748	975.486	874.482	114	3
7	749	978.893	890.949	114	3
7	750	974.351	884.419	116	3
7	751	973.215	876.185	116	3
7	752	968.105	882.715	116	3
7	753	961.575	883.851	116	3
7	754	956.181	891.233	115	4
7	755	948.516	896.912	115	4
7	756	953.342	909.404	115	4
7	757	951.922	913.663	113	4
7	758	955.045	904.294	113	4
7	759	964.698	943.759	113	4
7	760	956.749	930.982	113	4
7	761	924.668	889.814	123	1
7	762	915.299	883.283	123	1
7	763	909.621	891.801	123	1
7	764	924.1	875.617	120	1
7	765	957.6	923.316	98	1
7	766	954.194	915.083	98	1
7	767	960.439	911.676	98	1
7	768	967.253	916.502	98	1
7	769	944.257	916.786	98	1
7	770	963.846	918.774	101	1
7	771	960.723	927.291	101	1
7	772	963.846	914.231	101	1
7	773	970.376	926.156	105	1
7	774	976.906	899.751	107	1
7	775	975.77	919.058	107	4
7	776	965.266	911.392	107	4
7	777	964.982	916.218	109	4
7	778	967.253	917.638	107	4
7	779	992.52	917.638	110	3
7	780	984.855	919.909	110	3
7	781	979.177	894.924	110	1
7	782	986.274	898.899	110	1
7	783	979.745	891.801	112	1
7	784	972.931	902.59	112	1
7	785	984.855	906.281	112	1
7	786	996.495	930.414	109	1
7	787	1003.592	934.389	107	1
7	788	878.392	877.699	107	4
7	789	874.228	889.814	107	4
7	790	881.42	913.663	107	4
7	791	877.256	890.949	105	4
7	792	878.77	874.292	105	4
7	793	887.477	891.328	105	4
7	794	873.849	897.385	105	4
7	795	885.584	900.035	105	4
7	796	891.641	925.777	105	4
7	797	897.697	932.591	105	4
7	798	904.132	937.134	105	4
7	799	909.053	942.812	105	4
7	800	916.624	952.277	105	4
7	801	923.816	957.198	105	4
7	802	907.16	910.256	105	4
7	803	912.081	909.877	105	4
7	804	918.138	916.313	105	4
7	805	926.466	920.099	105	4
7	806	909.053	930.32	107	4
7	807	913.596	918.206	107	4
7	808	921.166	914.042	107	4
7	809	920.031	945.841	107	4
7	810	924.195	956.062	107	4
7	811	940.472	949.248	104	4
7	812	934.037	942.055	102	4
7	813	920.409	945.841	102	4
7	814	964.698	978.397	97	4
7	815	963.562	972.719	97	4
7	816	939.715	970.448	97	4
7	817	945.393	958.712	97	4
7	818	965.455	981.804	100	4
7	819	931.387	963.633	100	4
7	820	935.929	954.926	100	4
7	821	927.98	947.734	100	4
7	822	942.743	947.734	100	4
7	823	919.274	949.627	100	4
7	824	950.314	960.226	100	4
7	825	922.68	959.469	102	4
7	826	947.285	985.212	102	4
7	827	956.749	975.747	102	4
7	828	914.353	929.563	102	4
7	829	911.324	914.042	102	4
7	830	924.573	915.556	102	4
7	831	926.466	924.263	102	4
7	832	896.94	925.02	102	4
7	833	941.607	970.826	100	4
7	834	948.042	949.248	107	4
7	835	903.375	907.227	103	4
7	836	882.934	915.177	105	4
7	837	875.363	940.162	102	4
7	838	882.934	946.22	102	4
7	839	864.007	949.627	100	4
7	840	858.708	944.327	100	4
7	841	865.9	957.955	100	4
7	842	865.9	947.355	97	4
7	843	853.408	945.084	97	4
7	844	863.629	935.62	97	4
7	845	875.363	937.513	97	4
7	846	868.55	953.791	94	4
7	847	869.307	933.727	94	4
7	848	878.013	942.812	94	4
7	849	862.115	941.677	94	4
7	850	864.765	957.955	97	4
7	851	867.414	945.462	91	4
7	852	866.752	936.377	102	4
7	853	828.141	924.168	87	1
7	854	832.116	921.329	87	1
7	855	836.658	918.206	87	1
7	856	839.497	921.897	87	1
7	857	853.976	920.193	88	1
7	858	840.349	908.836	89	3
7	859	832.968	910.824	89	3
7	860	846.595	914.799	97	3
7	861	843.756	915.367	95	3
7	862	850.286	908.552	95	3
7	863	834.387	904.861	95	3
7	864	839.213	907.701	93	3
7	865	847.447	917.07	93	3
7	866	860.79	918.774	93	3
7	867	859.654	924.168	93	3
7	868	835.523	911.959	90	3
7	869	839.497	909.12	90	3
7	870	851.989	923.032	90	3
7	871	854.26	917.922	90	3
7	872	849.718	909.12	92	3
7	873	852.841	914.515	92	3
7	874	857.099	911.392	92	3
7	875	858.519	921.613	94	3
7	876	893.722	940.068	94	3
7	877	906.214	945.178	94	3
7	878	903.943	955.968	94	3
7	879	901.388	954.548	97	3
7	880	861.074	973.855	91	3
7	881	862.209	958.523	91	3
7	882	871.01	958.239	91	3
7	883	871.578	970.164	91	3
7	884	886.341	981.237	91	3
7	885	873.282	967.892	94	3
7	886	866.752	980.385	91	3
7	887	875.553	967.04	93	1
7	888	888.044	984.644	88	1
7	889	887.193	991.458	90	1
7	890	873.565	972.151	90	1
7	891	887.477	972.151	91	1
7	892	851.137	982.088	95	1
7	893	846.879	963.349	95	1
7	894	842.336	959.375	92	1
7	895	845.459	986.063	93	1
7	896	851.989	986.915	93	1
7	897	937.727	944.327	100	4
7	898	911.608	950.857	102	4
7	899	914.163	939.216	102	4
7	900	905.079	938.932	102	4
7	901	909.905	929.563	103	4
7	902	901.956	923.884	103	4
7	903	899.401	910.256	105	4
7	904	953.626	976.694	100	4
7	905	933.469	952.56	102	4
7	906	930.346	957.103	109	4
7	907	924.384	950.289	109	4
7	908	915.583	944.895	109	4
7	909	921.261	918.206	109	4
7	910	912.176	923.032	109	4
7	911	905.646	946.03	107	4
7	912	907.634	937.796	107	4
7	913	891.735	922.465	103	4
7	914	921.166	1022.689	94	4
7	915	917.002	1026.854	94	4
7	916	915.488	1024.582	97	4
7	917	896.94	1010.197	97	4
7	918	866.657	995.811	100	4
7	919	867.414	1003.383	100	4
7	920	864.007	1025.907	101	4
7	921	858.329	1050.135	101	4
7	922	864.007	997.893	94	1
7	923	859.465	1002.436	94	1
7	924	873.092	1004.329	92	1
7	925	981.353	1019.093	102	4
7	926	988.167	1016.443	102	4
7	927	991.195	1026.664	102	4
7	928	996.873	1025.529	102	4
7	929	1002.93	1025.529	102	4
7	930	1008.229	1020.607	102	4
7	931	1001.037	1025.15	105	4
7	932	1008.608	1028.178	105	4
7	933	1002.551	1023.636	100	4
7	934	991.574	1027.421	100	4
7	935	1012.772	1018.336	100	4
7	936	1009.365	1030.071	98	4
7	937	1012.772	1039.914	98	4
7	938	1021.857	1035.75	100	4
7	939	1008.987	1038.778	100	4
7	940	1031.32	1026.664	100	4
7	941	1030.942	1013.793	100	4
7	942	1008.229	1033.1	100	4
7	943	1024.128	1037.264	102	4
7	944	1030.942	1024.014	102	4
7	945	994.224	1038.778	105	4
7	946	1001.794	1041.428	105	4
7	947	1010.879	1041.807	105	4
7	948	1018.829	1041.05	105	4
7	949	1010.501	1054.299	105	4
7	950	1023.371	1053.164	105	4
7	951	1037.377	1059.221	105	4
7	952	1035.863	1070.199	105	4
7	953	1025.264	1075.877	105	4
7	954	1015.422	1078.149	105	4
7	955	1012.015	1069.82	105	4
7	956	1008.608	1063.763	105	4
7	957	1003.309	1045.214	100	4
7	958	1007.472	1052.028	100	4
7	959	1021.857	1050.135	100	4
7	960	1016.557	1055.814	100	4
7	961	1001.416	1045.971	103	4
7	962	1006.337	1054.299	103	4
7	963	1008.987	1064.899	103	4
7	964	1021.1	1043.321	117	4
7	965	1029.049	1047.485	117	4
7	966	1016.557	1046.35	114	4
7	967	1023.371	1055.814	114	4
7	968	1030.563	1058.464	114	4
7	969	1029.049	1056.949	111	4
7	970	1024.128	1065.656	111	4
7	971	1019.586	1063.763	111	4
7	972	1015.422	1059.221	111	4
7	973	1021.478	1045.971	111	4
7	974	1007.472	1062.249	111	4
7	975	1015.422	1046.35	108	4
7	976	1023.749	1050.892	108	4
7	977	1033.213	1058.464	108	4
7	978	1016.179	1061.113	108	4
7	979	1024.128	1074.742	108	4
7	980	1034.727	1069.063	101	4
7	981	1029.806	1063.006	101	4
7	982	1032.834	1060.735	103	4
7	983	1034.348	1071.713	103	4
7	984	1036.998	1080.042	103	4
7	985	1037.755	1089.127	108	4
7	986	1038.134	1081.935	105	4
7	987	1019.964	1087.992	105	4
7	988	1024.885	1097.456	105	4
7	989	1039.648	1100.863	105	4
7	990	1040.405	1093.67	102	4
7	991	1037.755	1100.484	102	4
7	992	1024.885	1103.134	102	4
7	993	1015.8	1100.484	102	4
7	994	1020.343	1078.149	101	4
7	995	1027.913	1077.013	101	4
7	996	1029.427	1022.121	100	4
7	997	1024.128	1020.986	98	4
7	998	1038.134	1018.336	98	4
7	999	1034.348	1008.115	98	4
7	1000	1023.749	1011.522	98	4
7	1001	1031.699	1002.815	98	4
7	1002	1038.512	1019.093	96	4
7	1003	1035.484	1009.25	96	4
7	1004	1023.749	1005.465	96	4
7	1005	1030.185	1018.336	94	4
7	1006	1023.371	999.029	89	1
7	1007	1012.015	1025.15	89	1
7	1008	1006.715	1016.064	89	1
7	1009	1007.472	1005.465	89	1
7	1010	1037.377	997.893	91	1
7	1011	1037.377	1015.307	91	1
7	1012	1009.744	997.136	93	1
7	1013	1003.309	1005.086	93	1
7	1014	1032.077	986.537	92	1
7	1015	1030.185	970.258	92	1
7	1016	1026.399	967.987	94	1
7	1017	1015.043	980.479	94	1
7	1018	1033.591	981.994	94	1
7	1019	1009.365	973.665	96	1
7	1020	1028.67	965.715	96	1
7	1021	1031.32	968.744	98	1
7	1022	1010.879	976.315	98	1
7	1023	1027.913	965.337	101	1
7	1024	1046.462	999.786	106	1
7	1025	1036.62	1000.543	102	1
7	1026	1062.739	1006.6	102	1
7	1027	1051.004	989.565	98	1
7	1028	1061.982	999.786	98	1
7	1029	1063.874	986.537	98	1
7	1030	1061.603	1022.5	90	1
7	1031	1063.874	1010.386	90	1
7	1032	1069.174	998.272	90	1
7	1033	1056.682	987.294	92	1
7	1034	1067.281	986.158	92	1
7	1035	1056.304	1025.907	92	1
7	1036	1050.625	988.808	95	1
7	1037	1055.925	981.615	95	1
7	1038	1063.117	983.887	95	1
7	1039	1036.998	1038.778	89	1
7	1040	1038.134	1030.828	89	1
7	1041	1033.591	1031.207	93	1
7	1042	1034.727	1048.621	98	3
7	1043	1059.332	1021.743	93	3
7	1044	1032.834	989.944	101	3
7	1045	1043.433	997.515	101	3
7	1046	1033.97	985.022	98	3
7	1047	1052.897	1006.979	96	3
7	1048	1055.925	1013.793	95	3
7	1049	961.291	1036.885	91	3
7	1050	957.884	1028.178	91	3
7	1051	958.641	1020.229	91	3
7	1052	1065.767	1079.285	96	3
7	1053	1058.196	1072.092	98	3
7	1054	1068.038	1080.042	98	3
7	1055	1068.038	1074.742	101	3
7	1056	1061.603	1093.291	101	3
7	1057	1072.959	1098.97	101	3
7	1058	1070.688	1112.22	103	3
7	1059	1052.14	1112.598	103	3
7	1060	1042.298	1111.462	103	3
7	1061	1057.061	1109.57	101	3
7	1062	1041.162	1116.005	101	3
7	1063	964.698	1110.705	104	3
7	1064	971.89	1118.277	104	3
7	1065	967.348	1116.005	100	3
7	1066	959.777	1116.005	100	3
7	1067	966.591	1117.519	98	4
7	1068	955.992	1120.548	98	4
7	1069	948.799	1122.441	96	4
7	1070	958.641	1048.242	97	4
7	1071	960.155	1061.871	97	4
7	1072	947.285	1063.385	97	4
7	1073	950.314	1073.228	97	4
7	1074	943.878	1079.285	97	4
7	1075	953.72	1063.763	94	4
7	1076	965.076	1060.356	94	4
7	1077	956.749	1051.649	94	4
7	1078	1034.348	1038.021	119	3
7	1079	1049.868	1031.964	119	3
7	1080	1043.812	1045.592	119	3
7	1081	1037.377	1045.214	114	3
7	1082	1022.235	1029.314	110	3
7	1083	1026.021	1025.529	108	3
7	1084	1027.535	1073.606	87	1
7	1085	1013.908	1083.07	91	1
7	1086	1042.676	1078.149	91	1
7	1087	1039.648	1098.97	91	1
7	1088	1024.507	1072.47	91	1
7	1089	1016.936	1098.97	91	1
7	1090	1001.416	1125.469	103	3
7	1091	965.076	1110.327	103	3
7	1092	974.161	1117.519	103	3
7	1093	1007.472	1061.871	113	3
7	1094	1001.037	1070.199	113	1
7	1095	993.845	1063.385	113	1
7	1096	985.517	1060.735	113	1
7	1097	1030.563	1076.256	113	1
7	1098	1021.857	1078.149	113	1
7	1099	1055.925	1040.671	115	1
7	1100	1053.275	1030.828	115	1
7	1101	1055.168	1054.678	114	1
7	1102	1041.162	1070.578	119	1
7	1103	1033.591	1073.606	119	1
7	1104	1034.727	1079.663	115	1
7	1105	1022.992	1081.177	115	1
7	1106	1016.557	1124.712	103	4
7	1107	996.873	1128.119	101	4
7	1108	1004.444	1122.441	101	4
7	1109	1015.043	1127.741	101	4
7	1110	1019.586	1117.898	101	4
7	1111	1036.998	1089.884	100	4
7	1112	1038.891	1101.998	100	4
7	1113	1041.162	1114.491	100	4
7	1114	1018.829	1100.484	97	4
7	1115	1035.106	1095.184	97	4
7	1116	1036.998	1104.27	97	4
7	1117	1023.371	1117.141	97	4
7	1118	1012.772	1127.741	97	4
7	1119	1024.128	1133.041	97	4
7	1120	1048.733	1106.163	97	4
7	1121	1032.645	1096.131	94	4
7	1122	1020.532	1127.93	94	4
7	1123	1025.453	1082.124	91	4
7	1124	1023.182	1079.852	95	4
7	1125	1018.639	1100.295	99	4
7	1126	1031.509	1087.802	99	4
7	1127	1019.018	1115.059	102	4
7	1128	1021.289	1064.331	102	4
7	1129	963.373	1155.187	92	1
7	1130	973.215	1137.394	92	1
7	1131	963.373	1125.28	92	1
7	1132	956.559	1138.151	92	1
7	1133	919.841	1112.03	88	1
7	1134	907.728	1107.866	88	1
7	1135	902.05	1119.223	88	1
7	1136	912.271	1141.558	91	1
7	1137	896.372	1119.602	91	1
7	1138	889.937	1121.494	91	1
7	1139	924.384	1111.273	91	1
7	1140	930.819	1123.387	90	1
7	1141	922.491	1132.094	90	1
7	1142	911.514	1146.48	95	1
7	1143	938.011	1088.938	103	1
7	1144	934.226	1083.638	103	1
7	1145	916.056	1095.752	103	1
7	1146	924.005	1090.452	100	1
7	1147	919.463	1065.846	94	1
7	1148	920.22	1084.017	94	1
7	1149	906.214	1063.953	97	1
7	1150	912.649	1056.76	97	1
7	1151	922.87	1062.06	97	1
7	1152	926.655	1071.524	97	1
7	1153	909.621	1080.988	100	1
7	1154	907.35	1071.524	100	1
7	1155	925.519	1071.145	100	1
7	1156	970.187	1135.88	94	3
7	1157	964.509	1153.294	93	3
7	1158	969.43	1129.823	94	3
8	1159	1106.459	992.215	116	1
8	1160	1119.708	961.551	116	4
8	1161	1109.109	971.773	116	4
8	1162	1121.696	967.892	116	4
8	1163	1100.687	979.249	114	4
8	1164	1108.636	977.262	114	4
8	1165	1113.746	969.88	114	4
8	1166	1116.869	964.201	114	4
8	1167	1120.276	961.078	114	4
8	1168	1106.933	976.126	111	4
8	1169	1111.191	972.435	111	4
8	1170	1112.611	963.349	111	4
8	1171	1121.128	957.387	111	4
8	1172	1129.077	955.116	111	4
8	1173	1135.607	953.98	111	4
8	1174	1112.327	963.349	109	4
8	1175	1114.882	955.968	109	4
8	1176	1121.696	953.128	109	4
8	1177	1128.793	953.98	109	4
8	1178	1135.891	957.103	109	4
8	1179	1124.818	959.942	109	4
8	1180	1118.289	960.794	106	4
8	1181	1127.374	957.103	106	4
8	1182	1134.471	962.498	106	4
8	1183	1148.666	955.4	106	4
8	1184	1154.628	945.746	106	4
8	1185	1148.382	942.907	106	4
8	1186	1141.853	942.623	106	4
8	1187	1102.958	978.397	112	4
8	1188	1102.674	986.347	112	4
8	1189	1108.636	984.928	112	4
8	1190	1101.822	955.4	112	4
8	1191	1094.441	959.658	106	4
8	1192	1096.428	951.425	106	4
8	1193	1104.945	955.684	106	4
8	1194	1091.602	969.596	109	4
8	1195	1095.577	960.226	109	4
8	1196	1097.564	951.141	109	4
8	1197	1135.323	964.485	104	4
8	1198	1157.467	942.055	104	4
8	1199	1150.653	946.03	104	4
8	1200	1145.827	936.661	104	4
8	1201	1133.619	951.709	104	4
8	1202	1140.149	950.005	104	4
8	1203	1141.569	956.819	104	4
8	1204	1159.738	965.053	104	4
8	1205	1144.408	966.189	104	4
8	1206	1143.84	945.746	104	4
8	1207	1151.789	942.055	102	4
8	1208	1160.59	937.796	102	4
8	1209	1119.992	958.807	96	4
8	1210	1133.903	970.448	96	4
8	1211	1146.395	979.249	96	4
8	1212	1152.357	989.754	96	4
8	1213	1141.285	981.237	98	4
8	1214	1127.09	964.485	98	4
8	1215	1143.272	990.89	98	4
8	1216	1153.493	990.322	98	4
8	1217	1144.408	994.013	101	4
8	1218	1141.853	986.915	101	4
8	1219	1138.162	981.804	101	4
8	1220	1131.064	977.262	101	4
8	1221	1123.399	967.892	101	4
8	1222	1130.213	962.498	101	4
8	1223	1133.903	967.892	101	4
8	1224	1149.234	980.101	101	4
8	1225	1140.717	992.026	103	4
8	1226	1142.42	982.94	103	4
8	1227	1137.878	953.128	106	4
8	1228	1153.776	944.327	101	4
8	1229	1133.335	972.435	98	4
8	1230	1137.594	951.425	108	4
8	1231	1142.704	963.066	108	4
8	1232	1153.493	971.867	103	4
8	1233	1163.145	965.053	103	4
8	1234	1143.84	943.759	108	4
8	1235	1150.086	937.513	108	4
8	1236	1157.467	950.857	108	4
8	1237	1091.034	933.822	97	4
8	1238	1085.356	930.131	97	4
8	1239	1100.687	936.945	94	4
8	1240	1090.182	933.254	94	4
8	1241	1105.229	904.861	94	4
8	1242	1115.166	906.565	94	4
8	1243	1136.742	966.473	103	4
8	1244	1160.969	1070.767	109	4
8	1245	1154.534	1062.06	107	4
8	1246	1143.177	1066.224	107	4
8	1247	1151.505	1076.445	107	4
8	1248	1147.72	1059.789	107	4
8	1249	1150.937	1062.155	105	4
8	1250	1141.853	1059.315	105	4
8	1251	1150.086	1070.104	103	4
8	1252	1151.221	1059.315	103	4
8	1253	1144.124	1053.353	103	4
8	1254	1140.149	1058.464	103	4
8	1255	1146.679	1069.253	100	4
8	1256	1153.493	1064.994	100	4
8	1257	1152.073	1057.328	100	4
8	1258	1143.556	1050.23	100	4
8	1259	1136.175	1049.662	100	4
8	1260	1144.124	1065.562	98	4
8	1261	1154.344	1065.846	98	4
8	1262	1154.06	1055.908	98	4
8	1263	1144.408	1049.378	98	4
8	1264	1136.458	1045.403	98	4
8	1265	1167.404	1059.315	98	4
8	1266	1147.531	1074.647	105	4
8	1267	1144.975	1070.672	101	4
8	1268	1154.628	1062.438	101	4
8	1269	1146.963	1067.833	99	4
8	1270	1152.641	1064.994	97	4
8	1271	1155.764	1066.981	95	4
8	1272	1164.281	1075.783	95	4
8	1273	1163.429	1079.19	94	4
8	1274	1167.404	1070.104	95	4
8	1275	1165.416	1059.883	95	4
8	1276	1154.628	1052.217	95	4
8	1277	1146.679	1062.722	95	4
8	1278	1185.857	1059.031	96	4
8	1279	1172.514	1059.315	96	4
8	1280	1182.734	1058.464	98	4
8	1281	1186.141	1064.71	98	4
8	1282	1183.586	1060.167	100	4
8	1283	1188.98	1056.192	98	4
8	1284	1106.081	1033.762	92	4
8	1285	1113.462	1032.911	92	4
8	1286	1117.437	1038.305	92	4
8	1287	1111.475	1040.293	92	4
8	1288	1110.339	1013.036	95	4
8	1289	1106.365	1011.048	95	4
8	1290	1102.106	1027.8	95	4
8	1291	1105.513	1037.737	95	4
8	1292	1109.488	1047.958	95	4
8	1293	1116.869	1054.773	95	4
8	1294	1126.806	1046.255	95	4
8	1295	1120.276	1040.009	95	4
8	1296	1118.005	1032.627	95	4
8	1297	1105.513	1049.662	97	4
8	1298	1118.573	1050.514	97	4
8	1299	1112.327	1032.911	97	4
8	1300	1119.708	1034.33	97	4
8	1301	1123.399	1041.144	97	4
8	1302	1132.484	1045.119	97	4
8	1303	1111.191	1036.318	100	4
8	1304	1117.721	1036.034	100	4
8	1305	1119.424	1043.416	100	4
8	1306	1112.327	1034.33	98	4
8	1307	1103.81	1019.566	95	4
8	1308	1105.797	1016.159	97	4
8	1309	1114.598	1038.305	95	4
8	1310	1104.945	1036.885	97	4
8	1311	1101.822	1044.267	95	4
9	1312	1321.846	1069.82	94	4
9	1313	1311.247	1085.72	94	4
9	1314	1305.569	1087.992	97	4
9	1315	1311.626	1094.806	97	4
9	1316	1317.682	1103.134	97	4
9	1317	1319.196	1084.206	100	4
9	1318	1313.897	1098.213	100	4
9	1319	1320.332	1117.141	100	4
9	1320	1316.168	1125.091	100	4
9	1321	1317.682	1112.598	97	4
9	1322	1316.168	1126.226	97	4
9	1323	1307.84	1135.312	97	4
9	1324	1332.445	1137.583	97	4
9	1325	1307.083	1150.076	97	4
9	1326	1310.112	1158.783	97	4
9	1327	1306.326	1162.947	97	4
9	1328	1302.919	1169.004	97	4
9	1329	1315.79	1176.575	110	4
9	1330	1304.434	1187.932	108	4
9	1331	1323.739	1169.383	108	4
9	1332	1316.168	1173.168	108	4
9	1333	1308.976	1173.925	108	4
9	1334	1304.812	1174.304	105	4
9	1335	1324.874	1174.304	105	4
9	1336	1320.711	1165.976	105	4
9	1337	1304.434	1173.925	102	4
9	1338	1308.219	1161.811	102	4
9	1339	1319.196	1164.461	102	4
9	1340	1325.632	1168.247	102	4
9	1341	1326.767	1174.683	102	4
9	1342	1321.846	1179.604	102	4
9	1343	1325.253	1170.518	99	4
9	1344	1303.298	1173.547	99	4
9	1345	1322.982	1154.24	99	4
9	1346	1331.31	1145.912	99	4
9	1347	1333.959	1139.476	99	4
9	1348	1324.874	1148.562	93	4
9	1349	1330.552	1137.583	93	4
9	1350	1330.931	1130.769	93	4
9	1351	1325.632	1124.712	93	4
9	1352	1335.473	1144.398	93	4
9	1353	1318.061	1124.334	93	4
9	1354	1341.909	1141.748	93	4
9	1355	1343.044	1139.855	68	4
9	1356	1344.558	1130.769	68	4
9	1357	1335.095	1110.327	68	4
9	1358	1331.688	1099.727	68	4
9	1359	1339.637	1139.855	71	4
9	1360	1346.83	1116.384	71	4
9	1361	1335.852	1122.441	71	4
9	1362	1326.01	1115.248	71	4
9	1363	1331.688	1099.727	71	4
9	1364	1322.982	1124.712	74	4
9	1365	1325.253	1112.977	74	4
9	1366	1345.315	1116.762	74	4
9	1367	1335.852	1108.434	74	4
9	1368	1342.287	1102.377	74	4
9	1369	1364.621	1097.456	74	4
9	1370	1355.536	1108.055	74	4
9	1371	1316.925	1105.784	74	4
9	1372	1313.897	1097.834	74	4
9	1373	1304.055	1102.756	74	4
9	1374	1308.598	1094.049	74	4
9	1375	1298.755	1091.02	74	4
9	1376	1295.349	1098.591	74	4
9	1377	1293.077	1104.27	74	4
9	1378	1309.733	1106.92	77	4
9	1379	1317.304	1098.213	77	4
9	1380	1309.733	1088.749	77	4
9	1381	1303.298	1103.134	77	4
9	1382	1298.755	1090.263	80	4
9	1383	1311.247	1088.37	80	4
9	1384	1307.462	1092.534	80	4
9	1385	1341.152	1106.92	77	4
9	1386	1307.083	1130.391	77	4
9	1387	1310.112	1120.927	77	4
9	1388	1324.496	1114.491	77	4
9	1389	1312.761	1117.141	77	4
9	1390	1324.496	1131.148	77	4
9	1391	1326.389	1116.005	80	4
9	1392	1310.869	1118.655	80	4
9	1393	1305.948	1125.091	80	4
9	1394	1310.869	1137.962	83	4
9	1395	1310.112	1119.034	83	4
9	1396	1316.168	1120.548	83	4
9	1397	1312.004	1137.583	86	4
9	1398	1304.055	1142.883	86	4
9	1399	1298.377	1131.905	86	4
9	1400	1313.518	1122.062	86	4
9	1401	1288.157	1129.255	86	4
9	1402	1275.665	1120.927	86	4
9	1403	1261.28	1127.741	86	4
9	1404	1264.687	1138.34	86	4
9	1405	1260.902	1125.091	89	4
9	1406	1270.744	1122.441	89	4
9	1407	1278.315	1122.819	89	4
9	1408	1284.75	1121.684	89	4
9	1409	1270.744	1139.098	89	4
9	1410	1266.959	1137.205	91	4
9	1411	1270.365	1123.198	91	4
9	1412	1258.252	1120.548	91	4
9	1413	1287.399	1122.819	91	4
9	1414	1259.009	1130.769	91	4
9	1415	1237.433	1102.377	98	1
9	1416	1254.467	1092.156	96	1
9	1417	1240.461	1113.734	96	1
9	1418	1233.269	1106.541	94	3
9	1419	1232.512	1117.898	94	3
9	1420	1241.597	1119.034	94	3
9	1421	1244.246	1110.327	94	3
9	1422	1232.89	1117.898	92	3
9	1423	1241.597	1119.791	92	3
9	1424	1237.054	1133.041	94	3
9	1425	1227.591	1145.155	92	3
9	1426	1240.083	1149.319	92	3
9	1427	1243.868	1141.748	92	3
9	1428	1243.489	1132.283	92	3
9	1429	1237.433	1134.933	92	3
9	1430	1268.094	1175.061	94	1
9	1431	1239.704	1176.575	94	1
9	1432	1272.258	1156.133	92	1
9	1433	1271.501	1159.161	90	1
9	1434	1261.659	1157.647	90	1
9	1435	1253.331	1165.597	90	1
9	1436	1275.665	1184.147	90	1
9	1437	1282.479	1175.44	90	1
9	1438	1266.58	1179.982	90	1
9	1439	1271.122	1181.875	87	1
9	1440	1261.28	1176.197	87	1
9	1441	1207.15	1117.519	87	1
9	1442	1193.901	1117.141	90	1
9	1443	1206.393	1112.977	90	1
9	1444	1201.472	1150.833	92	1
9	1445	1208.286	1129.634	92	1
9	1446	1188.602	1133.798	90	1
9	1447	1235.919	1122.819	82	1
9	1448	1232.512	1101.62	85	1
9	1449	1227.591	1130.012	85	1
9	1450	1243.868	1141.369	88	1
9	1451	1235.919	1142.126	88	1
9	1452	1283.614	1104.648	71	1
9	1453	1297.998	1099.727	71	1
9	1454	1301.405	1093.291	71	1
9	1455	1278.315	1098.591	69	1
9	1456	1325.253	1172.411	82	1
9	1457	1332.824	1168.247	82	1
9	1458	1323.739	1158.783	82	1
9	1459	1333.202	1160.676	79	1
9	1460	1321.468	1164.083	79	1
9	1461	1329.038	1184.904	76	1
9	1462	1326.767	1168.247	76	1
9	1463	1320.711	1160.676	76	1
9	1464	1314.654	1163.326	76	1
9	1465	1270.744	1143.262	75	3
9	1466	1279.072	1137.962	75	3
9	1467	1291.185	1149.319	75	3
9	1468	1301.784	1148.183	75	3
9	1469	1302.919	1148.562	77	3
9	1470	1292.32	1147.426	77	3
9	1471	1279.072	1151.59	77	3
9	1472	1276.422	1158.404	77	3
9	1473	1278.693	1140.233	77	3
9	1474	1277.558	1152.347	79	3
9	1475	1273.772	1158.404	79	3
9	1476	1191.251	1150.455	97	3
9	1477	1197.686	1145.533	94	3
9	1478	1199.958	1140.612	92	3
9	1479	1200.336	1134.555	92	3
9	1480	1210.557	1143.262	90	3
9	1481	1213.207	1131.148	90	3
9	1482	1199.201	1138.719	90	3
9	1483	1219.642	1140.99	90	4
9	1484	1223.427	1134.176	90	4
9	1485	1230.619	1129.255	90	4
9	1486	1227.212	1123.955	90	4
9	1487	1232.89	1120.548	90	4
9	1488	1231.376	1115.627	90	4
9	1489	1235.919	1152.347	90	4
9	1490	1242.732	1139.855	90	4
9	1491	1231.376	1120.927	86	4
9	1492	1240.84	1108.434	86	4
9	1493	1239.704	1122.819	86	4
9	1494	1226.077	1118.655	86	4
9	1495	1228.348	1129.255	86	4
9	1496	1224.941	1131.905	92	4
9	1497	1227.969	1120.548	87	4
9	1498	1231.376	1106.163	87	4
9	1499	1237.054	1118.655	87	4
9	1500	1280.964	1134.176	90	4
9	1501	1314.654	1144.019	88	4
9	1502	1315.979	1024.393	85	4
9	1503	1306.137	1023.257	85	4
9	1504	1264.119	997.136	85	4
9	1505	1250.114	1003.572	85	4
9	1506	1313.708	1023.257	87	4
9	1507	1304.244	1024.393	87	4
9	1508	1290.238	1019.093	87	4
9	1509	1261.848	997.136	87	4
9	1510	1247.464	1001.301	87	4
9	1511	1322.414	1024.393	90	4
9	1512	1309.544	1015.686	90	4
9	1513	1292.131	1015.686	90	4
9	1514	1283.046	1008.872	90	4
9	1515	1274.34	1004.329	90	4
9	1516	1272.069	995.243	90	4
9	1517	1261.848	992.972	90	4
9	1518	1318.25	1020.986	90	4
9	1519	1302.541	1018.714	90	4
9	1520	1320.995	1017.863	92	4
10	1521	1150.748	1021.175	72	4
10	1522	1151.884	1017.011	74	4
10	1523	1153.398	1025.339	70	4
10	1524	1155.669	1016.254	70	4
10	1525	1156.805	1010.197	70	4
10	1526	1149.991	1019.282	67	4
10	1527	1157.183	1012.468	67	4
10	1528	1142.799	973.476	68	4
10	1529	1136.742	971.205	68	4
10	1530	1141.663	963.633	68	4
10	1531	1133.714	951.519	68	4
10	1532	1128.415	945.462	68	4
10	1533	1132.578	937.134	68	4
10	1534	1125.765	931.456	68	4
10	1535	1132.578	924.641	68	4
10	1536	1131.821	931.456	68	4
10	1537	1149.802	944.895	68	4
10	1538	1143.934	949.248	68	4
10	1539	1151.884	957.576	68	4
10	1540	1137.689	1018.904	69	4
10	1541	1151.316	1023.446	69	4
10	1542	1145.259	1035.939	69	4
10	1543	1157.373	1014.739	69	4
10	1544	1153.209	939.027	68	4
10	1545	1127.468	952.655	70	4
10	1546	1130.496	945.462	70	4
10	1547	1135.417	938.27	70	4
10	1548	1149.802	939.027	70	4
10	1549	1144.502	946.598	70	4
10	1550	1154.344	929.563	68	4
10	1551	1161.915	925.398	68	4
10	1552	1161.536	917.449	68	4
10	1553	1152.073	917.449	68	4
10	1554	1167.593	910.256	68	4
10	1555	1162.293	924.641	70	4
10	1556	1163.429	917.827	70	4
10	1557	1166.079	912.149	70	4
10	1558	1179.044	882.999	63	4
10	1559	1174.785	880.444	63	4
10	1560	1170.811	883.567	63	4
10	1561	1171.378	892.085	63	4
10	1562	1168.255	890.381	66	4
10	1563	1156.332	892.653	66	4
10	1564	1152.641	883.567	68	4
10	1565	1139.014	884.703	68	4
10	1566	1138.162	891.801	68	4
10	1567	1135.607	886.974	70	4
10	1568	1122.831	884.419	70	4
10	1569	1132.2	882.715	70	4
10	1570	1148.95	898.047	70	4
10	1571	1141.569	886.123	72	4
10	1572	1133.903	883.851	72	4
10	1573	1123.115	878.457	72	4
10	1574	1121.696	886.123	72	4
10	1575	1125.954	903.726	72	4
10	1576	1109.488	880.444	73	4
10	1577	1109.772	884.135	73	4
10	1578	1100.403	881.296	73	4
10	1579	1101.822	893.221	73	4
10	1580	1122.263	903.726	73	4
10	1581	1139.581	887.826	73	4
10	1582	1134.471	879.024	73	4
10	1583	1132.2	873.63	73	4
10	1584	1125.67	874.482	73	4
10	1585	1119.14	907.133	75	4
10	1586	1107.217	900.319	75	4
10	1587	1126.806	904.861	75	4
10	1588	1132.484	900.603	75	4
10	1589	1131.916	891.801	75	4
10	1590	1138.73	877.321	75	4
10	1591	1134.755	870.507	75	4
10	1592	1127.941	870.791	75	4
10	1593	1117.721	870.223	75	4
10	1594	1110.907	860.286	75	4
10	1595	1112.043	880.16	75	4
10	1596	1107.5	888.11	75	4
10	1597	1098.416	880.728	75	4
10	1598	1085.356	881.864	75	4
10	1599	1083.937	890.949	75	4
10	1600	1079.962	897.763	75	4
10	1601	1070.877	897.763	75	4
10	1602	1064.063	900.319	75	4
10	1603	1136.742	889.246	77	4
10	1604	1135.607	877.889	77	4
10	1605	1129.361	896.628	77	4
10	1606	1126.238	904.294	77	4
10	1607	1131.348	872.21	77	4
10	1608	1115.45	909.12	77	4
10	1609	1110.623	899.183	77	4
10	1610	1107.217	886.69	77	4
10	1611	1100.403	890.665	77	4
10	1612	1108.92	879.592	77	4
10	1613	1114.314	871.926	77	4
10	1614	1108.636	864.544	77	4
10	1615	1105.513	859.15	77	4
10	1616	1102.674	852.62	77	4
10	1617	1136.742	877.321	79	4
10	1618	1064.347	898.899	77	4
10	1619	1064.347	889.53	76	4
10	1620	1068.322	895.208	73	1
10	1621	1074.852	881.012	73	3
10	1622	1093.589	880.16	73	3
10	1623	1090.466	876.753	71	3
10	1624	1093.873	881.296	71	3
10	1625	1093.589	878.741	69	3
10	1626	1213.396	903.253	47	4
10	1627	1206.582	902.117	47	4
10	1628	1217.56	905.524	44	4
10	1629	1229.294	901.36	41	4
10	1630	1235.729	901.36	40	4
10	1631	1246.328	885.46	40	4
10	1632	1235.351	882.432	40	4
10	1633	1252.006	910.824	40	4
10	1634	1242.543	908.552	37	4
10	1635	1250.871	916.881	37	4
10	1636	1240.272	897.574	37	4
10	1637	1233.837	882.81	37	4
10	1638	1226.644	871.075	37	4
10	1639	1239.136	910.824	35	4
10	1640	1247.843	905.903	35	4
10	1641	1254.278	916.502	35	4
10	1642	1227.307	882.715	37	4
10	1643	1235.54	890.381	37	4
10	1644	1266.485	812.87	33	4
10	1645	1260.523	807.192	33	4
10	1646	1251.439	806.908	33	4
10	1647	1249.451	798.39	33	4
10	1648	1255.981	796.403	33	4
10	1649	1266.485	796.119	33	4
10	1650	1259.672	813.722	35	4
10	1651	1256.549	807.192	35	4
10	1652	1254.278	802.649	35	4
10	1653	1264.214	798.107	35	4
10	1654	1267.621	802.365	35	4
10	1655	1259.388	810.883	38	3
10	1656	1255.981	804.069	38	3
10	1657	1263.362	801.514	38	3
10	1658	1271.028	799.242	38	3
10	1659	1275.854	807.192	38	3
10	1660	1272.447	812.587	38	3
10	1661	1270.744	817.697	38	3
10	1662	1278.409	795.835	40	3
10	1663	1274.719	798.958	43	3
10	1664	1271.312	810.031	43	1
10	1665	1282.384	808.328	43	1
10	1666	1291.469	796.971	41	1
10	1667	1282.384	799.242	41	1
10	1668	1265.918	828.486	36	1
10	1669	1275.854	822.24	36	1
10	1670	1242.354	783.059	31	3
10	1671	1175.921	904.578	48	4
10	1672	1167.12	907.133	48	4
10	1673	1161.442	912.811	48	4
10	1674	1171.662	917.07	48	4
10	1675	1158.887	903.726	48	4
10	1676	1146.111	899.183	48	4
10	1677	1143.272	902.306	48	4
10	1678	1135.891	900.035	48	4
10	1679	1141.285	895.492	48	4
10	1680	1152.641	890.665	48	4
10	1681	1130.78	894.356	48	4
10	1682	1131.632	887.542	48	4
10	1683	1174.501	905.713	46	4
10	1684	1163.713	904.578	46	4
10	1685	1156.899	913.379	46	4
10	1686	1168.823	919.909	46	4
10	1687	1150.653	905.997	46	4
10	1688	1143.556	901.17	46	4
10	1689	1153.209	892.369	46	4
10	1690	1149.802	885.555	46	4
10	1691	1128.225	892.937	46	4
10	1692	1147.531	906.565	44	4
10	1693	1158.035	893.788	44	4
10	1694	1167.688	895.208	44	4
10	1695	1144.124	892.937	44	4
10	1696	1158.319	893.221	42	4
10	1697	1166.552	892.085	42	4
10	1698	1142.42	904.861	50	4
10	1699	1145.827	899.183	50	4
10	1700	1137.31	887.258	44	3
10	1701	1130.78	886.123	44	3
10	1702	1115.166	871.359	44	3
10	1703	1133.903	876.185	42	3
10	1704	1130.78	888.394	42	3
10	1705	1136.175	860.57	40	3
10	1706	1129.077	850.064	39	2
10	1707	1132.768	865.112	39	2
10	1708	1134.471	862.273	43	2
10	1709	1117.437	861.137	43	2
10	1710	1110.623	866.816	43	2
10	1711	1118.289	884.419	45	3
10	1712	1133.619	857.446	50	3
10	1713	1135.607	868.803	50	3
10	1714	1142.704	863.693	50	3
10	1715	1136.175	875.05	50	3
10	1716	1143.272	874.198	50	3
10	1717	1134.471	869.371	48	3
10	1718	1137.026	877.321	48	3
10	1719	1127.09	860.853	48	3
10	1720	1127.374	859.718	46	3
10	1721	1168.539	887.542	52	2
10	1722	1132.768	919.625	52	1
10	1723	1136.175	905.145	54	1
10	1724	1158.319	908.836	54	1
10	1725	1143.556	928.711	56	1
10	1726	1107.5	897.763	33	3
10	1727	1117.721	890.097	33	3
10	1728	1121.412	890.949	33	3
10	1729	1122.547	895.776	35	3
10	1730	1106.933	894.924	35	3
10	1731	1112.043	903.726	36	4
10	1732	1123.399	898.047	36	4
10	1733	1116.585	914.231	36	4
10	1734	1130.78	912.527	36	4
10	1735	1126.238	903.158	38	4
10	1736	1127.941	917.07	38	4
10	1737	1137.31	912.243	38	4
10	1738	1143.272	911.392	38	4
10	1739	1136.742	921.329	38	4
10	1740	1148.382	936.945	38	4
10	1741	1157.183	938.648	38	4
10	1742	1160.022	932.97	38	4
10	1743	1145.259	936.661	40	4
10	1744	1156.332	934.957	40	4
10	1745	1149.518	918.774	40	4
10	1746	1152.357	930.131	38	4
10	1747	1146.963	921.329	36	4
10	1748	1151.221	931.55	36	4
10	1749	1148.098	956.819	40	1
10	1750	1156.899	957.671	40	1
10	1751	1154.912	963.349	43	1
10	1752	1154.344	972.435	43	4
10	1753	1237.244	932.686	43	4
10	1754	1234.688	940.352	43	4
10	1755	1230.998	946.314	43	4
10	1756	1238.095	942.623	40	4
10	1757	1237.244	951.993	40	4
10	1758	1238.947	960.51	40	4
10	1759	1232.701	955.684	43	1
10	1760	1227.307	960.51	43	1
10	1761	1232.985	964.769	43	1
10	1762	1227.307	970.164	43	1
10	1763	1231.849	960.226	37	1
10	1764	1229.578	971.583	37	1
10	1765	1225.887	951.993	40	1
10	1766	1257.968	955.4	56	4
10	1767	1257.401	946.314	56	4
10	1768	1258.82	941.204	56	4
10	1769	1256.549	957.103	58	4
10	1770	1261.659	938.932	58	4
10	1771	1262.511	937.513	61	4
10	1772	1260.807	930.698	61	4
10	1773	1258.252	931.834	64	4
10	1774	1261.659	936.093	64	4
10	1775	1258.536	931.266	66	4
10	1776	1253.71	928.995	66	4
10	1777	1257.684	929.563	68	4
10	1778	1247.464	938.648	68	4
10	1779	1249.735	934.389	68	1
10	1780	1239.799	926.156	62	4
10	1781	1238.663	919.909	62	4
10	1782	1232.701	913.947	60	4
10	1783	1234.972	907.701	60	4
10	1784	1242.638	900.887	59	4
10	1785	1227.591	914.515	61	4
10	1786	1238.379	927.291	60	4
10	1787	1240.934	940.352	60	4
10	1788	1241.218	921.897	60	4
10	1789	1240.366	929.279	58	4
10	1790	1263.362	921.329	57	4
10	1791	1275.002	925.872	57	4
10	1792	1275.854	934.389	57	4
10	1793	1263.079	928.143	54	4
10	1794	1273.015	923.6	54	4
10	1795	1283.803	920.477	54	4
10	1796	1279.829	924.452	54	4
10	1797	1279.261	927.007	52	4
10	1798	1286.359	923.884	52	4
10	1799	1276.422	934.673	51	4
10	1800	1257.401	956.251	60	4
10	1801	1255.981	986.347	55	4
10	1802	1260.523	986.631	55	4
10	1803	1269.608	1011.332	56	4
10	1804	1257.968	1008.777	56	4
10	1805	1267.905	1014.172	59	4
10	1806	1260.523	1013.888	59	4
10	1807	1255.413	988.051	59	4
10	1808	1255.413	1002.815	59	4
10	1809	1238.095	1007.925	60	4
10	1810	1235.256	1016.159	60	4
10	1811	1231.849	1021.27	60	4
10	1812	1229.01	1026.948	60	4
10	1813	1246.328	1038.873	60	4
10	1814	1252.006	1034.614	60	4
10	1815	1242.922	1036.602	63	4
10	1816	1242.922	1040.293	63	4
10	1817	1224.184	1032.059	63	4
10	1818	1226.455	1026.38	63	4
10	1819	1230.998	1022.689	63	4
10	1820	1236.108	1020.134	63	4
10	1821	1241.218	1016.443	63	4
10	1822	1235.824	1032.911	63	4
10	1823	1222.765	1029.787	66	4
10	1824	1231.282	1027.516	66	4
10	1825	1230.714	1025.245	68	4
10	1826	1222.765	1019.282	68	4
10	1827	1218.79	1016.727	68	4
10	1828	1232.417	1024.677	70	4
10	1829	1223.9	1018.714	70	4
10	1830	1226.171	1022.405	73	4
10	1831	1235.256	1025.529	73	4
10	1832	1219.926	1053.921	82	1
10	1833	1239.515	1045.403	82	1
10	1834	1209.421	1057.044	82	1
10	1835	1222.765	1061.303	80	1
10	1836	1208.569	1061.019	80	1
10	1837	1208.002	1053.637	80	1
10	1838	1255.981	1041.712	80	1
10	1839	1245.761	1029.22	80	1
10	1840	1245.193	1052.501	80	1
10	1841	1217.654	1066.413	77	1
10	1842	1234.972	1064.994	77	1
10	1843	1223.616	1056.476	75	1
10	1844	1217.654	1055.057	75	1
10	1845	1221.345	1057.044	73	1
10	1846	1211.692	1088.843	73	1
10	1847	1216.235	1090.547	71	1
10	1848	1225.604	1073.795	68	1
10	1849	1185.006	1100.768	60	1
10	1850	1180.463	1117.236	60	1
10	1851	1173.65	1113.261	63	1
10	1852	1195.226	1117.519	66	1
10	1853	1184.154	1118.371	68	1
10	1854	1196.078	1116.1	68	1
10	1855	1172.798	1105.595	70	1
10	1856	1167.404	1097.077	70	1
10	1857	1179.044	1105.027	72	1
10	1858	1278.977	1056.76	63	1
10	1859	1270.46	1062.155	63	1
10	1860	1262.795	1053.921	63	1
10	1861	1270.176	1044.551	63	1
10	1862	1276.706	1090.831	60	1
10	1863	1267.905	1057.612	58	1
10	1864	1272.731	1041.996	58	1
10	1865	1271.028	1055.908	55	1
10	1866	1273.299	1043.132	55	1
10	1867	1251.439	1079.758	54	1
10	1868	1251.155	1071.24	54	1
10	1869	1262.795	1062.438	51	1
10	1870	1250.587	1076.351	51	1
10	1871	1232.417	1045.403	46	1
10	1872	1228.443	1038.589	46	1
10	1873	1230.43	1043.132	46	1
10	1874	1227.875	1030.923	46	1
10	1875	1283.803	1017.579	78	1
10	1876	1276.138	1017.579	78	1
10	1877	1274.719	1004.234	78	1
10	1878	1276.99	992.594	78	1
10	1879	1274.719	1018.147	75	1
10	1880	1269.608	1013.036	75	1
10	1881	1274.435	994.581	75	1
10	1882	1267.905	1010.765	72	1
10	1883	1292.888	1013.036	69	1
10	1884	1290.617	1001.679	69	3
10	1885	1297.147	1001.679	69	3
10	1886	1286.075	974.139	69	3
10	1887	1277.274	987.767	67	3
10	1888	1275.002	981.521	67	3
10	1889	1293.172	976.126	72	3
10	1890	1295.727	971.583	71	3
10	1891	1295.727	966.189	69	1
10	1892	1296.295	961.362	67	1
10	1893	1278.409	1008.777	54	4
10	1894	1279.261	1009.345	58	4
10	1895	1287.494	1009.629	50	4
10	1896	1297.147	1006.222	50	4
10	1897	1293.74	1007.641	47	4
10	1898	1303.393	1012.468	47	4
10	1899	1309.355	1016.159	47	4
10	1900	1291.469	1003.667	44	4
10	1901	1298.282	1006.506	44	4
10	1902	1309.355	1017.579	44	4
10	1903	1309.638	1024.109	44	4
10	1904	1313.045	1015.307	42	4
10	1905	1314.749	1022.973	42	4
10	1906	1322.698	1038.021	42	4
